log10_target,solved,evaluations,fid,iid,rep,dim,param_id
2.0,True,1,22,101,1,5,default
1.8,True,2,22,101,1,5,default
1.6,True,57,22,101,1,5,default
1.4,True,57,22,101,1,5,default
1.2,True,153,22,101,1,5,default
1.0,False,1296,22,101,1,5,default
0.8,False,1296,22,101,1,5,default
0.6,False,1296,22,101,1,5,default
0.4,False,1296,22,101,1,5,default
0.2,False,1296,22,101,1,5,default
0.0,False,1296,22,101,1,5,default
-0.2,False,1296,22,101,1,5,default
-0.4,False,1296,22,101,1,5,default
-0.6,False,1296,22,101,1,5,default
-0.8,False,1296,22,101,1,5,default
-1.0,False,1296,22,101,1,5,default
-1.2,False,1296,22,101,1,5,default
-1.4,False,1296,22,101,1,5,default
-1.6,False,1296,22,101,1,5,default
-1.8,False,1296,22,101,1,5,default
-2.0,False,1296,22,101,1,5,default
-2.2,False,1296,22,101,1,5,default
-2.4,False,1296,22,101,1,5,default
-2.6,False,1296,22,101,1,5,default
-2.8,False,1296,22,101,1,5,default
-3.0,False,1296,22,101,1,5,default
-3.2,False,1296,22,101,1,5,default
-3.4,False,1296,22,101,1,5,default
-3.6,False,1296,22,101,1,5,default
-3.8,False,1296,22,101,1,5,default
-4.0,False,1296,22,101,1,5,default
-4.2,False,1296,22,101,1,5,default
-4.4,False,1296,22,101,1,5,default
-4.6,False,1296,22,101,1,5,default
-4.8,False,1296,22,101,1,5,default
-5.0,False,1296,22,101,1,5,default
-5.2,False,1296,22,101,1,5,default
-5.4,False,1296,22,101,1,5,default
-5.6,False,1296,22,101,1,5,default
-5.8,False,1296,22,101,1,5,default
-6.0,False,1296,22,101,1,5,default
-6.2,False,1296,22,101,1,5,default
-6.4,False,1296,22,101,1,5,default
-6.6,False,1296,22,101,1,5,default
-6.8,False,1296,22,101,1,5,default
-7.0,False,1296,22,101,1,5,default
-7.2,False,1296,22,101,1,5,default
-7.4,False,1296,22,101,1,5,default
-7.6,False,1296,22,101,1,5,default
-7.8,False,1296,22,101,1,5,default
-8.0,False,1296,22,101,1,5,default
2.0,True,1,22,102,1,5,default
1.8,True,6,22,102,1,5,default
1.6,True,6,22,102,1,5,default
1.4,True,21,22,102,1,5,default
1.2,True,21,22,102,1,5,default
1.0,False,1352,22,102,1,5,default
0.8,False,1352,22,102,1,5,default
0.6,False,1352,22,102,1,5,default
0.4,False,1352,22,102,1,5,default
0.2,False,1352,22,102,1,5,default
0.0,False,1352,22,102,1,5,default
-0.2,False,1352,22,102,1,5,default
-0.4,False,1352,22,102,1,5,default
-0.6,False,1352,22,102,1,5,default
-0.8,False,1352,22,102,1,5,default
-1.0,False,1352,22,102,1,5,default
-1.2,False,1352,22,102,1,5,default
-1.4,False,1352,22,102,1,5,default
-1.6,False,1352,22,102,1,5,default
-1.8,False,1352,22,102,1,5,default
-2.0,False,1352,22,102,1,5,default
-2.2,False,1352,22,102,1,5,default
-2.4,False,1352,22,102,1,5,default
-2.6,False,1352,22,102,1,5,default
-2.8,False,1352,22,102,1,5,default
-3.0,False,1352,22,102,1,5,default
-3.2,False,1352,22,102,1,5,default
-3.4,False,1352,22,102,1,5,default
-3.6,False,1352,22,102,1,5,default
-3.8,False,1352,22,102,1,5,default
-4.0,False,1352,22,102,1,5,default
-4.2,False,1352,22,102,1,5,default
-4.4,False,1352,22,102,1,5,default
-4.6,False,1352,22,102,1,5,default
-4.8,False,1352,22,102,1,5,default
-5.0,False,1352,22,102,1,5,default
-5.2,False,1352,22,102,1,5,default
-5.4,False,1352,22,102,1,5,default
-5.6,False,1352,22,102,1,5,default
-5.8,False,1352,22,102,1,5,default
-6.0,False,1352,22,102,1,5,default
-6.2,False,1352,22,102,1,5,default
-6.4,False,1352,22,102,1,5,default
-6.6,False,1352,22,102,1,5,default
-6.8,False,1352,22,102,1,5,default
-7.0,False,1352,22,102,1,5,default
-7.2,False,1352,22,102,1,5,default
-7.4,False,1352,22,102,1,5,default
-7.6,False,1352,22,102,1,5,default
-7.8,False,1352,22,102,1,5,default
-8.0,False,1352,22,102,1,5,default
2.0,True,1,22,103,1,5,default
1.8,True,9,22,103,1,5,default
1.6,True,63,22,103,1,5,default
1.4,True,63,22,103,1,5,default
1.2,True,154,22,103,1,5,default
1.0,False,1472,22,103,1,5,default
0.8,False,1472,22,103,1,5,default
0.6,False,1472,22,103,1,5,default
0.4,False,1472,22,103,1,5,default
0.2,False,1472,22,103,1,5,default
0.0,False,1472,22,103,1,5,default
-0.2,False,1472,22,103,1,5,default
-0.4,False,1472,22,103,1,5,default
-0.6,False,1472,22,103,1,5,default
-0.8,False,1472,22,103,1,5,default
-1.0,False,1472,22,103,1,5,default
-1.2,False,1472,22,103,1,5,default
-1.4,False,1472,22,103,1,5,default
-1.6,False,1472,22,103,1,5,default
-1.8,False,1472,22,103,1,5,default
-2.0,False,1472,22,103,1,5,default
-2.2,False,1472,22,103,1,5,default
-2.4,False,1472,22,103,1,5,default
-2.6,False,1472,22,103,1,5,default
-2.8,False,1472,22,103,1,5,default
-3.0,False,1472,22,103,1,5,default
-3.2,False,1472,22,103,1,5,default
-3.4,False,1472,22,103,1,5,default
-3.6,False,1472,22,103,1,5,default
-3.8,False,1472,22,103,1,5,default
-4.0,False,1472,22,103,1,5,default
-4.2,False,1472,22,103,1,5,default
-4.4,False,1472,22,103,1,5,default
-4.6,False,1472,22,103,1,5,default
-4.8,False,1472,22,103,1,5,default
-5.0,False,1472,22,103,1,5,default
-5.2,False,1472,22,103,1,5,default
-5.4,False,1472,22,103,1,5,default
-5.6,False,1472,22,103,1,5,default
-5.8,False,1472,22,103,1,5,default
-6.0,False,1472,22,103,1,5,default
-6.2,False,1472,22,103,1,5,default
-6.4,False,1472,22,103,1,5,default
-6.6,False,1472,22,103,1,5,default
-6.8,False,1472,22,103,1,5,default
-7.0,False,1472,22,103,1,5,default
-7.2,False,1472,22,103,1,5,default
-7.4,False,1472,22,103,1,5,default
-7.6,False,1472,22,103,1,5,default
-7.8,False,1472,22,103,1,5,default
-8.0,False,1472,22,103,1,5,default
2.0,True,1,22,104,1,5,default
1.8,True,4,22,104,1,5,default
1.6,True,4,22,104,1,5,default
1.4,True,4,22,104,1,5,default
1.2,True,13,22,104,1,5,default
1.0,True,50,22,104,1,5,default
0.8,True,99,22,104,1,5,default
0.6,False,1240,22,104,1,5,default
0.4,False,1240,22,104,1,5,default
0.2,False,1240,22,104,1,5,default
0.0,False,1240,22,104,1,5,default
-0.2,False,1240,22,104,1,5,default
-0.4,False,1240,22,104,1,5,default
-0.6,False,1240,22,104,1,5,default
-0.8,False,1240,22,104,1,5,default
-1.0,False,1240,22,104,1,5,default
-1.2,False,1240,22,104,1,5,default
-1.4,False,1240,22,104,1,5,default
-1.6,False,1240,22,104,1,5,default
-1.8,False,1240,22,104,1,5,default
-2.0,False,1240,22,104,1,5,default
-2.2,False,1240,22,104,1,5,default
-2.4,False,1240,22,104,1,5,default
-2.6,False,1240,22,104,1,5,default
-2.8,False,1240,22,104,1,5,default
-3.0,False,1240,22,104,1,5,default
-3.2,False,1240,22,104,1,5,default
-3.4,False,1240,22,104,1,5,default
-3.6,False,1240,22,104,1,5,default
-3.8,False,1240,22,104,1,5,default
-4.0,False,1240,22,104,1,5,default
-4.2,False,1240,22,104,1,5,default
-4.4,False,1240,22,104,1,5,default
-4.6,False,1240,22,104,1,5,default
-4.8,False,1240,22,104,1,5,default
-5.0,False,1240,22,104,1,5,default
-5.2,False,1240,22,104,1,5,default
-5.4,False,1240,22,104,1,5,default
-5.6,False,1240,22,104,1,5,default
-5.8,False,1240,22,104,1,5,default
-6.0,False,1240,22,104,1,5,default
-6.2,False,1240,22,104,1,5,default
-6.4,False,1240,22,104,1,5,default
-6.6,False,1240,22,104,1,5,default
-6.8,False,1240,22,104,1,5,default
-7.0,False,1240,22,104,1,5,default
-7.2,False,1240,22,104,1,5,default
-7.4,False,1240,22,104,1,5,default
-7.6,False,1240,22,104,1,5,default
-7.8,False,1240,22,104,1,5,default
-8.0,False,1240,22,104,1,5,default
2.0,True,1,22,105,1,5,default
1.8,True,13,22,105,1,5,default
1.6,True,14,22,105,1,5,default
1.4,True,14,22,105,1,5,default
1.2,True,14,22,105,1,5,default
1.0,True,49,22,105,1,5,default
0.8,True,82,22,105,1,5,default
0.6,True,82,22,105,1,5,default
0.4,True,109,22,105,1,5,default
0.2,False,1280,22,105,1,5,default
0.0,False,1280,22,105,1,5,default
-0.2,False,1280,22,105,1,5,default
-0.4,False,1280,22,105,1,5,default
-0.6,False,1280,22,105,1,5,default
-0.8,False,1280,22,105,1,5,default
-1.0,False,1280,22,105,1,5,default
-1.2,False,1280,22,105,1,5,default
-1.4,False,1280,22,105,1,5,default
-1.6,False,1280,22,105,1,5,default
-1.8,False,1280,22,105,1,5,default
-2.0,False,1280,22,105,1,5,default
-2.2,False,1280,22,105,1,5,default
-2.4,False,1280,22,105,1,5,default
-2.6,False,1280,22,105,1,5,default
-2.8,False,1280,22,105,1,5,default
-3.0,False,1280,22,105,1,5,default
-3.2,False,1280,22,105,1,5,default
-3.4,False,1280,22,105,1,5,default
-3.6,False,1280,22,105,1,5,default
-3.8,False,1280,22,105,1,5,default
-4.0,False,1280,22,105,1,5,default
-4.2,False,1280,22,105,1,5,default
-4.4,False,1280,22,105,1,5,default
-4.6,False,1280,22,105,1,5,default
-4.8,False,1280,22,105,1,5,default
-5.0,False,1280,22,105,1,5,default
-5.2,False,1280,22,105,1,5,default
-5.4,False,1280,22,105,1,5,default
-5.6,False,1280,22,105,1,5,default
-5.8,False,1280,22,105,1,5,default
-6.0,False,1280,22,105,1,5,default
-6.2,False,1280,22,105,1,5,default
-6.4,False,1280,22,105,1,5,default
-6.6,False,1280,22,105,1,5,default
-6.8,False,1280,22,105,1,5,default
-7.0,False,1280,22,105,1,5,default
-7.2,False,1280,22,105,1,5,default
-7.4,False,1280,22,105,1,5,default
-7.6,False,1280,22,105,1,5,default
-7.8,False,1280,22,105,1,5,default
-8.0,False,1280,22,105,1,5,default
2.0,True,1,22,106,1,5,default
1.8,True,10,22,106,1,5,default
1.6,True,10,22,106,1,5,default
1.4,True,36,22,106,1,5,default
1.2,True,36,22,106,1,5,default
1.0,True,49,22,106,1,5,default
0.8,True,129,22,106,1,5,default
0.6,False,1304,22,106,1,5,default
0.4,False,1304,22,106,1,5,default
0.2,False,1304,22,106,1,5,default
0.0,False,1304,22,106,1,5,default
-0.2,False,1304,22,106,1,5,default
-0.4,False,1304,22,106,1,5,default
-0.6,False,1304,22,106,1,5,default
-0.8,False,1304,22,106,1,5,default
-1.0,False,1304,22,106,1,5,default
-1.2,False,1304,22,106,1,5,default
-1.4,False,1304,22,106,1,5,default
-1.6,False,1304,22,106,1,5,default
-1.8,False,1304,22,106,1,5,default
-2.0,False,1304,22,106,1,5,default
-2.2,False,1304,22,106,1,5,default
-2.4,False,1304,22,106,1,5,default
-2.6,False,1304,22,106,1,5,default
-2.8,False,1304,22,106,1,5,default
-3.0,False,1304,22,106,1,5,default
-3.2,False,1304,22,106,1,5,default
-3.4,False,1304,22,106,1,5,default
-3.6,False,1304,22,106,1,5,default
-3.8,False,1304,22,106,1,5,default
-4.0,False,1304,22,106,1,5,default
-4.2,False,1304,22,106,1,5,default
-4.4,False,1304,22,106,1,5,default
-4.6,False,1304,22,106,1,5,default
-4.8,False,1304,22,106,1,5,default
-5.0,False,1304,22,106,1,5,default
-5.2,False,1304,22,106,1,5,default
-5.4,False,1304,22,106,1,5,default
-5.6,False,1304,22,106,1,5,default
-5.8,False,1304,22,106,1,5,default
-6.0,False,1304,22,106,1,5,default
-6.2,False,1304,22,106,1,5,default
-6.4,False,1304,22,106,1,5,default
-6.6,False,1304,22,106,1,5,default
-6.8,False,1304,22,106,1,5,default
-7.0,False,1304,22,106,1,5,default
-7.2,False,1304,22,106,1,5,default
-7.4,False,1304,22,106,1,5,default
-7.6,False,1304,22,106,1,5,default
-7.8,False,1304,22,106,1,5,default
-8.0,False,1304,22,106,1,5,default
2.0,True,1,22,107,1,5,default
1.8,True,11,22,107,1,5,default
1.6,True,11,22,107,1,5,default
1.4,True,84,22,107,1,5,default
1.2,True,84,22,107,1,5,default
1.0,True,139,22,107,1,5,default
0.8,True,171,22,107,1,5,default
0.6,True,171,22,107,1,5,default
0.4,True,174,22,107,1,5,default
0.2,True,230,22,107,1,5,default
0.0,True,234,22,107,1,5,default
-0.2,False,1256,22,107,1,5,default
-0.4,False,1256,22,107,1,5,default
-0.6,False,1256,22,107,1,5,default
-0.8,False,1256,22,107,1,5,default
-1.0,False,1256,22,107,1,5,default
-1.2,False,1256,22,107,1,5,default
-1.4,False,1256,22,107,1,5,default
-1.6,False,1256,22,107,1,5,default
-1.8,False,1256,22,107,1,5,default
-2.0,False,1256,22,107,1,5,default
-2.2,False,1256,22,107,1,5,default
-2.4,False,1256,22,107,1,5,default
-2.6,False,1256,22,107,1,5,default
-2.8,False,1256,22,107,1,5,default
-3.0,False,1256,22,107,1,5,default
-3.2,False,1256,22,107,1,5,default
-3.4,False,1256,22,107,1,5,default
-3.6,False,1256,22,107,1,5,default
-3.8,False,1256,22,107,1,5,default
-4.0,False,1256,22,107,1,5,default
-4.2,False,1256,22,107,1,5,default
-4.4,False,1256,22,107,1,5,default
-4.6,False,1256,22,107,1,5,default
-4.8,False,1256,22,107,1,5,default
-5.0,False,1256,22,107,1,5,default
-5.2,False,1256,22,107,1,5,default
-5.4,False,1256,22,107,1,5,default
-5.6,False,1256,22,107,1,5,default
-5.8,False,1256,22,107,1,5,default
-6.0,False,1256,22,107,1,5,default
-6.2,False,1256,22,107,1,5,default
-6.4,False,1256,22,107,1,5,default
-6.6,False,1256,22,107,1,5,default
-6.8,False,1256,22,107,1,5,default
-7.0,False,1256,22,107,1,5,default
-7.2,False,1256,22,107,1,5,default
-7.4,False,1256,22,107,1,5,default
-7.6,False,1256,22,107,1,5,default
-7.8,False,1256,22,107,1,5,default
-8.0,False,1256,22,107,1,5,default
2.0,True,1,22,108,1,5,default
1.8,True,9,22,108,1,5,default
1.6,True,9,22,108,1,5,default
1.4,True,52,22,108,1,5,default
1.2,True,91,22,108,1,5,default
1.0,False,1200,22,108,1,5,default
0.8,False,1200,22,108,1,5,default
0.6,False,1200,22,108,1,5,default
0.4,False,1200,22,108,1,5,default
0.2,False,1200,22,108,1,5,default
0.0,False,1200,22,108,1,5,default
-0.2,False,1200,22,108,1,5,default
-0.4,False,1200,22,108,1,5,default
-0.6,False,1200,22,108,1,5,default
-0.8,False,1200,22,108,1,5,default
-1.0,False,1200,22,108,1,5,default
-1.2,False,1200,22,108,1,5,default
-1.4,False,1200,22,108,1,5,default
-1.6,False,1200,22,108,1,5,default
-1.8,False,1200,22,108,1,5,default
-2.0,False,1200,22,108,1,5,default
-2.2,False,1200,22,108,1,5,default
-2.4,False,1200,22,108,1,5,default
-2.6,False,1200,22,108,1,5,default
-2.8,False,1200,22,108,1,5,default
-3.0,False,1200,22,108,1,5,default
-3.2,False,1200,22,108,1,5,default
-3.4,False,1200,22,108,1,5,default
-3.6,False,1200,22,108,1,5,default
-3.8,False,1200,22,108,1,5,default
-4.0,False,1200,22,108,1,5,default
-4.2,False,1200,22,108,1,5,default
-4.4,False,1200,22,108,1,5,default
-4.6,False,1200,22,108,1,5,default
-4.8,False,1200,22,108,1,5,default
-5.0,False,1200,22,108,1,5,default
-5.2,False,1200,22,108,1,5,default
-5.4,False,1200,22,108,1,5,default
-5.6,False,1200,22,108,1,5,default
-5.8,False,1200,22,108,1,5,default
-6.0,False,1200,22,108,1,5,default
-6.2,False,1200,22,108,1,5,default
-6.4,False,1200,22,108,1,5,default
-6.6,False,1200,22,108,1,5,default
-6.8,False,1200,22,108,1,5,default
-7.0,False,1200,22,108,1,5,default
-7.2,False,1200,22,108,1,5,default
-7.4,False,1200,22,108,1,5,default
-7.6,False,1200,22,108,1,5,default
-7.8,False,1200,22,108,1,5,default
-8.0,False,1200,22,108,1,5,default
2.0,True,1,22,109,1,5,default
1.8,True,6,22,109,1,5,default
1.6,True,21,22,109,1,5,default
1.4,True,21,22,109,1,5,default
1.2,True,21,22,109,1,5,default
1.0,True,21,22,109,1,5,default
0.8,True,21,22,109,1,5,default
0.6,True,21,22,109,1,5,default
0.4,True,94,22,109,1,5,default
0.2,True,123,22,109,1,5,default
0.0,True,167,22,109,1,5,default
-0.2,False,1272,22,109,1,5,default
-0.4,False,1272,22,109,1,5,default
-0.6,False,1272,22,109,1,5,default
-0.8,False,1272,22,109,1,5,default
-1.0,False,1272,22,109,1,5,default
-1.2,False,1272,22,109,1,5,default
-1.4,False,1272,22,109,1,5,default
-1.6,False,1272,22,109,1,5,default
-1.8,False,1272,22,109,1,5,default
-2.0,False,1272,22,109,1,5,default
-2.2,False,1272,22,109,1,5,default
-2.4,False,1272,22,109,1,5,default
-2.6,False,1272,22,109,1,5,default
-2.8,False,1272,22,109,1,5,default
-3.0,False,1272,22,109,1,5,default
-3.2,False,1272,22,109,1,5,default
-3.4,False,1272,22,109,1,5,default
-3.6,False,1272,22,109,1,5,default
-3.8,False,1272,22,109,1,5,default
-4.0,False,1272,22,109,1,5,default
-4.2,False,1272,22,109,1,5,default
-4.4,False,1272,22,109,1,5,default
-4.6,False,1272,22,109,1,5,default
-4.8,False,1272,22,109,1,5,default
-5.0,False,1272,22,109,1,5,default
-5.2,False,1272,22,109,1,5,default
-5.4,False,1272,22,109,1,5,default
-5.6,False,1272,22,109,1,5,default
-5.8,False,1272,22,109,1,5,default
-6.0,False,1272,22,109,1,5,default
-6.2,False,1272,22,109,1,5,default
-6.4,False,1272,22,109,1,5,default
-6.6,False,1272,22,109,1,5,default
-6.8,False,1272,22,109,1,5,default
-7.0,False,1272,22,109,1,5,default
-7.2,False,1272,22,109,1,5,default
-7.4,False,1272,22,109,1,5,default
-7.6,False,1272,22,109,1,5,default
-7.8,False,1272,22,109,1,5,default
-8.0,False,1272,22,109,1,5,default
2.0,True,1,22,110,1,5,default
1.8,True,35,22,110,1,5,default
1.6,True,80,22,110,1,5,default
1.4,True,80,22,110,1,5,default
1.2,True,183,22,110,1,5,default
1.0,False,1392,22,110,1,5,default
0.8,False,1392,22,110,1,5,default
0.6,False,1392,22,110,1,5,default
0.4,False,1392,22,110,1,5,default
0.2,False,1392,22,110,1,5,default
0.0,False,1392,22,110,1,5,default
-0.2,False,1392,22,110,1,5,default
-0.4,False,1392,22,110,1,5,default
-0.6,False,1392,22,110,1,5,default
-0.8,False,1392,22,110,1,5,default
-1.0,False,1392,22,110,1,5,default
-1.2,False,1392,22,110,1,5,default
-1.4,False,1392,22,110,1,5,default
-1.6,False,1392,22,110,1,5,default
-1.8,False,1392,22,110,1,5,default
-2.0,False,1392,22,110,1,5,default
-2.2,False,1392,22,110,1,5,default
-2.4,False,1392,22,110,1,5,default
-2.6,False,1392,22,110,1,5,default
-2.8,False,1392,22,110,1,5,default
-3.0,False,1392,22,110,1,5,default
-3.2,False,1392,22,110,1,5,default
-3.4,False,1392,22,110,1,5,default
-3.6,False,1392,22,110,1,5,default
-3.8,False,1392,22,110,1,5,default
-4.0,False,1392,22,110,1,5,default
-4.2,False,1392,22,110,1,5,default
-4.4,False,1392,22,110,1,5,default
-4.6,False,1392,22,110,1,5,default
-4.8,False,1392,22,110,1,5,default
-5.0,False,1392,22,110,1,5,default
-5.2,False,1392,22,110,1,5,default
-5.4,False,1392,22,110,1,5,default
-5.6,False,1392,22,110,1,5,default
-5.8,False,1392,22,110,1,5,default
-6.0,False,1392,22,110,1,5,default
-6.2,False,1392,22,110,1,5,default
-6.4,False,1392,22,110,1,5,default
-6.6,False,1392,22,110,1,5,default
-6.8,False,1392,22,110,1,5,default
-7.0,False,1392,22,110,1,5,default
-7.2,False,1392,22,110,1,5,default
-7.4,False,1392,22,110,1,5,default
-7.6,False,1392,22,110,1,5,default
-7.8,False,1392,22,110,1,5,default
-8.0,False,1392,22,110,1,5,default
2.0,True,1,22,111,1,5,default
1.8,True,60,22,111,1,5,default
1.6,True,73,22,111,1,5,default
1.4,True,100,22,111,1,5,default
1.2,True,100,22,111,1,5,default
1.0,True,116,22,111,1,5,default
0.8,True,116,22,111,1,5,default
0.6,True,116,22,111,1,5,default
0.4,True,116,22,111,1,5,default
0.2,True,116,22,111,1,5,default
0.0,False,1376,22,111,1,5,default
-0.2,False,1376,22,111,1,5,default
-0.4,False,1376,22,111,1,5,default
-0.6,False,1376,22,111,1,5,default
-0.8,False,1376,22,111,1,5,default
-1.0,False,1376,22,111,1,5,default
-1.2,False,1376,22,111,1,5,default
-1.4,False,1376,22,111,1,5,default
-1.6,False,1376,22,111,1,5,default
-1.8,False,1376,22,111,1,5,default
-2.0,False,1376,22,111,1,5,default
-2.2,False,1376,22,111,1,5,default
-2.4,False,1376,22,111,1,5,default
-2.6,False,1376,22,111,1,5,default
-2.8,False,1376,22,111,1,5,default
-3.0,False,1376,22,111,1,5,default
-3.2,False,1376,22,111,1,5,default
-3.4,False,1376,22,111,1,5,default
-3.6,False,1376,22,111,1,5,default
-3.8,False,1376,22,111,1,5,default
-4.0,False,1376,22,111,1,5,default
-4.2,False,1376,22,111,1,5,default
-4.4,False,1376,22,111,1,5,default
-4.6,False,1376,22,111,1,5,default
-4.8,False,1376,22,111,1,5,default
-5.0,False,1376,22,111,1,5,default
-5.2,False,1376,22,111,1,5,default
-5.4,False,1376,22,111,1,5,default
-5.6,False,1376,22,111,1,5,default
-5.8,False,1376,22,111,1,5,default
-6.0,False,1376,22,111,1,5,default
-6.2,False,1376,22,111,1,5,default
-6.4,False,1376,22,111,1,5,default
-6.6,False,1376,22,111,1,5,default
-6.8,False,1376,22,111,1,5,default
-7.0,False,1376,22,111,1,5,default
-7.2,False,1376,22,111,1,5,default
-7.4,False,1376,22,111,1,5,default
-7.6,False,1376,22,111,1,5,default
-7.8,False,1376,22,111,1,5,default
-8.0,False,1376,22,111,1,5,default
2.0,True,1,22,112,1,5,default
1.8,True,15,22,112,1,5,default
1.6,True,25,22,112,1,5,default
1.4,True,32,22,112,1,5,default
1.2,True,36,22,112,1,5,default
1.0,True,36,22,112,1,5,default
0.8,True,100,22,112,1,5,default
0.6,True,100,22,112,1,5,default
0.4,True,100,22,112,1,5,default
0.2,True,197,22,112,1,5,default
0.0,True,268,22,112,1,5,default
-0.2,False,1360,22,112,1,5,default
-0.4,False,1360,22,112,1,5,default
-0.6,False,1360,22,112,1,5,default
-0.8,False,1360,22,112,1,5,default
-1.0,False,1360,22,112,1,5,default
-1.2,False,1360,22,112,1,5,default
-1.4,False,1360,22,112,1,5,default
-1.6,False,1360,22,112,1,5,default
-1.8,False,1360,22,112,1,5,default
-2.0,False,1360,22,112,1,5,default
-2.2,False,1360,22,112,1,5,default
-2.4,False,1360,22,112,1,5,default
-2.6,False,1360,22,112,1,5,default
-2.8,False,1360,22,112,1,5,default
-3.0,False,1360,22,112,1,5,default
-3.2,False,1360,22,112,1,5,default
-3.4,False,1360,22,112,1,5,default
-3.6,False,1360,22,112,1,5,default
-3.8,False,1360,22,112,1,5,default
-4.0,False,1360,22,112,1,5,default
-4.2,False,1360,22,112,1,5,default
-4.4,False,1360,22,112,1,5,default
-4.6,False,1360,22,112,1,5,default
-4.8,False,1360,22,112,1,5,default
-5.0,False,1360,22,112,1,5,default
-5.2,False,1360,22,112,1,5,default
-5.4,False,1360,22,112,1,5,default
-5.6,False,1360,22,112,1,5,default
-5.8,False,1360,22,112,1,5,default
-6.0,False,1360,22,112,1,5,default
-6.2,False,1360,22,112,1,5,default
-6.4,False,1360,22,112,1,5,default
-6.6,False,1360,22,112,1,5,default
-6.8,False,1360,22,112,1,5,default
-7.0,False,1360,22,112,1,5,default
-7.2,False,1360,22,112,1,5,default
-7.4,False,1360,22,112,1,5,default
-7.6,False,1360,22,112,1,5,default
-7.8,False,1360,22,112,1,5,default
-8.0,False,1360,22,112,1,5,default
2.0,True,1,22,113,1,5,default
1.8,True,22,22,113,1,5,default
1.6,True,22,22,113,1,5,default
1.4,True,88,22,113,1,5,default
1.2,True,88,22,113,1,5,default
1.0,True,89,22,113,1,5,default
0.8,False,1536,22,113,1,5,default
0.6,False,1536,22,113,1,5,default
0.4,False,1536,22,113,1,5,default
0.2,False,1536,22,113,1,5,default
0.0,False,1536,22,113,1,5,default
-0.2,False,1536,22,113,1,5,default
-0.4,False,1536,22,113,1,5,default
-0.6,False,1536,22,113,1,5,default
-0.8,False,1536,22,113,1,5,default
-1.0,False,1536,22,113,1,5,default
-1.2,False,1536,22,113,1,5,default
-1.4,False,1536,22,113,1,5,default
-1.6,False,1536,22,113,1,5,default
-1.8,False,1536,22,113,1,5,default
-2.0,False,1536,22,113,1,5,default
-2.2,False,1536,22,113,1,5,default
-2.4,False,1536,22,113,1,5,default
-2.6,False,1536,22,113,1,5,default
-2.8,False,1536,22,113,1,5,default
-3.0,False,1536,22,113,1,5,default
-3.2,False,1536,22,113,1,5,default
-3.4,False,1536,22,113,1,5,default
-3.6,False,1536,22,113,1,5,default
-3.8,False,1536,22,113,1,5,default
-4.0,False,1536,22,113,1,5,default
-4.2,False,1536,22,113,1,5,default
-4.4,False,1536,22,113,1,5,default
-4.6,False,1536,22,113,1,5,default
-4.8,False,1536,22,113,1,5,default
-5.0,False,1536,22,113,1,5,default
-5.2,False,1536,22,113,1,5,default
-5.4,False,1536,22,113,1,5,default
-5.6,False,1536,22,113,1,5,default
-5.8,False,1536,22,113,1,5,default
-6.0,False,1536,22,113,1,5,default
-6.2,False,1536,22,113,1,5,default
-6.4,False,1536,22,113,1,5,default
-6.6,False,1536,22,113,1,5,default
-6.8,False,1536,22,113,1,5,default
-7.0,False,1536,22,113,1,5,default
-7.2,False,1536,22,113,1,5,default
-7.4,False,1536,22,113,1,5,default
-7.6,False,1536,22,113,1,5,default
-7.8,False,1536,22,113,1,5,default
-8.0,False,1536,22,113,1,5,default
2.0,True,1,22,114,1,5,default
1.8,True,4,22,114,1,5,default
1.6,True,4,22,114,1,5,default
1.4,True,17,22,114,1,5,default
1.2,True,46,22,114,1,5,default
1.0,True,46,22,114,1,5,default
0.8,True,46,22,114,1,5,default
0.6,True,83,22,114,1,5,default
0.4,True,118,22,114,1,5,default
0.2,True,118,22,114,1,5,default
0.0,True,118,22,114,1,5,default
-0.2,True,118,22,114,1,5,default
-0.4,True,129,22,114,1,5,default
-0.6,True,129,22,114,1,5,default
-0.8,True,129,22,114,1,5,default
-1.0,True,157,22,114,1,5,default
-1.2,True,157,22,114,1,5,default
-1.4,True,157,22,114,1,5,default
-1.6,True,213,22,114,1,5,default
-1.8,True,213,22,114,1,5,default
-2.0,True,390,22,114,1,5,default
-2.2,True,401,22,114,1,5,default
-2.4,True,410,22,114,1,5,default
-2.6,True,410,22,114,1,5,default
-2.8,True,410,22,114,1,5,default
-3.0,True,435,22,114,1,5,default
-3.2,True,484,22,114,1,5,default
-3.4,True,484,22,114,1,5,default
-3.6,True,521,22,114,1,5,default
-3.8,True,525,22,114,1,5,default
-4.0,True,525,22,114,1,5,default
-4.2,True,525,22,114,1,5,default
-4.4,True,525,22,114,1,5,default
-4.6,True,525,22,114,1,5,default
-4.8,True,525,22,114,1,5,default
-5.0,True,525,22,114,1,5,default
-5.2,True,525,22,114,1,5,default
-5.4,True,525,22,114,1,5,default
-5.6,True,525,22,114,1,5,default
-5.8,True,602,22,114,1,5,default
-6.0,True,602,22,114,1,5,default
-6.2,True,602,22,114,1,5,default
-6.4,True,602,22,114,1,5,default
-6.6,True,639,22,114,1,5,default
-6.8,True,639,22,114,1,5,default
-7.0,True,639,22,114,1,5,default
-7.2,True,655,22,114,1,5,default
-7.4,True,655,22,114,1,5,default
-7.6,True,657,22,114,1,5,default
-7.8,True,676,22,114,1,5,default
-8.0,True,676,22,114,1,5,default
2.0,True,1,22,115,1,5,default
1.8,True,4,22,115,1,5,default
1.6,True,56,22,115,1,5,default
1.4,True,86,22,115,1,5,default
1.2,False,1384,22,115,1,5,default
1.0,False,1384,22,115,1,5,default
0.8,False,1384,22,115,1,5,default
0.6,False,1384,22,115,1,5,default
0.4,False,1384,22,115,1,5,default
0.2,False,1384,22,115,1,5,default
0.0,False,1384,22,115,1,5,default
-0.2,False,1384,22,115,1,5,default
-0.4,False,1384,22,115,1,5,default
-0.6,False,1384,22,115,1,5,default
-0.8,False,1384,22,115,1,5,default
-1.0,False,1384,22,115,1,5,default
-1.2,False,1384,22,115,1,5,default
-1.4,False,1384,22,115,1,5,default
-1.6,False,1384,22,115,1,5,default
-1.8,False,1384,22,115,1,5,default
-2.0,False,1384,22,115,1,5,default
-2.2,False,1384,22,115,1,5,default
-2.4,False,1384,22,115,1,5,default
-2.6,False,1384,22,115,1,5,default
-2.8,False,1384,22,115,1,5,default
-3.0,False,1384,22,115,1,5,default
-3.2,False,1384,22,115,1,5,default
-3.4,False,1384,22,115,1,5,default
-3.6,False,1384,22,115,1,5,default
-3.8,False,1384,22,115,1,5,default
-4.0,False,1384,22,115,1,5,default
-4.2,False,1384,22,115,1,5,default
-4.4,False,1384,22,115,1,5,default
-4.6,False,1384,22,115,1,5,default
-4.8,False,1384,22,115,1,5,default
-5.0,False,1384,22,115,1,5,default
-5.2,False,1384,22,115,1,5,default
-5.4,False,1384,22,115,1,5,default
-5.6,False,1384,22,115,1,5,default
-5.8,False,1384,22,115,1,5,default
-6.0,False,1384,22,115,1,5,default
-6.2,False,1384,22,115,1,5,default
-6.4,False,1384,22,115,1,5,default
-6.6,False,1384,22,115,1,5,default
-6.8,False,1384,22,115,1,5,default
-7.0,False,1384,22,115,1,5,default
-7.2,False,1384,22,115,1,5,default
-7.4,False,1384,22,115,1,5,default
-7.6,False,1384,22,115,1,5,default
-7.8,False,1384,22,115,1,5,default
-8.0,False,1384,22,115,1,5,default
2.0,True,1,22,116,1,5,default
1.8,True,5,22,116,1,5,default
1.6,True,25,22,116,1,5,default
1.4,True,25,22,116,1,5,default
1.2,True,25,22,116,1,5,default
1.0,True,116,22,116,1,5,default
0.8,True,211,22,116,1,5,default
0.6,False,1464,22,116,1,5,default
0.4,False,1464,22,116,1,5,default
0.2,False,1464,22,116,1,5,default
0.0,False,1464,22,116,1,5,default
-0.2,False,1464,22,116,1,5,default
-0.4,False,1464,22,116,1,5,default
-0.6,False,1464,22,116,1,5,default
-0.8,False,1464,22,116,1,5,default
-1.0,False,1464,22,116,1,5,default
-1.2,False,1464,22,116,1,5,default
-1.4,False,1464,22,116,1,5,default
-1.6,False,1464,22,116,1,5,default
-1.8,False,1464,22,116,1,5,default
-2.0,False,1464,22,116,1,5,default
-2.2,False,1464,22,116,1,5,default
-2.4,False,1464,22,116,1,5,default
-2.6,False,1464,22,116,1,5,default
-2.8,False,1464,22,116,1,5,default
-3.0,False,1464,22,116,1,5,default
-3.2,False,1464,22,116,1,5,default
-3.4,False,1464,22,116,1,5,default
-3.6,False,1464,22,116,1,5,default
-3.8,False,1464,22,116,1,5,default
-4.0,False,1464,22,116,1,5,default
-4.2,False,1464,22,116,1,5,default
-4.4,False,1464,22,116,1,5,default
-4.6,False,1464,22,116,1,5,default
-4.8,False,1464,22,116,1,5,default
-5.0,False,1464,22,116,1,5,default
-5.2,False,1464,22,116,1,5,default
-5.4,False,1464,22,116,1,5,default
-5.6,False,1464,22,116,1,5,default
-5.8,False,1464,22,116,1,5,default
-6.0,False,1464,22,116,1,5,default
-6.2,False,1464,22,116,1,5,default
-6.4,False,1464,22,116,1,5,default
-6.6,False,1464,22,116,1,5,default
-6.8,False,1464,22,116,1,5,default
-7.0,False,1464,22,116,1,5,default
-7.2,False,1464,22,116,1,5,default
-7.4,False,1464,22,116,1,5,default
-7.6,False,1464,22,116,1,5,default
-7.8,False,1464,22,116,1,5,default
-8.0,False,1464,22,116,1,5,default
2.0,True,1,22,117,1,5,default
1.8,True,28,22,117,1,5,default
1.6,True,78,22,117,1,5,default
1.4,True,78,22,117,1,5,default
1.2,True,142,22,117,1,5,default
1.0,True,142,22,117,1,5,default
0.8,True,194,22,117,1,5,default
0.6,False,1312,22,117,1,5,default
0.4,False,1312,22,117,1,5,default
0.2,False,1312,22,117,1,5,default
0.0,False,1312,22,117,1,5,default
-0.2,False,1312,22,117,1,5,default
-0.4,False,1312,22,117,1,5,default
-0.6,False,1312,22,117,1,5,default
-0.8,False,1312,22,117,1,5,default
-1.0,False,1312,22,117,1,5,default
-1.2,False,1312,22,117,1,5,default
-1.4,False,1312,22,117,1,5,default
-1.6,False,1312,22,117,1,5,default
-1.8,False,1312,22,117,1,5,default
-2.0,False,1312,22,117,1,5,default
-2.2,False,1312,22,117,1,5,default
-2.4,False,1312,22,117,1,5,default
-2.6,False,1312,22,117,1,5,default
-2.8,False,1312,22,117,1,5,default
-3.0,False,1312,22,117,1,5,default
-3.2,False,1312,22,117,1,5,default
-3.4,False,1312,22,117,1,5,default
-3.6,False,1312,22,117,1,5,default
-3.8,False,1312,22,117,1,5,default
-4.0,False,1312,22,117,1,5,default
-4.2,False,1312,22,117,1,5,default
-4.4,False,1312,22,117,1,5,default
-4.6,False,1312,22,117,1,5,default
-4.8,False,1312,22,117,1,5,default
-5.0,False,1312,22,117,1,5,default
-5.2,False,1312,22,117,1,5,default
-5.4,False,1312,22,117,1,5,default
-5.6,False,1312,22,117,1,5,default
-5.8,False,1312,22,117,1,5,default
-6.0,False,1312,22,117,1,5,default
-6.2,False,1312,22,117,1,5,default
-6.4,False,1312,22,117,1,5,default
-6.6,False,1312,22,117,1,5,default
-6.8,False,1312,22,117,1,5,default
-7.0,False,1312,22,117,1,5,default
-7.2,False,1312,22,117,1,5,default
-7.4,False,1312,22,117,1,5,default
-7.6,False,1312,22,117,1,5,default
-7.8,False,1312,22,117,1,5,default
-8.0,False,1312,22,117,1,5,default
2.0,True,1,22,118,1,5,default
1.8,True,11,22,118,1,5,default
1.6,True,91,22,118,1,5,default
1.4,True,111,22,118,1,5,default
1.2,False,1304,22,118,1,5,default
1.0,False,1304,22,118,1,5,default
0.8,False,1304,22,118,1,5,default
0.6,False,1304,22,118,1,5,default
0.4,False,1304,22,118,1,5,default
0.2,False,1304,22,118,1,5,default
0.0,False,1304,22,118,1,5,default
-0.2,False,1304,22,118,1,5,default
-0.4,False,1304,22,118,1,5,default
-0.6,False,1304,22,118,1,5,default
-0.8,False,1304,22,118,1,5,default
-1.0,False,1304,22,118,1,5,default
-1.2,False,1304,22,118,1,5,default
-1.4,False,1304,22,118,1,5,default
-1.6,False,1304,22,118,1,5,default
-1.8,False,1304,22,118,1,5,default
-2.0,False,1304,22,118,1,5,default
-2.2,False,1304,22,118,1,5,default
-2.4,False,1304,22,118,1,5,default
-2.6,False,1304,22,118,1,5,default
-2.8,False,1304,22,118,1,5,default
-3.0,False,1304,22,118,1,5,default
-3.2,False,1304,22,118,1,5,default
-3.4,False,1304,22,118,1,5,default
-3.6,False,1304,22,118,1,5,default
-3.8,False,1304,22,118,1,5,default
-4.0,False,1304,22,118,1,5,default
-4.2,False,1304,22,118,1,5,default
-4.4,False,1304,22,118,1,5,default
-4.6,False,1304,22,118,1,5,default
-4.8,False,1304,22,118,1,5,default
-5.0,False,1304,22,118,1,5,default
-5.2,False,1304,22,118,1,5,default
-5.4,False,1304,22,118,1,5,default
-5.6,False,1304,22,118,1,5,default
-5.8,False,1304,22,118,1,5,default
-6.0,False,1304,22,118,1,5,default
-6.2,False,1304,22,118,1,5,default
-6.4,False,1304,22,118,1,5,default
-6.6,False,1304,22,118,1,5,default
-6.8,False,1304,22,118,1,5,default
-7.0,False,1304,22,118,1,5,default
-7.2,False,1304,22,118,1,5,default
-7.4,False,1304,22,118,1,5,default
-7.6,False,1304,22,118,1,5,default
-7.8,False,1304,22,118,1,5,default
-8.0,False,1304,22,118,1,5,default
2.0,True,1,22,119,1,5,default
1.8,True,5,22,119,1,5,default
1.6,True,48,22,119,1,5,default
1.4,True,61,22,119,1,5,default
1.2,True,61,22,119,1,5,default
1.0,False,1472,22,119,1,5,default
0.8,False,1472,22,119,1,5,default
0.6,False,1472,22,119,1,5,default
0.4,False,1472,22,119,1,5,default
0.2,False,1472,22,119,1,5,default
0.0,False,1472,22,119,1,5,default
-0.2,False,1472,22,119,1,5,default
-0.4,False,1472,22,119,1,5,default
-0.6,False,1472,22,119,1,5,default
-0.8,False,1472,22,119,1,5,default
-1.0,False,1472,22,119,1,5,default
-1.2,False,1472,22,119,1,5,default
-1.4,False,1472,22,119,1,5,default
-1.6,False,1472,22,119,1,5,default
-1.8,False,1472,22,119,1,5,default
-2.0,False,1472,22,119,1,5,default
-2.2,False,1472,22,119,1,5,default
-2.4,False,1472,22,119,1,5,default
-2.6,False,1472,22,119,1,5,default
-2.8,False,1472,22,119,1,5,default
-3.0,False,1472,22,119,1,5,default
-3.2,False,1472,22,119,1,5,default
-3.4,False,1472,22,119,1,5,default
-3.6,False,1472,22,119,1,5,default
-3.8,False,1472,22,119,1,5,default
-4.0,False,1472,22,119,1,5,default
-4.2,False,1472,22,119,1,5,default
-4.4,False,1472,22,119,1,5,default
-4.6,False,1472,22,119,1,5,default
-4.8,False,1472,22,119,1,5,default
-5.0,False,1472,22,119,1,5,default
-5.2,False,1472,22,119,1,5,default
-5.4,False,1472,22,119,1,5,default
-5.6,False,1472,22,119,1,5,default
-5.8,False,1472,22,119,1,5,default
-6.0,False,1472,22,119,1,5,default
-6.2,False,1472,22,119,1,5,default
-6.4,False,1472,22,119,1,5,default
-6.6,False,1472,22,119,1,5,default
-6.8,False,1472,22,119,1,5,default
-7.0,False,1472,22,119,1,5,default
-7.2,False,1472,22,119,1,5,default
-7.4,False,1472,22,119,1,5,default
-7.6,False,1472,22,119,1,5,default
-7.8,False,1472,22,119,1,5,default
-8.0,False,1472,22,119,1,5,default
2.0,True,1,22,120,1,5,default
1.8,True,10,22,120,1,5,default
1.6,True,28,22,120,1,5,default
1.4,True,51,22,120,1,5,default
1.2,True,82,22,120,1,5,default
1.0,False,1232,22,120,1,5,default
0.8,False,1232,22,120,1,5,default
0.6,False,1232,22,120,1,5,default
0.4,False,1232,22,120,1,5,default
0.2,False,1232,22,120,1,5,default
0.0,False,1232,22,120,1,5,default
-0.2,False,1232,22,120,1,5,default
-0.4,False,1232,22,120,1,5,default
-0.6,False,1232,22,120,1,5,default
-0.8,False,1232,22,120,1,5,default
-1.0,False,1232,22,120,1,5,default
-1.2,False,1232,22,120,1,5,default
-1.4,False,1232,22,120,1,5,default
-1.6,False,1232,22,120,1,5,default
-1.8,False,1232,22,120,1,5,default
-2.0,False,1232,22,120,1,5,default
-2.2,False,1232,22,120,1,5,default
-2.4,False,1232,22,120,1,5,default
-2.6,False,1232,22,120,1,5,default
-2.8,False,1232,22,120,1,5,default
-3.0,False,1232,22,120,1,5,default
-3.2,False,1232,22,120,1,5,default
-3.4,False,1232,22,120,1,5,default
-3.6,False,1232,22,120,1,5,default
-3.8,False,1232,22,120,1,5,default
-4.0,False,1232,22,120,1,5,default
-4.2,False,1232,22,120,1,5,default
-4.4,False,1232,22,120,1,5,default
-4.6,False,1232,22,120,1,5,default
-4.8,False,1232,22,120,1,5,default
-5.0,False,1232,22,120,1,5,default
-5.2,False,1232,22,120,1,5,default
-5.4,False,1232,22,120,1,5,default
-5.6,False,1232,22,120,1,5,default
-5.8,False,1232,22,120,1,5,default
-6.0,False,1232,22,120,1,5,default
-6.2,False,1232,22,120,1,5,default
-6.4,False,1232,22,120,1,5,default
-6.6,False,1232,22,120,1,5,default
-6.8,False,1232,22,120,1,5,default
-7.0,False,1232,22,120,1,5,default
-7.2,False,1232,22,120,1,5,default
-7.4,False,1232,22,120,1,5,default
-7.6,False,1232,22,120,1,5,default
-7.8,False,1232,22,120,1,5,default
-8.0,False,1232,22,120,1,5,default
2.0,True,1,22,121,1,5,default
1.8,True,12,22,121,1,5,default
1.6,True,15,22,121,1,5,default
1.4,True,77,22,121,1,5,default
1.2,True,124,22,121,1,5,default
1.0,True,124,22,121,1,5,default
0.8,True,170,22,121,1,5,default
0.6,False,1344,22,121,1,5,default
0.4,False,1344,22,121,1,5,default
0.2,False,1344,22,121,1,5,default
0.0,False,1344,22,121,1,5,default
-0.2,False,1344,22,121,1,5,default
-0.4,False,1344,22,121,1,5,default
-0.6,False,1344,22,121,1,5,default
-0.8,False,1344,22,121,1,5,default
-1.0,False,1344,22,121,1,5,default
-1.2,False,1344,22,121,1,5,default
-1.4,False,1344,22,121,1,5,default
-1.6,False,1344,22,121,1,5,default
-1.8,False,1344,22,121,1,5,default
-2.0,False,1344,22,121,1,5,default
-2.2,False,1344,22,121,1,5,default
-2.4,False,1344,22,121,1,5,default
-2.6,False,1344,22,121,1,5,default
-2.8,False,1344,22,121,1,5,default
-3.0,False,1344,22,121,1,5,default
-3.2,False,1344,22,121,1,5,default
-3.4,False,1344,22,121,1,5,default
-3.6,False,1344,22,121,1,5,default
-3.8,False,1344,22,121,1,5,default
-4.0,False,1344,22,121,1,5,default
-4.2,False,1344,22,121,1,5,default
-4.4,False,1344,22,121,1,5,default
-4.6,False,1344,22,121,1,5,default
-4.8,False,1344,22,121,1,5,default
-5.0,False,1344,22,121,1,5,default
-5.2,False,1344,22,121,1,5,default
-5.4,False,1344,22,121,1,5,default
-5.6,False,1344,22,121,1,5,default
-5.8,False,1344,22,121,1,5,default
-6.0,False,1344,22,121,1,5,default
-6.2,False,1344,22,121,1,5,default
-6.4,False,1344,22,121,1,5,default
-6.6,False,1344,22,121,1,5,default
-6.8,False,1344,22,121,1,5,default
-7.0,False,1344,22,121,1,5,default
-7.2,False,1344,22,121,1,5,default
-7.4,False,1344,22,121,1,5,default
-7.6,False,1344,22,121,1,5,default
-7.8,False,1344,22,121,1,5,default
-8.0,False,1344,22,121,1,5,default
2.0,True,1,22,122,1,5,default
1.8,True,3,22,122,1,5,default
1.6,True,13,22,122,1,5,default
1.4,True,13,22,122,1,5,default
1.2,True,33,22,122,1,5,default
1.0,True,107,22,122,1,5,default
0.8,False,1472,22,122,1,5,default
0.6,False,1472,22,122,1,5,default
0.4,False,1472,22,122,1,5,default
0.2,False,1472,22,122,1,5,default
0.0,False,1472,22,122,1,5,default
-0.2,False,1472,22,122,1,5,default
-0.4,False,1472,22,122,1,5,default
-0.6,False,1472,22,122,1,5,default
-0.8,False,1472,22,122,1,5,default
-1.0,False,1472,22,122,1,5,default
-1.2,False,1472,22,122,1,5,default
-1.4,False,1472,22,122,1,5,default
-1.6,False,1472,22,122,1,5,default
-1.8,False,1472,22,122,1,5,default
-2.0,False,1472,22,122,1,5,default
-2.2,False,1472,22,122,1,5,default
-2.4,False,1472,22,122,1,5,default
-2.6,False,1472,22,122,1,5,default
-2.8,False,1472,22,122,1,5,default
-3.0,False,1472,22,122,1,5,default
-3.2,False,1472,22,122,1,5,default
-3.4,False,1472,22,122,1,5,default
-3.6,False,1472,22,122,1,5,default
-3.8,False,1472,22,122,1,5,default
-4.0,False,1472,22,122,1,5,default
-4.2,False,1472,22,122,1,5,default
-4.4,False,1472,22,122,1,5,default
-4.6,False,1472,22,122,1,5,default
-4.8,False,1472,22,122,1,5,default
-5.0,False,1472,22,122,1,5,default
-5.2,False,1472,22,122,1,5,default
-5.4,False,1472,22,122,1,5,default
-5.6,False,1472,22,122,1,5,default
-5.8,False,1472,22,122,1,5,default
-6.0,False,1472,22,122,1,5,default
-6.2,False,1472,22,122,1,5,default
-6.4,False,1472,22,122,1,5,default
-6.6,False,1472,22,122,1,5,default
-6.8,False,1472,22,122,1,5,default
-7.0,False,1472,22,122,1,5,default
-7.2,False,1472,22,122,1,5,default
-7.4,False,1472,22,122,1,5,default
-7.6,False,1472,22,122,1,5,default
-7.8,False,1472,22,122,1,5,default
-8.0,False,1472,22,122,1,5,default
2.0,True,1,22,123,1,5,default
1.8,True,1,22,123,1,5,default
1.6,True,19,22,123,1,5,default
1.4,True,42,22,123,1,5,default
1.2,True,51,22,123,1,5,default
1.0,True,60,22,123,1,5,default
0.8,False,1384,22,123,1,5,default
0.6,False,1384,22,123,1,5,default
0.4,False,1384,22,123,1,5,default
0.2,False,1384,22,123,1,5,default
0.0,False,1384,22,123,1,5,default
-0.2,False,1384,22,123,1,5,default
-0.4,False,1384,22,123,1,5,default
-0.6,False,1384,22,123,1,5,default
-0.8,False,1384,22,123,1,5,default
-1.0,False,1384,22,123,1,5,default
-1.2,False,1384,22,123,1,5,default
-1.4,False,1384,22,123,1,5,default
-1.6,False,1384,22,123,1,5,default
-1.8,False,1384,22,123,1,5,default
-2.0,False,1384,22,123,1,5,default
-2.2,False,1384,22,123,1,5,default
-2.4,False,1384,22,123,1,5,default
-2.6,False,1384,22,123,1,5,default
-2.8,False,1384,22,123,1,5,default
-3.0,False,1384,22,123,1,5,default
-3.2,False,1384,22,123,1,5,default
-3.4,False,1384,22,123,1,5,default
-3.6,False,1384,22,123,1,5,default
-3.8,False,1384,22,123,1,5,default
-4.0,False,1384,22,123,1,5,default
-4.2,False,1384,22,123,1,5,default
-4.4,False,1384,22,123,1,5,default
-4.6,False,1384,22,123,1,5,default
-4.8,False,1384,22,123,1,5,default
-5.0,False,1384,22,123,1,5,default
-5.2,False,1384,22,123,1,5,default
-5.4,False,1384,22,123,1,5,default
-5.6,False,1384,22,123,1,5,default
-5.8,False,1384,22,123,1,5,default
-6.0,False,1384,22,123,1,5,default
-6.2,False,1384,22,123,1,5,default
-6.4,False,1384,22,123,1,5,default
-6.6,False,1384,22,123,1,5,default
-6.8,False,1384,22,123,1,5,default
-7.0,False,1384,22,123,1,5,default
-7.2,False,1384,22,123,1,5,default
-7.4,False,1384,22,123,1,5,default
-7.6,False,1384,22,123,1,5,default
-7.8,False,1384,22,123,1,5,default
-8.0,False,1384,22,123,1,5,default
2.0,True,1,22,124,1,5,default
1.8,True,3,22,124,1,5,default
1.6,True,12,22,124,1,5,default
1.4,True,84,22,124,1,5,default
1.2,True,84,22,124,1,5,default
1.0,True,156,22,124,1,5,default
0.8,True,241,22,124,1,5,default
0.6,True,267,22,124,1,5,default
0.4,True,316,22,124,1,5,default
0.2,False,1456,22,124,1,5,default
0.0,False,1456,22,124,1,5,default
-0.2,False,1456,22,124,1,5,default
-0.4,False,1456,22,124,1,5,default
-0.6,False,1456,22,124,1,5,default
-0.8,False,1456,22,124,1,5,default
-1.0,False,1456,22,124,1,5,default
-1.2,False,1456,22,124,1,5,default
-1.4,False,1456,22,124,1,5,default
-1.6,False,1456,22,124,1,5,default
-1.8,False,1456,22,124,1,5,default
-2.0,False,1456,22,124,1,5,default
-2.2,False,1456,22,124,1,5,default
-2.4,False,1456,22,124,1,5,default
-2.6,False,1456,22,124,1,5,default
-2.8,False,1456,22,124,1,5,default
-3.0,False,1456,22,124,1,5,default
-3.2,False,1456,22,124,1,5,default
-3.4,False,1456,22,124,1,5,default
-3.6,False,1456,22,124,1,5,default
-3.8,False,1456,22,124,1,5,default
-4.0,False,1456,22,124,1,5,default
-4.2,False,1456,22,124,1,5,default
-4.4,False,1456,22,124,1,5,default
-4.6,False,1456,22,124,1,5,default
-4.8,False,1456,22,124,1,5,default
-5.0,False,1456,22,124,1,5,default
-5.2,False,1456,22,124,1,5,default
-5.4,False,1456,22,124,1,5,default
-5.6,False,1456,22,124,1,5,default
-5.8,False,1456,22,124,1,5,default
-6.0,False,1456,22,124,1,5,default
-6.2,False,1456,22,124,1,5,default
-6.4,False,1456,22,124,1,5,default
-6.6,False,1456,22,124,1,5,default
-6.8,False,1456,22,124,1,5,default
-7.0,False,1456,22,124,1,5,default
-7.2,False,1456,22,124,1,5,default
-7.4,False,1456,22,124,1,5,default
-7.6,False,1456,22,124,1,5,default
-7.8,False,1456,22,124,1,5,default
-8.0,False,1456,22,124,1,5,default
2.0,True,2,22,125,1,5,default
1.8,True,19,22,125,1,5,default
1.6,True,57,22,125,1,5,default
1.4,True,115,22,125,1,5,default
1.2,True,214,22,125,1,5,default
1.0,False,1480,22,125,1,5,default
0.8,False,1480,22,125,1,5,default
0.6,False,1480,22,125,1,5,default
0.4,False,1480,22,125,1,5,default
0.2,False,1480,22,125,1,5,default
0.0,False,1480,22,125,1,5,default
-0.2,False,1480,22,125,1,5,default
-0.4,False,1480,22,125,1,5,default
-0.6,False,1480,22,125,1,5,default
-0.8,False,1480,22,125,1,5,default
-1.0,False,1480,22,125,1,5,default
-1.2,False,1480,22,125,1,5,default
-1.4,False,1480,22,125,1,5,default
-1.6,False,1480,22,125,1,5,default
-1.8,False,1480,22,125,1,5,default
-2.0,False,1480,22,125,1,5,default
-2.2,False,1480,22,125,1,5,default
-2.4,False,1480,22,125,1,5,default
-2.6,False,1480,22,125,1,5,default
-2.8,False,1480,22,125,1,5,default
-3.0,False,1480,22,125,1,5,default
-3.2,False,1480,22,125,1,5,default
-3.4,False,1480,22,125,1,5,default
-3.6,False,1480,22,125,1,5,default
-3.8,False,1480,22,125,1,5,default
-4.0,False,1480,22,125,1,5,default
-4.2,False,1480,22,125,1,5,default
-4.4,False,1480,22,125,1,5,default
-4.6,False,1480,22,125,1,5,default
-4.8,False,1480,22,125,1,5,default
-5.0,False,1480,22,125,1,5,default
-5.2,False,1480,22,125,1,5,default
-5.4,False,1480,22,125,1,5,default
-5.6,False,1480,22,125,1,5,default
-5.8,False,1480,22,125,1,5,default
-6.0,False,1480,22,125,1,5,default
-6.2,False,1480,22,125,1,5,default
-6.4,False,1480,22,125,1,5,default
-6.6,False,1480,22,125,1,5,default
-6.8,False,1480,22,125,1,5,default
-7.0,False,1480,22,125,1,5,default
-7.2,False,1480,22,125,1,5,default
-7.4,False,1480,22,125,1,5,default
-7.6,False,1480,22,125,1,5,default
-7.8,False,1480,22,125,1,5,default
-8.0,False,1480,22,125,1,5,default
2.0,True,1,22,126,1,5,default
1.8,True,9,22,126,1,5,default
1.6,True,20,22,126,1,5,default
1.4,True,31,22,126,1,5,default
1.2,True,57,22,126,1,5,default
1.0,True,57,22,126,1,5,default
0.8,True,66,22,126,1,5,default
0.6,True,143,22,126,1,5,default
0.4,False,1184,22,126,1,5,default
0.2,False,1184,22,126,1,5,default
0.0,False,1184,22,126,1,5,default
-0.2,False,1184,22,126,1,5,default
-0.4,False,1184,22,126,1,5,default
-0.6,False,1184,22,126,1,5,default
-0.8,False,1184,22,126,1,5,default
-1.0,False,1184,22,126,1,5,default
-1.2,False,1184,22,126,1,5,default
-1.4,False,1184,22,126,1,5,default
-1.6,False,1184,22,126,1,5,default
-1.8,False,1184,22,126,1,5,default
-2.0,False,1184,22,126,1,5,default
-2.2,False,1184,22,126,1,5,default
-2.4,False,1184,22,126,1,5,default
-2.6,False,1184,22,126,1,5,default
-2.8,False,1184,22,126,1,5,default
-3.0,False,1184,22,126,1,5,default
-3.2,False,1184,22,126,1,5,default
-3.4,False,1184,22,126,1,5,default
-3.6,False,1184,22,126,1,5,default
-3.8,False,1184,22,126,1,5,default
-4.0,False,1184,22,126,1,5,default
-4.2,False,1184,22,126,1,5,default
-4.4,False,1184,22,126,1,5,default
-4.6,False,1184,22,126,1,5,default
-4.8,False,1184,22,126,1,5,default
-5.0,False,1184,22,126,1,5,default
-5.2,False,1184,22,126,1,5,default
-5.4,False,1184,22,126,1,5,default
-5.6,False,1184,22,126,1,5,default
-5.8,False,1184,22,126,1,5,default
-6.0,False,1184,22,126,1,5,default
-6.2,False,1184,22,126,1,5,default
-6.4,False,1184,22,126,1,5,default
-6.6,False,1184,22,126,1,5,default
-6.8,False,1184,22,126,1,5,default
-7.0,False,1184,22,126,1,5,default
-7.2,False,1184,22,126,1,5,default
-7.4,False,1184,22,126,1,5,default
-7.6,False,1184,22,126,1,5,default
-7.8,False,1184,22,126,1,5,default
-8.0,False,1184,22,126,1,5,default
2.0,True,1,22,127,1,5,default
1.8,True,4,22,127,1,5,default
1.6,True,30,22,127,1,5,default
1.4,True,30,22,127,1,5,default
1.2,True,133,22,127,1,5,default
1.0,False,1432,22,127,1,5,default
0.8,False,1432,22,127,1,5,default
0.6,False,1432,22,127,1,5,default
0.4,False,1432,22,127,1,5,default
0.2,False,1432,22,127,1,5,default
0.0,False,1432,22,127,1,5,default
-0.2,False,1432,22,127,1,5,default
-0.4,False,1432,22,127,1,5,default
-0.6,False,1432,22,127,1,5,default
-0.8,False,1432,22,127,1,5,default
-1.0,False,1432,22,127,1,5,default
-1.2,False,1432,22,127,1,5,default
-1.4,False,1432,22,127,1,5,default
-1.6,False,1432,22,127,1,5,default
-1.8,False,1432,22,127,1,5,default
-2.0,False,1432,22,127,1,5,default
-2.2,False,1432,22,127,1,5,default
-2.4,False,1432,22,127,1,5,default
-2.6,False,1432,22,127,1,5,default
-2.8,False,1432,22,127,1,5,default
-3.0,False,1432,22,127,1,5,default
-3.2,False,1432,22,127,1,5,default
-3.4,False,1432,22,127,1,5,default
-3.6,False,1432,22,127,1,5,default
-3.8,False,1432,22,127,1,5,default
-4.0,False,1432,22,127,1,5,default
-4.2,False,1432,22,127,1,5,default
-4.4,False,1432,22,127,1,5,default
-4.6,False,1432,22,127,1,5,default
-4.8,False,1432,22,127,1,5,default
-5.0,False,1432,22,127,1,5,default
-5.2,False,1432,22,127,1,5,default
-5.4,False,1432,22,127,1,5,default
-5.6,False,1432,22,127,1,5,default
-5.8,False,1432,22,127,1,5,default
-6.0,False,1432,22,127,1,5,default
-6.2,False,1432,22,127,1,5,default
-6.4,False,1432,22,127,1,5,default
-6.6,False,1432,22,127,1,5,default
-6.8,False,1432,22,127,1,5,default
-7.0,False,1432,22,127,1,5,default
-7.2,False,1432,22,127,1,5,default
-7.4,False,1432,22,127,1,5,default
-7.6,False,1432,22,127,1,5,default
-7.8,False,1432,22,127,1,5,default
-8.0,False,1432,22,127,1,5,default
2.0,True,1,22,128,1,5,default
1.8,True,13,22,128,1,5,default
1.6,True,47,22,128,1,5,default
1.4,True,203,22,128,1,5,default
1.2,False,1424,22,128,1,5,default
1.0,False,1424,22,128,1,5,default
0.8,False,1424,22,128,1,5,default
0.6,False,1424,22,128,1,5,default
0.4,False,1424,22,128,1,5,default
0.2,False,1424,22,128,1,5,default
0.0,False,1424,22,128,1,5,default
-0.2,False,1424,22,128,1,5,default
-0.4,False,1424,22,128,1,5,default
-0.6,False,1424,22,128,1,5,default
-0.8,False,1424,22,128,1,5,default
-1.0,False,1424,22,128,1,5,default
-1.2,False,1424,22,128,1,5,default
-1.4,False,1424,22,128,1,5,default
-1.6,False,1424,22,128,1,5,default
-1.8,False,1424,22,128,1,5,default
-2.0,False,1424,22,128,1,5,default
-2.2,False,1424,22,128,1,5,default
-2.4,False,1424,22,128,1,5,default
-2.6,False,1424,22,128,1,5,default
-2.8,False,1424,22,128,1,5,default
-3.0,False,1424,22,128,1,5,default
-3.2,False,1424,22,128,1,5,default
-3.4,False,1424,22,128,1,5,default
-3.6,False,1424,22,128,1,5,default
-3.8,False,1424,22,128,1,5,default
-4.0,False,1424,22,128,1,5,default
-4.2,False,1424,22,128,1,5,default
-4.4,False,1424,22,128,1,5,default
-4.6,False,1424,22,128,1,5,default
-4.8,False,1424,22,128,1,5,default
-5.0,False,1424,22,128,1,5,default
-5.2,False,1424,22,128,1,5,default
-5.4,False,1424,22,128,1,5,default
-5.6,False,1424,22,128,1,5,default
-5.8,False,1424,22,128,1,5,default
-6.0,False,1424,22,128,1,5,default
-6.2,False,1424,22,128,1,5,default
-6.4,False,1424,22,128,1,5,default
-6.6,False,1424,22,128,1,5,default
-6.8,False,1424,22,128,1,5,default
-7.0,False,1424,22,128,1,5,default
-7.2,False,1424,22,128,1,5,default
-7.4,False,1424,22,128,1,5,default
-7.6,False,1424,22,128,1,5,default
-7.8,False,1424,22,128,1,5,default
-8.0,False,1424,22,128,1,5,default
2.0,True,1,22,129,1,5,default
1.8,True,14,22,129,1,5,default
1.6,True,98,22,129,1,5,default
1.4,True,98,22,129,1,5,default
1.2,False,1192,22,129,1,5,default
1.0,False,1192,22,129,1,5,default
0.8,False,1192,22,129,1,5,default
0.6,False,1192,22,129,1,5,default
0.4,False,1192,22,129,1,5,default
0.2,False,1192,22,129,1,5,default
0.0,False,1192,22,129,1,5,default
-0.2,False,1192,22,129,1,5,default
-0.4,False,1192,22,129,1,5,default
-0.6,False,1192,22,129,1,5,default
-0.8,False,1192,22,129,1,5,default
-1.0,False,1192,22,129,1,5,default
-1.2,False,1192,22,129,1,5,default
-1.4,False,1192,22,129,1,5,default
-1.6,False,1192,22,129,1,5,default
-1.8,False,1192,22,129,1,5,default
-2.0,False,1192,22,129,1,5,default
-2.2,False,1192,22,129,1,5,default
-2.4,False,1192,22,129,1,5,default
-2.6,False,1192,22,129,1,5,default
-2.8,False,1192,22,129,1,5,default
-3.0,False,1192,22,129,1,5,default
-3.2,False,1192,22,129,1,5,default
-3.4,False,1192,22,129,1,5,default
-3.6,False,1192,22,129,1,5,default
-3.8,False,1192,22,129,1,5,default
-4.0,False,1192,22,129,1,5,default
-4.2,False,1192,22,129,1,5,default
-4.4,False,1192,22,129,1,5,default
-4.6,False,1192,22,129,1,5,default
-4.8,False,1192,22,129,1,5,default
-5.0,False,1192,22,129,1,5,default
-5.2,False,1192,22,129,1,5,default
-5.4,False,1192,22,129,1,5,default
-5.6,False,1192,22,129,1,5,default
-5.8,False,1192,22,129,1,5,default
-6.0,False,1192,22,129,1,5,default
-6.2,False,1192,22,129,1,5,default
-6.4,False,1192,22,129,1,5,default
-6.6,False,1192,22,129,1,5,default
-6.8,False,1192,22,129,1,5,default
-7.0,False,1192,22,129,1,5,default
-7.2,False,1192,22,129,1,5,default
-7.4,False,1192,22,129,1,5,default
-7.6,False,1192,22,129,1,5,default
-7.8,False,1192,22,129,1,5,default
-8.0,False,1192,22,129,1,5,default
2.0,True,1,22,130,1,5,default
1.8,True,30,22,130,1,5,default
1.6,False,1456,22,130,1,5,default
1.4,False,1456,22,130,1,5,default
1.2,False,1456,22,130,1,5,default
1.0,False,1456,22,130,1,5,default
0.8,False,1456,22,130,1,5,default
0.6,False,1456,22,130,1,5,default
0.4,False,1456,22,130,1,5,default
0.2,False,1456,22,130,1,5,default
0.0,False,1456,22,130,1,5,default
-0.2,False,1456,22,130,1,5,default
-0.4,False,1456,22,130,1,5,default
-0.6,False,1456,22,130,1,5,default
-0.8,False,1456,22,130,1,5,default
-1.0,False,1456,22,130,1,5,default
-1.2,False,1456,22,130,1,5,default
-1.4,False,1456,22,130,1,5,default
-1.6,False,1456,22,130,1,5,default
-1.8,False,1456,22,130,1,5,default
-2.0,False,1456,22,130,1,5,default
-2.2,False,1456,22,130,1,5,default
-2.4,False,1456,22,130,1,5,default
-2.6,False,1456,22,130,1,5,default
-2.8,False,1456,22,130,1,5,default
-3.0,False,1456,22,130,1,5,default
-3.2,False,1456,22,130,1,5,default
-3.4,False,1456,22,130,1,5,default
-3.6,False,1456,22,130,1,5,default
-3.8,False,1456,22,130,1,5,default
-4.0,False,1456,22,130,1,5,default
-4.2,False,1456,22,130,1,5,default
-4.4,False,1456,22,130,1,5,default
-4.6,False,1456,22,130,1,5,default
-4.8,False,1456,22,130,1,5,default
-5.0,False,1456,22,130,1,5,default
-5.2,False,1456,22,130,1,5,default
-5.4,False,1456,22,130,1,5,default
-5.6,False,1456,22,130,1,5,default
-5.8,False,1456,22,130,1,5,default
-6.0,False,1456,22,130,1,5,default
-6.2,False,1456,22,130,1,5,default
-6.4,False,1456,22,130,1,5,default
-6.6,False,1456,22,130,1,5,default
-6.8,False,1456,22,130,1,5,default
-7.0,False,1456,22,130,1,5,default
-7.2,False,1456,22,130,1,5,default
-7.4,False,1456,22,130,1,5,default
-7.6,False,1456,22,130,1,5,default
-7.8,False,1456,22,130,1,5,default
-8.0,False,1456,22,130,1,5,default
2.0,True,1,22,131,1,5,default
1.8,True,41,22,131,1,5,default
1.6,True,41,22,131,1,5,default
1.4,True,41,22,131,1,5,default
1.2,True,189,22,131,1,5,default
1.0,True,189,22,131,1,5,default
0.8,True,226,22,131,1,5,default
0.6,True,241,22,131,1,5,default
0.4,True,274,22,131,1,5,default
0.2,True,313,22,131,1,5,default
0.0,True,327,22,131,1,5,default
-0.2,False,1400,22,131,1,5,default
-0.4,False,1400,22,131,1,5,default
-0.6,False,1400,22,131,1,5,default
-0.8,False,1400,22,131,1,5,default
-1.0,False,1400,22,131,1,5,default
-1.2,False,1400,22,131,1,5,default
-1.4,False,1400,22,131,1,5,default
-1.6,False,1400,22,131,1,5,default
-1.8,False,1400,22,131,1,5,default
-2.0,False,1400,22,131,1,5,default
-2.2,False,1400,22,131,1,5,default
-2.4,False,1400,22,131,1,5,default
-2.6,False,1400,22,131,1,5,default
-2.8,False,1400,22,131,1,5,default
-3.0,False,1400,22,131,1,5,default
-3.2,False,1400,22,131,1,5,default
-3.4,False,1400,22,131,1,5,default
-3.6,False,1400,22,131,1,5,default
-3.8,False,1400,22,131,1,5,default
-4.0,False,1400,22,131,1,5,default
-4.2,False,1400,22,131,1,5,default
-4.4,False,1400,22,131,1,5,default
-4.6,False,1400,22,131,1,5,default
-4.8,False,1400,22,131,1,5,default
-5.0,False,1400,22,131,1,5,default
-5.2,False,1400,22,131,1,5,default
-5.4,False,1400,22,131,1,5,default
-5.6,False,1400,22,131,1,5,default
-5.8,False,1400,22,131,1,5,default
-6.0,False,1400,22,131,1,5,default
-6.2,False,1400,22,131,1,5,default
-6.4,False,1400,22,131,1,5,default
-6.6,False,1400,22,131,1,5,default
-6.8,False,1400,22,131,1,5,default
-7.0,False,1400,22,131,1,5,default
-7.2,False,1400,22,131,1,5,default
-7.4,False,1400,22,131,1,5,default
-7.6,False,1400,22,131,1,5,default
-7.8,False,1400,22,131,1,5,default
-8.0,False,1400,22,131,1,5,default
2.0,True,1,22,132,1,5,default
1.8,True,9,22,132,1,5,default
1.6,True,54,22,132,1,5,default
1.4,True,54,22,132,1,5,default
1.2,True,210,22,132,1,5,default
1.0,True,282,22,132,1,5,default
0.8,False,1728,22,132,1,5,default
0.6,False,1728,22,132,1,5,default
0.4,False,1728,22,132,1,5,default
0.2,False,1728,22,132,1,5,default
0.0,False,1728,22,132,1,5,default
-0.2,False,1728,22,132,1,5,default
-0.4,False,1728,22,132,1,5,default
-0.6,False,1728,22,132,1,5,default
-0.8,False,1728,22,132,1,5,default
-1.0,False,1728,22,132,1,5,default
-1.2,False,1728,22,132,1,5,default
-1.4,False,1728,22,132,1,5,default
-1.6,False,1728,22,132,1,5,default
-1.8,False,1728,22,132,1,5,default
-2.0,False,1728,22,132,1,5,default
-2.2,False,1728,22,132,1,5,default
-2.4,False,1728,22,132,1,5,default
-2.6,False,1728,22,132,1,5,default
-2.8,False,1728,22,132,1,5,default
-3.0,False,1728,22,132,1,5,default
-3.2,False,1728,22,132,1,5,default
-3.4,False,1728,22,132,1,5,default
-3.6,False,1728,22,132,1,5,default
-3.8,False,1728,22,132,1,5,default
-4.0,False,1728,22,132,1,5,default
-4.2,False,1728,22,132,1,5,default
-4.4,False,1728,22,132,1,5,default
-4.6,False,1728,22,132,1,5,default
-4.8,False,1728,22,132,1,5,default
-5.0,False,1728,22,132,1,5,default
-5.2,False,1728,22,132,1,5,default
-5.4,False,1728,22,132,1,5,default
-5.6,False,1728,22,132,1,5,default
-5.8,False,1728,22,132,1,5,default
-6.0,False,1728,22,132,1,5,default
-6.2,False,1728,22,132,1,5,default
-6.4,False,1728,22,132,1,5,default
-6.6,False,1728,22,132,1,5,default
-6.8,False,1728,22,132,1,5,default
-7.0,False,1728,22,132,1,5,default
-7.2,False,1728,22,132,1,5,default
-7.4,False,1728,22,132,1,5,default
-7.6,False,1728,22,132,1,5,default
-7.8,False,1728,22,132,1,5,default
-8.0,False,1728,22,132,1,5,default
2.0,True,1,22,133,1,5,default
1.8,True,9,22,133,1,5,default
1.6,True,24,22,133,1,5,default
1.4,True,76,22,133,1,5,default
1.2,True,121,22,133,1,5,default
1.0,False,1200,22,133,1,5,default
0.8,False,1200,22,133,1,5,default
0.6,False,1200,22,133,1,5,default
0.4,False,1200,22,133,1,5,default
0.2,False,1200,22,133,1,5,default
0.0,False,1200,22,133,1,5,default
-0.2,False,1200,22,133,1,5,default
-0.4,False,1200,22,133,1,5,default
-0.6,False,1200,22,133,1,5,default
-0.8,False,1200,22,133,1,5,default
-1.0,False,1200,22,133,1,5,default
-1.2,False,1200,22,133,1,5,default
-1.4,False,1200,22,133,1,5,default
-1.6,False,1200,22,133,1,5,default
-1.8,False,1200,22,133,1,5,default
-2.0,False,1200,22,133,1,5,default
-2.2,False,1200,22,133,1,5,default
-2.4,False,1200,22,133,1,5,default
-2.6,False,1200,22,133,1,5,default
-2.8,False,1200,22,133,1,5,default
-3.0,False,1200,22,133,1,5,default
-3.2,False,1200,22,133,1,5,default
-3.4,False,1200,22,133,1,5,default
-3.6,False,1200,22,133,1,5,default
-3.8,False,1200,22,133,1,5,default
-4.0,False,1200,22,133,1,5,default
-4.2,False,1200,22,133,1,5,default
-4.4,False,1200,22,133,1,5,default
-4.6,False,1200,22,133,1,5,default
-4.8,False,1200,22,133,1,5,default
-5.0,False,1200,22,133,1,5,default
-5.2,False,1200,22,133,1,5,default
-5.4,False,1200,22,133,1,5,default
-5.6,False,1200,22,133,1,5,default
-5.8,False,1200,22,133,1,5,default
-6.0,False,1200,22,133,1,5,default
-6.2,False,1200,22,133,1,5,default
-6.4,False,1200,22,133,1,5,default
-6.6,False,1200,22,133,1,5,default
-6.8,False,1200,22,133,1,5,default
-7.0,False,1200,22,133,1,5,default
-7.2,False,1200,22,133,1,5,default
-7.4,False,1200,22,133,1,5,default
-7.6,False,1200,22,133,1,5,default
-7.8,False,1200,22,133,1,5,default
-8.0,False,1200,22,133,1,5,default
2.0,True,1,22,134,1,5,default
1.8,True,8,22,134,1,5,default
1.6,True,28,22,134,1,5,default
1.4,True,28,22,134,1,5,default
1.2,True,28,22,134,1,5,default
1.0,True,28,22,134,1,5,default
0.8,True,28,22,134,1,5,default
0.6,True,28,22,134,1,5,default
0.4,True,329,22,134,1,5,default
0.2,True,374,22,134,1,5,default
0.0,True,378,22,134,1,5,default
-0.2,True,378,22,134,1,5,default
-0.4,True,466,22,134,1,5,default
-0.6,True,466,22,134,1,5,default
-0.8,True,499,22,134,1,5,default
-1.0,True,504,22,134,1,5,default
-1.2,True,504,22,134,1,5,default
-1.4,True,517,22,134,1,5,default
-1.6,True,517,22,134,1,5,default
-1.8,True,518,22,134,1,5,default
-2.0,True,518,22,134,1,5,default
-2.2,True,553,22,134,1,5,default
-2.4,True,553,22,134,1,5,default
-2.6,True,610,22,134,1,5,default
-2.8,True,610,22,134,1,5,default
-3.0,True,636,22,134,1,5,default
-3.2,True,659,22,134,1,5,default
-3.4,True,659,22,134,1,5,default
-3.6,True,659,22,134,1,5,default
-3.8,True,663,22,134,1,5,default
-4.0,True,664,22,134,1,5,default
-4.2,True,673,22,134,1,5,default
-4.4,True,673,22,134,1,5,default
-4.6,True,712,22,134,1,5,default
-4.8,True,734,22,134,1,5,default
-5.0,True,734,22,134,1,5,default
-5.2,True,735,22,134,1,5,default
-5.4,True,735,22,134,1,5,default
-5.6,True,735,22,134,1,5,default
-5.8,True,735,22,134,1,5,default
-6.0,True,735,22,134,1,5,default
-6.2,True,769,22,134,1,5,default
-6.4,True,769,22,134,1,5,default
-6.6,True,769,22,134,1,5,default
-6.8,True,807,22,134,1,5,default
-7.0,True,807,22,134,1,5,default
-7.2,True,807,22,134,1,5,default
-7.4,True,853,22,134,1,5,default
-7.6,True,854,22,134,1,5,default
-7.8,True,854,22,134,1,5,default
-8.0,True,867,22,134,1,5,default
2.0,True,1,22,135,1,5,default
1.8,True,1,22,135,1,5,default
1.6,True,7,22,135,1,5,default
1.4,True,7,22,135,1,5,default
1.2,True,8,22,135,1,5,default
1.0,True,83,22,135,1,5,default
0.8,True,83,22,135,1,5,default
0.6,True,183,22,135,1,5,default
0.4,True,183,22,135,1,5,default
0.2,True,281,22,135,1,5,default
0.0,True,335,22,135,1,5,default
-0.2,False,1800,22,135,1,5,default
-0.4,False,1800,22,135,1,5,default
-0.6,False,1800,22,135,1,5,default
-0.8,False,1800,22,135,1,5,default
-1.0,False,1800,22,135,1,5,default
-1.2,False,1800,22,135,1,5,default
-1.4,False,1800,22,135,1,5,default
-1.6,False,1800,22,135,1,5,default
-1.8,False,1800,22,135,1,5,default
-2.0,False,1800,22,135,1,5,default
-2.2,False,1800,22,135,1,5,default
-2.4,False,1800,22,135,1,5,default
-2.6,False,1800,22,135,1,5,default
-2.8,False,1800,22,135,1,5,default
-3.0,False,1800,22,135,1,5,default
-3.2,False,1800,22,135,1,5,default
-3.4,False,1800,22,135,1,5,default
-3.6,False,1800,22,135,1,5,default
-3.8,False,1800,22,135,1,5,default
-4.0,False,1800,22,135,1,5,default
-4.2,False,1800,22,135,1,5,default
-4.4,False,1800,22,135,1,5,default
-4.6,False,1800,22,135,1,5,default
-4.8,False,1800,22,135,1,5,default
-5.0,False,1800,22,135,1,5,default
-5.2,False,1800,22,135,1,5,default
-5.4,False,1800,22,135,1,5,default
-5.6,False,1800,22,135,1,5,default
-5.8,False,1800,22,135,1,5,default
-6.0,False,1800,22,135,1,5,default
-6.2,False,1800,22,135,1,5,default
-6.4,False,1800,22,135,1,5,default
-6.6,False,1800,22,135,1,5,default
-6.8,False,1800,22,135,1,5,default
-7.0,False,1800,22,135,1,5,default
-7.2,False,1800,22,135,1,5,default
-7.4,False,1800,22,135,1,5,default
-7.6,False,1800,22,135,1,5,default
-7.8,False,1800,22,135,1,5,default
-8.0,False,1800,22,135,1,5,default
2.0,True,1,22,136,1,5,default
1.8,True,2,22,136,1,5,default
1.6,True,132,22,136,1,5,default
1.4,False,1352,22,136,1,5,default
1.2,False,1352,22,136,1,5,default
1.0,False,1352,22,136,1,5,default
0.8,False,1352,22,136,1,5,default
0.6,False,1352,22,136,1,5,default
0.4,False,1352,22,136,1,5,default
0.2,False,1352,22,136,1,5,default
0.0,False,1352,22,136,1,5,default
-0.2,False,1352,22,136,1,5,default
-0.4,False,1352,22,136,1,5,default
-0.6,False,1352,22,136,1,5,default
-0.8,False,1352,22,136,1,5,default
-1.0,False,1352,22,136,1,5,default
-1.2,False,1352,22,136,1,5,default
-1.4,False,1352,22,136,1,5,default
-1.6,False,1352,22,136,1,5,default
-1.8,False,1352,22,136,1,5,default
-2.0,False,1352,22,136,1,5,default
-2.2,False,1352,22,136,1,5,default
-2.4,False,1352,22,136,1,5,default
-2.6,False,1352,22,136,1,5,default
-2.8,False,1352,22,136,1,5,default
-3.0,False,1352,22,136,1,5,default
-3.2,False,1352,22,136,1,5,default
-3.4,False,1352,22,136,1,5,default
-3.6,False,1352,22,136,1,5,default
-3.8,False,1352,22,136,1,5,default
-4.0,False,1352,22,136,1,5,default
-4.2,False,1352,22,136,1,5,default
-4.4,False,1352,22,136,1,5,default
-4.6,False,1352,22,136,1,5,default
-4.8,False,1352,22,136,1,5,default
-5.0,False,1352,22,136,1,5,default
-5.2,False,1352,22,136,1,5,default
-5.4,False,1352,22,136,1,5,default
-5.6,False,1352,22,136,1,5,default
-5.8,False,1352,22,136,1,5,default
-6.0,False,1352,22,136,1,5,default
-6.2,False,1352,22,136,1,5,default
-6.4,False,1352,22,136,1,5,default
-6.6,False,1352,22,136,1,5,default
-6.8,False,1352,22,136,1,5,default
-7.0,False,1352,22,136,1,5,default
-7.2,False,1352,22,136,1,5,default
-7.4,False,1352,22,136,1,5,default
-7.6,False,1352,22,136,1,5,default
-7.8,False,1352,22,136,1,5,default
-8.0,False,1352,22,136,1,5,default
2.0,True,1,22,137,1,5,default
1.8,True,5,22,137,1,5,default
1.6,True,54,22,137,1,5,default
1.4,True,54,22,137,1,5,default
1.2,True,81,22,137,1,5,default
1.0,True,104,22,137,1,5,default
0.8,True,111,22,137,1,5,default
0.6,True,111,22,137,1,5,default
0.4,True,127,22,137,1,5,default
0.2,True,127,22,137,1,5,default
0.0,True,174,22,137,1,5,default
-0.2,False,1240,22,137,1,5,default
-0.4,False,1240,22,137,1,5,default
-0.6,False,1240,22,137,1,5,default
-0.8,False,1240,22,137,1,5,default
-1.0,False,1240,22,137,1,5,default
-1.2,False,1240,22,137,1,5,default
-1.4,False,1240,22,137,1,5,default
-1.6,False,1240,22,137,1,5,default
-1.8,False,1240,22,137,1,5,default
-2.0,False,1240,22,137,1,5,default
-2.2,False,1240,22,137,1,5,default
-2.4,False,1240,22,137,1,5,default
-2.6,False,1240,22,137,1,5,default
-2.8,False,1240,22,137,1,5,default
-3.0,False,1240,22,137,1,5,default
-3.2,False,1240,22,137,1,5,default
-3.4,False,1240,22,137,1,5,default
-3.6,False,1240,22,137,1,5,default
-3.8,False,1240,22,137,1,5,default
-4.0,False,1240,22,137,1,5,default
-4.2,False,1240,22,137,1,5,default
-4.4,False,1240,22,137,1,5,default
-4.6,False,1240,22,137,1,5,default
-4.8,False,1240,22,137,1,5,default
-5.0,False,1240,22,137,1,5,default
-5.2,False,1240,22,137,1,5,default
-5.4,False,1240,22,137,1,5,default
-5.6,False,1240,22,137,1,5,default
-5.8,False,1240,22,137,1,5,default
-6.0,False,1240,22,137,1,5,default
-6.2,False,1240,22,137,1,5,default
-6.4,False,1240,22,137,1,5,default
-6.6,False,1240,22,137,1,5,default
-6.8,False,1240,22,137,1,5,default
-7.0,False,1240,22,137,1,5,default
-7.2,False,1240,22,137,1,5,default
-7.4,False,1240,22,137,1,5,default
-7.6,False,1240,22,137,1,5,default
-7.8,False,1240,22,137,1,5,default
-8.0,False,1240,22,137,1,5,default
2.0,True,1,22,138,1,5,default
1.8,True,8,22,138,1,5,default
1.6,True,51,22,138,1,5,default
1.4,True,60,22,138,1,5,default
1.2,True,104,22,138,1,5,default
1.0,True,111,22,138,1,5,default
0.8,True,111,22,138,1,5,default
0.6,True,115,22,138,1,5,default
0.4,True,118,22,138,1,5,default
0.2,True,254,22,138,1,5,default
0.0,True,304,22,138,1,5,default
-0.2,False,1472,22,138,1,5,default
-0.4,False,1472,22,138,1,5,default
-0.6,False,1472,22,138,1,5,default
-0.8,False,1472,22,138,1,5,default
-1.0,False,1472,22,138,1,5,default
-1.2,False,1472,22,138,1,5,default
-1.4,False,1472,22,138,1,5,default
-1.6,False,1472,22,138,1,5,default
-1.8,False,1472,22,138,1,5,default
-2.0,False,1472,22,138,1,5,default
-2.2,False,1472,22,138,1,5,default
-2.4,False,1472,22,138,1,5,default
-2.6,False,1472,22,138,1,5,default
-2.8,False,1472,22,138,1,5,default
-3.0,False,1472,22,138,1,5,default
-3.2,False,1472,22,138,1,5,default
-3.4,False,1472,22,138,1,5,default
-3.6,False,1472,22,138,1,5,default
-3.8,False,1472,22,138,1,5,default
-4.0,False,1472,22,138,1,5,default
-4.2,False,1472,22,138,1,5,default
-4.4,False,1472,22,138,1,5,default
-4.6,False,1472,22,138,1,5,default
-4.8,False,1472,22,138,1,5,default
-5.0,False,1472,22,138,1,5,default
-5.2,False,1472,22,138,1,5,default
-5.4,False,1472,22,138,1,5,default
-5.6,False,1472,22,138,1,5,default
-5.8,False,1472,22,138,1,5,default
-6.0,False,1472,22,138,1,5,default
-6.2,False,1472,22,138,1,5,default
-6.4,False,1472,22,138,1,5,default
-6.6,False,1472,22,138,1,5,default
-6.8,False,1472,22,138,1,5,default
-7.0,False,1472,22,138,1,5,default
-7.2,False,1472,22,138,1,5,default
-7.4,False,1472,22,138,1,5,default
-7.6,False,1472,22,138,1,5,default
-7.8,False,1472,22,138,1,5,default
-8.0,False,1472,22,138,1,5,default
2.0,True,1,22,139,1,5,default
1.8,True,2,22,139,1,5,default
1.6,True,29,22,139,1,5,default
1.4,True,35,22,139,1,5,default
1.2,True,35,22,139,1,5,default
1.0,True,158,22,139,1,5,default
0.8,True,177,22,139,1,5,default
0.6,True,178,22,139,1,5,default
0.4,True,201,22,139,1,5,default
0.2,False,1320,22,139,1,5,default
0.0,False,1320,22,139,1,5,default
-0.2,False,1320,22,139,1,5,default
-0.4,False,1320,22,139,1,5,default
-0.6,False,1320,22,139,1,5,default
-0.8,False,1320,22,139,1,5,default
-1.0,False,1320,22,139,1,5,default
-1.2,False,1320,22,139,1,5,default
-1.4,False,1320,22,139,1,5,default
-1.6,False,1320,22,139,1,5,default
-1.8,False,1320,22,139,1,5,default
-2.0,False,1320,22,139,1,5,default
-2.2,False,1320,22,139,1,5,default
-2.4,False,1320,22,139,1,5,default
-2.6,False,1320,22,139,1,5,default
-2.8,False,1320,22,139,1,5,default
-3.0,False,1320,22,139,1,5,default
-3.2,False,1320,22,139,1,5,default
-3.4,False,1320,22,139,1,5,default
-3.6,False,1320,22,139,1,5,default
-3.8,False,1320,22,139,1,5,default
-4.0,False,1320,22,139,1,5,default
-4.2,False,1320,22,139,1,5,default
-4.4,False,1320,22,139,1,5,default
-4.6,False,1320,22,139,1,5,default
-4.8,False,1320,22,139,1,5,default
-5.0,False,1320,22,139,1,5,default
-5.2,False,1320,22,139,1,5,default
-5.4,False,1320,22,139,1,5,default
-5.6,False,1320,22,139,1,5,default
-5.8,False,1320,22,139,1,5,default
-6.0,False,1320,22,139,1,5,default
-6.2,False,1320,22,139,1,5,default
-6.4,False,1320,22,139,1,5,default
-6.6,False,1320,22,139,1,5,default
-6.8,False,1320,22,139,1,5,default
-7.0,False,1320,22,139,1,5,default
-7.2,False,1320,22,139,1,5,default
-7.4,False,1320,22,139,1,5,default
-7.6,False,1320,22,139,1,5,default
-7.8,False,1320,22,139,1,5,default
-8.0,False,1320,22,139,1,5,default
2.0,True,1,22,140,1,5,default
1.8,True,18,22,140,1,5,default
1.6,True,28,22,140,1,5,default
1.4,True,28,22,140,1,5,default
1.2,True,28,22,140,1,5,default
1.0,True,52,22,140,1,5,default
0.8,True,52,22,140,1,5,default
0.6,True,52,22,140,1,5,default
0.4,False,1280,22,140,1,5,default
0.2,False,1280,22,140,1,5,default
0.0,False,1280,22,140,1,5,default
-0.2,False,1280,22,140,1,5,default
-0.4,False,1280,22,140,1,5,default
-0.6,False,1280,22,140,1,5,default
-0.8,False,1280,22,140,1,5,default
-1.0,False,1280,22,140,1,5,default
-1.2,False,1280,22,140,1,5,default
-1.4,False,1280,22,140,1,5,default
-1.6,False,1280,22,140,1,5,default
-1.8,False,1280,22,140,1,5,default
-2.0,False,1280,22,140,1,5,default
-2.2,False,1280,22,140,1,5,default
-2.4,False,1280,22,140,1,5,default
-2.6,False,1280,22,140,1,5,default
-2.8,False,1280,22,140,1,5,default
-3.0,False,1280,22,140,1,5,default
-3.2,False,1280,22,140,1,5,default
-3.4,False,1280,22,140,1,5,default
-3.6,False,1280,22,140,1,5,default
-3.8,False,1280,22,140,1,5,default
-4.0,False,1280,22,140,1,5,default
-4.2,False,1280,22,140,1,5,default
-4.4,False,1280,22,140,1,5,default
-4.6,False,1280,22,140,1,5,default
-4.8,False,1280,22,140,1,5,default
-5.0,False,1280,22,140,1,5,default
-5.2,False,1280,22,140,1,5,default
-5.4,False,1280,22,140,1,5,default
-5.6,False,1280,22,140,1,5,default
-5.8,False,1280,22,140,1,5,default
-6.0,False,1280,22,140,1,5,default
-6.2,False,1280,22,140,1,5,default
-6.4,False,1280,22,140,1,5,default
-6.6,False,1280,22,140,1,5,default
-6.8,False,1280,22,140,1,5,default
-7.0,False,1280,22,140,1,5,default
-7.2,False,1280,22,140,1,5,default
-7.4,False,1280,22,140,1,5,default
-7.6,False,1280,22,140,1,5,default
-7.8,False,1280,22,140,1,5,default
-8.0,False,1280,22,140,1,5,default
2.0,True,1,22,141,1,5,default
1.8,True,11,22,141,1,5,default
1.6,True,11,22,141,1,5,default
1.4,True,11,22,141,1,5,default
1.2,True,63,22,141,1,5,default
1.0,True,99,22,141,1,5,default
0.8,True,284,22,141,1,5,default
0.6,False,1448,22,141,1,5,default
0.4,False,1448,22,141,1,5,default
0.2,False,1448,22,141,1,5,default
0.0,False,1448,22,141,1,5,default
-0.2,False,1448,22,141,1,5,default
-0.4,False,1448,22,141,1,5,default
-0.6,False,1448,22,141,1,5,default
-0.8,False,1448,22,141,1,5,default
-1.0,False,1448,22,141,1,5,default
-1.2,False,1448,22,141,1,5,default
-1.4,False,1448,22,141,1,5,default
-1.6,False,1448,22,141,1,5,default
-1.8,False,1448,22,141,1,5,default
-2.0,False,1448,22,141,1,5,default
-2.2,False,1448,22,141,1,5,default
-2.4,False,1448,22,141,1,5,default
-2.6,False,1448,22,141,1,5,default
-2.8,False,1448,22,141,1,5,default
-3.0,False,1448,22,141,1,5,default
-3.2,False,1448,22,141,1,5,default
-3.4,False,1448,22,141,1,5,default
-3.6,False,1448,22,141,1,5,default
-3.8,False,1448,22,141,1,5,default
-4.0,False,1448,22,141,1,5,default
-4.2,False,1448,22,141,1,5,default
-4.4,False,1448,22,141,1,5,default
-4.6,False,1448,22,141,1,5,default
-4.8,False,1448,22,141,1,5,default
-5.0,False,1448,22,141,1,5,default
-5.2,False,1448,22,141,1,5,default
-5.4,False,1448,22,141,1,5,default
-5.6,False,1448,22,141,1,5,default
-5.8,False,1448,22,141,1,5,default
-6.0,False,1448,22,141,1,5,default
-6.2,False,1448,22,141,1,5,default
-6.4,False,1448,22,141,1,5,default
-6.6,False,1448,22,141,1,5,default
-6.8,False,1448,22,141,1,5,default
-7.0,False,1448,22,141,1,5,default
-7.2,False,1448,22,141,1,5,default
-7.4,False,1448,22,141,1,5,default
-7.6,False,1448,22,141,1,5,default
-7.8,False,1448,22,141,1,5,default
-8.0,False,1448,22,141,1,5,default
2.0,True,1,22,142,1,5,default
1.8,True,23,22,142,1,5,default
1.6,True,23,22,142,1,5,default
1.4,True,29,22,142,1,5,default
1.2,True,53,22,142,1,5,default
1.0,True,53,22,142,1,5,default
0.8,True,87,22,142,1,5,default
0.6,True,87,22,142,1,5,default
0.4,True,87,22,142,1,5,default
0.2,True,174,22,142,1,5,default
0.0,True,181,22,142,1,5,default
-0.2,False,1232,22,142,1,5,default
-0.4,False,1232,22,142,1,5,default
-0.6,False,1232,22,142,1,5,default
-0.8,False,1232,22,142,1,5,default
-1.0,False,1232,22,142,1,5,default
-1.2,False,1232,22,142,1,5,default
-1.4,False,1232,22,142,1,5,default
-1.6,False,1232,22,142,1,5,default
-1.8,False,1232,22,142,1,5,default
-2.0,False,1232,22,142,1,5,default
-2.2,False,1232,22,142,1,5,default
-2.4,False,1232,22,142,1,5,default
-2.6,False,1232,22,142,1,5,default
-2.8,False,1232,22,142,1,5,default
-3.0,False,1232,22,142,1,5,default
-3.2,False,1232,22,142,1,5,default
-3.4,False,1232,22,142,1,5,default
-3.6,False,1232,22,142,1,5,default
-3.8,False,1232,22,142,1,5,default
-4.0,False,1232,22,142,1,5,default
-4.2,False,1232,22,142,1,5,default
-4.4,False,1232,22,142,1,5,default
-4.6,False,1232,22,142,1,5,default
-4.8,False,1232,22,142,1,5,default
-5.0,False,1232,22,142,1,5,default
-5.2,False,1232,22,142,1,5,default
-5.4,False,1232,22,142,1,5,default
-5.6,False,1232,22,142,1,5,default
-5.8,False,1232,22,142,1,5,default
-6.0,False,1232,22,142,1,5,default
-6.2,False,1232,22,142,1,5,default
-6.4,False,1232,22,142,1,5,default
-6.6,False,1232,22,142,1,5,default
-6.8,False,1232,22,142,1,5,default
-7.0,False,1232,22,142,1,5,default
-7.2,False,1232,22,142,1,5,default
-7.4,False,1232,22,142,1,5,default
-7.6,False,1232,22,142,1,5,default
-7.8,False,1232,22,142,1,5,default
-8.0,False,1232,22,142,1,5,default
2.0,True,1,22,143,1,5,default
1.8,True,27,22,143,1,5,default
1.6,True,61,22,143,1,5,default
1.4,True,61,22,143,1,5,default
1.2,True,61,22,143,1,5,default
1.0,True,121,22,143,1,5,default
0.8,True,149,22,143,1,5,default
0.6,True,149,22,143,1,5,default
0.4,True,149,22,143,1,5,default
0.2,False,1288,22,143,1,5,default
0.0,False,1288,22,143,1,5,default
-0.2,False,1288,22,143,1,5,default
-0.4,False,1288,22,143,1,5,default
-0.6,False,1288,22,143,1,5,default
-0.8,False,1288,22,143,1,5,default
-1.0,False,1288,22,143,1,5,default
-1.2,False,1288,22,143,1,5,default
-1.4,False,1288,22,143,1,5,default
-1.6,False,1288,22,143,1,5,default
-1.8,False,1288,22,143,1,5,default
-2.0,False,1288,22,143,1,5,default
-2.2,False,1288,22,143,1,5,default
-2.4,False,1288,22,143,1,5,default
-2.6,False,1288,22,143,1,5,default
-2.8,False,1288,22,143,1,5,default
-3.0,False,1288,22,143,1,5,default
-3.2,False,1288,22,143,1,5,default
-3.4,False,1288,22,143,1,5,default
-3.6,False,1288,22,143,1,5,default
-3.8,False,1288,22,143,1,5,default
-4.0,False,1288,22,143,1,5,default
-4.2,False,1288,22,143,1,5,default
-4.4,False,1288,22,143,1,5,default
-4.6,False,1288,22,143,1,5,default
-4.8,False,1288,22,143,1,5,default
-5.0,False,1288,22,143,1,5,default
-5.2,False,1288,22,143,1,5,default
-5.4,False,1288,22,143,1,5,default
-5.6,False,1288,22,143,1,5,default
-5.8,False,1288,22,143,1,5,default
-6.0,False,1288,22,143,1,5,default
-6.2,False,1288,22,143,1,5,default
-6.4,False,1288,22,143,1,5,default
-6.6,False,1288,22,143,1,5,default
-6.8,False,1288,22,143,1,5,default
-7.0,False,1288,22,143,1,5,default
-7.2,False,1288,22,143,1,5,default
-7.4,False,1288,22,143,1,5,default
-7.6,False,1288,22,143,1,5,default
-7.8,False,1288,22,143,1,5,default
-8.0,False,1288,22,143,1,5,default
2.0,True,1,22,144,1,5,default
1.8,True,8,22,144,1,5,default
1.6,True,12,22,144,1,5,default
1.4,True,12,22,144,1,5,default
1.2,True,12,22,144,1,5,default
1.0,False,1336,22,144,1,5,default
0.8,False,1336,22,144,1,5,default
0.6,False,1336,22,144,1,5,default
0.4,False,1336,22,144,1,5,default
0.2,False,1336,22,144,1,5,default
0.0,False,1336,22,144,1,5,default
-0.2,False,1336,22,144,1,5,default
-0.4,False,1336,22,144,1,5,default
-0.6,False,1336,22,144,1,5,default
-0.8,False,1336,22,144,1,5,default
-1.0,False,1336,22,144,1,5,default
-1.2,False,1336,22,144,1,5,default
-1.4,False,1336,22,144,1,5,default
-1.6,False,1336,22,144,1,5,default
-1.8,False,1336,22,144,1,5,default
-2.0,False,1336,22,144,1,5,default
-2.2,False,1336,22,144,1,5,default
-2.4,False,1336,22,144,1,5,default
-2.6,False,1336,22,144,1,5,default
-2.8,False,1336,22,144,1,5,default
-3.0,False,1336,22,144,1,5,default
-3.2,False,1336,22,144,1,5,default
-3.4,False,1336,22,144,1,5,default
-3.6,False,1336,22,144,1,5,default
-3.8,False,1336,22,144,1,5,default
-4.0,False,1336,22,144,1,5,default
-4.2,False,1336,22,144,1,5,default
-4.4,False,1336,22,144,1,5,default
-4.6,False,1336,22,144,1,5,default
-4.8,False,1336,22,144,1,5,default
-5.0,False,1336,22,144,1,5,default
-5.2,False,1336,22,144,1,5,default
-5.4,False,1336,22,144,1,5,default
-5.6,False,1336,22,144,1,5,default
-5.8,False,1336,22,144,1,5,default
-6.0,False,1336,22,144,1,5,default
-6.2,False,1336,22,144,1,5,default
-6.4,False,1336,22,144,1,5,default
-6.6,False,1336,22,144,1,5,default
-6.8,False,1336,22,144,1,5,default
-7.0,False,1336,22,144,1,5,default
-7.2,False,1336,22,144,1,5,default
-7.4,False,1336,22,144,1,5,default
-7.6,False,1336,22,144,1,5,default
-7.8,False,1336,22,144,1,5,default
-8.0,False,1336,22,144,1,5,default
2.0,True,1,22,145,1,5,default
1.8,True,15,22,145,1,5,default
1.6,True,15,22,145,1,5,default
1.4,True,22,22,145,1,5,default
1.2,True,68,22,145,1,5,default
1.0,True,68,22,145,1,5,default
0.8,False,1208,22,145,1,5,default
0.6,False,1208,22,145,1,5,default
0.4,False,1208,22,145,1,5,default
0.2,False,1208,22,145,1,5,default
0.0,False,1208,22,145,1,5,default
-0.2,False,1208,22,145,1,5,default
-0.4,False,1208,22,145,1,5,default
-0.6,False,1208,22,145,1,5,default
-0.8,False,1208,22,145,1,5,default
-1.0,False,1208,22,145,1,5,default
-1.2,False,1208,22,145,1,5,default
-1.4,False,1208,22,145,1,5,default
-1.6,False,1208,22,145,1,5,default
-1.8,False,1208,22,145,1,5,default
-2.0,False,1208,22,145,1,5,default
-2.2,False,1208,22,145,1,5,default
-2.4,False,1208,22,145,1,5,default
-2.6,False,1208,22,145,1,5,default
-2.8,False,1208,22,145,1,5,default
-3.0,False,1208,22,145,1,5,default
-3.2,False,1208,22,145,1,5,default
-3.4,False,1208,22,145,1,5,default
-3.6,False,1208,22,145,1,5,default
-3.8,False,1208,22,145,1,5,default
-4.0,False,1208,22,145,1,5,default
-4.2,False,1208,22,145,1,5,default
-4.4,False,1208,22,145,1,5,default
-4.6,False,1208,22,145,1,5,default
-4.8,False,1208,22,145,1,5,default
-5.0,False,1208,22,145,1,5,default
-5.2,False,1208,22,145,1,5,default
-5.4,False,1208,22,145,1,5,default
-5.6,False,1208,22,145,1,5,default
-5.8,False,1208,22,145,1,5,default
-6.0,False,1208,22,145,1,5,default
-6.2,False,1208,22,145,1,5,default
-6.4,False,1208,22,145,1,5,default
-6.6,False,1208,22,145,1,5,default
-6.8,False,1208,22,145,1,5,default
-7.0,False,1208,22,145,1,5,default
-7.2,False,1208,22,145,1,5,default
-7.4,False,1208,22,145,1,5,default
-7.6,False,1208,22,145,1,5,default
-7.8,False,1208,22,145,1,5,default
-8.0,False,1208,22,145,1,5,default
2.0,True,1,22,146,1,5,default
1.8,True,5,22,146,1,5,default
1.6,True,5,22,146,1,5,default
1.4,True,5,22,146,1,5,default
1.2,True,5,22,146,1,5,default
1.0,True,5,22,146,1,5,default
0.8,True,153,22,146,1,5,default
0.6,True,194,22,146,1,5,default
0.4,False,1312,22,146,1,5,default
0.2,False,1312,22,146,1,5,default
0.0,False,1312,22,146,1,5,default
-0.2,False,1312,22,146,1,5,default
-0.4,False,1312,22,146,1,5,default
-0.6,False,1312,22,146,1,5,default
-0.8,False,1312,22,146,1,5,default
-1.0,False,1312,22,146,1,5,default
-1.2,False,1312,22,146,1,5,default
-1.4,False,1312,22,146,1,5,default
-1.6,False,1312,22,146,1,5,default
-1.8,False,1312,22,146,1,5,default
-2.0,False,1312,22,146,1,5,default
-2.2,False,1312,22,146,1,5,default
-2.4,False,1312,22,146,1,5,default
-2.6,False,1312,22,146,1,5,default
-2.8,False,1312,22,146,1,5,default
-3.0,False,1312,22,146,1,5,default
-3.2,False,1312,22,146,1,5,default
-3.4,False,1312,22,146,1,5,default
-3.6,False,1312,22,146,1,5,default
-3.8,False,1312,22,146,1,5,default
-4.0,False,1312,22,146,1,5,default
-4.2,False,1312,22,146,1,5,default
-4.4,False,1312,22,146,1,5,default
-4.6,False,1312,22,146,1,5,default
-4.8,False,1312,22,146,1,5,default
-5.0,False,1312,22,146,1,5,default
-5.2,False,1312,22,146,1,5,default
-5.4,False,1312,22,146,1,5,default
-5.6,False,1312,22,146,1,5,default
-5.8,False,1312,22,146,1,5,default
-6.0,False,1312,22,146,1,5,default
-6.2,False,1312,22,146,1,5,default
-6.4,False,1312,22,146,1,5,default
-6.6,False,1312,22,146,1,5,default
-6.8,False,1312,22,146,1,5,default
-7.0,False,1312,22,146,1,5,default
-7.2,False,1312,22,146,1,5,default
-7.4,False,1312,22,146,1,5,default
-7.6,False,1312,22,146,1,5,default
-7.8,False,1312,22,146,1,5,default
-8.0,False,1312,22,146,1,5,default
2.0,True,1,22,147,1,5,default
1.8,True,11,22,147,1,5,default
1.6,True,11,22,147,1,5,default
1.4,True,14,22,147,1,5,default
1.2,True,14,22,147,1,5,default
1.0,True,73,22,147,1,5,default
0.8,True,97,22,147,1,5,default
0.6,True,97,22,147,1,5,default
0.4,True,118,22,147,1,5,default
0.2,True,157,22,147,1,5,default
0.0,True,208,22,147,1,5,default
-0.2,False,1232,22,147,1,5,default
-0.4,False,1232,22,147,1,5,default
-0.6,False,1232,22,147,1,5,default
-0.8,False,1232,22,147,1,5,default
-1.0,False,1232,22,147,1,5,default
-1.2,False,1232,22,147,1,5,default
-1.4,False,1232,22,147,1,5,default
-1.6,False,1232,22,147,1,5,default
-1.8,False,1232,22,147,1,5,default
-2.0,False,1232,22,147,1,5,default
-2.2,False,1232,22,147,1,5,default
-2.4,False,1232,22,147,1,5,default
-2.6,False,1232,22,147,1,5,default
-2.8,False,1232,22,147,1,5,default
-3.0,False,1232,22,147,1,5,default
-3.2,False,1232,22,147,1,5,default
-3.4,False,1232,22,147,1,5,default
-3.6,False,1232,22,147,1,5,default
-3.8,False,1232,22,147,1,5,default
-4.0,False,1232,22,147,1,5,default
-4.2,False,1232,22,147,1,5,default
-4.4,False,1232,22,147,1,5,default
-4.6,False,1232,22,147,1,5,default
-4.8,False,1232,22,147,1,5,default
-5.0,False,1232,22,147,1,5,default
-5.2,False,1232,22,147,1,5,default
-5.4,False,1232,22,147,1,5,default
-5.6,False,1232,22,147,1,5,default
-5.8,False,1232,22,147,1,5,default
-6.0,False,1232,22,147,1,5,default
-6.2,False,1232,22,147,1,5,default
-6.4,False,1232,22,147,1,5,default
-6.6,False,1232,22,147,1,5,default
-6.8,False,1232,22,147,1,5,default
-7.0,False,1232,22,147,1,5,default
-7.2,False,1232,22,147,1,5,default
-7.4,False,1232,22,147,1,5,default
-7.6,False,1232,22,147,1,5,default
-7.8,False,1232,22,147,1,5,default
-8.0,False,1232,22,147,1,5,default
2.0,True,1,22,148,1,5,default
1.8,True,6,22,148,1,5,default
1.6,True,6,22,148,1,5,default
1.4,True,33,22,148,1,5,default
1.2,True,33,22,148,1,5,default
1.0,True,84,22,148,1,5,default
0.8,False,1248,22,148,1,5,default
0.6,False,1248,22,148,1,5,default
0.4,False,1248,22,148,1,5,default
0.2,False,1248,22,148,1,5,default
0.0,False,1248,22,148,1,5,default
-0.2,False,1248,22,148,1,5,default
-0.4,False,1248,22,148,1,5,default
-0.6,False,1248,22,148,1,5,default
-0.8,False,1248,22,148,1,5,default
-1.0,False,1248,22,148,1,5,default
-1.2,False,1248,22,148,1,5,default
-1.4,False,1248,22,148,1,5,default
-1.6,False,1248,22,148,1,5,default
-1.8,False,1248,22,148,1,5,default
-2.0,False,1248,22,148,1,5,default
-2.2,False,1248,22,148,1,5,default
-2.4,False,1248,22,148,1,5,default
-2.6,False,1248,22,148,1,5,default
-2.8,False,1248,22,148,1,5,default
-3.0,False,1248,22,148,1,5,default
-3.2,False,1248,22,148,1,5,default
-3.4,False,1248,22,148,1,5,default
-3.6,False,1248,22,148,1,5,default
-3.8,False,1248,22,148,1,5,default
-4.0,False,1248,22,148,1,5,default
-4.2,False,1248,22,148,1,5,default
-4.4,False,1248,22,148,1,5,default
-4.6,False,1248,22,148,1,5,default
-4.8,False,1248,22,148,1,5,default
-5.0,False,1248,22,148,1,5,default
-5.2,False,1248,22,148,1,5,default
-5.4,False,1248,22,148,1,5,default
-5.6,False,1248,22,148,1,5,default
-5.8,False,1248,22,148,1,5,default
-6.0,False,1248,22,148,1,5,default
-6.2,False,1248,22,148,1,5,default
-6.4,False,1248,22,148,1,5,default
-6.6,False,1248,22,148,1,5,default
-6.8,False,1248,22,148,1,5,default
-7.0,False,1248,22,148,1,5,default
-7.2,False,1248,22,148,1,5,default
-7.4,False,1248,22,148,1,5,default
-7.6,False,1248,22,148,1,5,default
-7.8,False,1248,22,148,1,5,default
-8.0,False,1248,22,148,1,5,default
2.0,True,1,22,149,1,5,default
1.8,True,2,22,149,1,5,default
1.6,True,2,22,149,1,5,default
1.4,True,4,22,149,1,5,default
1.2,True,42,22,149,1,5,default
1.0,True,42,22,149,1,5,default
0.8,True,74,22,149,1,5,default
0.6,True,115,22,149,1,5,default
0.4,True,116,22,149,1,5,default
0.2,False,1168,22,149,1,5,default
0.0,False,1168,22,149,1,5,default
-0.2,False,1168,22,149,1,5,default
-0.4,False,1168,22,149,1,5,default
-0.6,False,1168,22,149,1,5,default
-0.8,False,1168,22,149,1,5,default
-1.0,False,1168,22,149,1,5,default
-1.2,False,1168,22,149,1,5,default
-1.4,False,1168,22,149,1,5,default
-1.6,False,1168,22,149,1,5,default
-1.8,False,1168,22,149,1,5,default
-2.0,False,1168,22,149,1,5,default
-2.2,False,1168,22,149,1,5,default
-2.4,False,1168,22,149,1,5,default
-2.6,False,1168,22,149,1,5,default
-2.8,False,1168,22,149,1,5,default
-3.0,False,1168,22,149,1,5,default
-3.2,False,1168,22,149,1,5,default
-3.4,False,1168,22,149,1,5,default
-3.6,False,1168,22,149,1,5,default
-3.8,False,1168,22,149,1,5,default
-4.0,False,1168,22,149,1,5,default
-4.2,False,1168,22,149,1,5,default
-4.4,False,1168,22,149,1,5,default
-4.6,False,1168,22,149,1,5,default
-4.8,False,1168,22,149,1,5,default
-5.0,False,1168,22,149,1,5,default
-5.2,False,1168,22,149,1,5,default
-5.4,False,1168,22,149,1,5,default
-5.6,False,1168,22,149,1,5,default
-5.8,False,1168,22,149,1,5,default
-6.0,False,1168,22,149,1,5,default
-6.2,False,1168,22,149,1,5,default
-6.4,False,1168,22,149,1,5,default
-6.6,False,1168,22,149,1,5,default
-6.8,False,1168,22,149,1,5,default
-7.0,False,1168,22,149,1,5,default
-7.2,False,1168,22,149,1,5,default
-7.4,False,1168,22,149,1,5,default
-7.6,False,1168,22,149,1,5,default
-7.8,False,1168,22,149,1,5,default
-8.0,False,1168,22,149,1,5,default
2.0,True,1,22,150,1,5,default
1.8,True,2,22,150,1,5,default
1.6,True,43,22,150,1,5,default
1.4,True,55,22,150,1,5,default
1.2,True,55,22,150,1,5,default
1.0,True,78,22,150,1,5,default
0.8,True,78,22,150,1,5,default
0.6,True,78,22,150,1,5,default
0.4,True,78,22,150,1,5,default
0.2,True,169,22,150,1,5,default
0.0,True,226,22,150,1,5,default
-0.2,False,1248,22,150,1,5,default
-0.4,False,1248,22,150,1,5,default
-0.6,False,1248,22,150,1,5,default
-0.8,False,1248,22,150,1,5,default
-1.0,False,1248,22,150,1,5,default
-1.2,False,1248,22,150,1,5,default
-1.4,False,1248,22,150,1,5,default
-1.6,False,1248,22,150,1,5,default
-1.8,False,1248,22,150,1,5,default
-2.0,False,1248,22,150,1,5,default
-2.2,False,1248,22,150,1,5,default
-2.4,False,1248,22,150,1,5,default
-2.6,False,1248,22,150,1,5,default
-2.8,False,1248,22,150,1,5,default
-3.0,False,1248,22,150,1,5,default
-3.2,False,1248,22,150,1,5,default
-3.4,False,1248,22,150,1,5,default
-3.6,False,1248,22,150,1,5,default
-3.8,False,1248,22,150,1,5,default
-4.0,False,1248,22,150,1,5,default
-4.2,False,1248,22,150,1,5,default
-4.4,False,1248,22,150,1,5,default
-4.6,False,1248,22,150,1,5,default
-4.8,False,1248,22,150,1,5,default
-5.0,False,1248,22,150,1,5,default
-5.2,False,1248,22,150,1,5,default
-5.4,False,1248,22,150,1,5,default
-5.6,False,1248,22,150,1,5,default
-5.8,False,1248,22,150,1,5,default
-6.0,False,1248,22,150,1,5,default
-6.2,False,1248,22,150,1,5,default
-6.4,False,1248,22,150,1,5,default
-6.6,False,1248,22,150,1,5,default
-6.8,False,1248,22,150,1,5,default
-7.0,False,1248,22,150,1,5,default
-7.2,False,1248,22,150,1,5,default
-7.4,False,1248,22,150,1,5,default
-7.6,False,1248,22,150,1,5,default
-7.8,False,1248,22,150,1,5,default
-8.0,False,1248,22,150,1,5,default
2.0,True,1,22,151,1,5,default
1.8,True,9,22,151,1,5,default
1.6,True,21,22,151,1,5,default
1.4,True,67,22,151,1,5,default
1.2,True,82,22,151,1,5,default
1.0,True,82,22,151,1,5,default
0.8,True,126,22,151,1,5,default
0.6,True,143,22,151,1,5,default
0.4,True,143,22,151,1,5,default
0.2,False,1272,22,151,1,5,default
0.0,False,1272,22,151,1,5,default
-0.2,False,1272,22,151,1,5,default
-0.4,False,1272,22,151,1,5,default
-0.6,False,1272,22,151,1,5,default
-0.8,False,1272,22,151,1,5,default
-1.0,False,1272,22,151,1,5,default
-1.2,False,1272,22,151,1,5,default
-1.4,False,1272,22,151,1,5,default
-1.6,False,1272,22,151,1,5,default
-1.8,False,1272,22,151,1,5,default
-2.0,False,1272,22,151,1,5,default
-2.2,False,1272,22,151,1,5,default
-2.4,False,1272,22,151,1,5,default
-2.6,False,1272,22,151,1,5,default
-2.8,False,1272,22,151,1,5,default
-3.0,False,1272,22,151,1,5,default
-3.2,False,1272,22,151,1,5,default
-3.4,False,1272,22,151,1,5,default
-3.6,False,1272,22,151,1,5,default
-3.8,False,1272,22,151,1,5,default
-4.0,False,1272,22,151,1,5,default
-4.2,False,1272,22,151,1,5,default
-4.4,False,1272,22,151,1,5,default
-4.6,False,1272,22,151,1,5,default
-4.8,False,1272,22,151,1,5,default
-5.0,False,1272,22,151,1,5,default
-5.2,False,1272,22,151,1,5,default
-5.4,False,1272,22,151,1,5,default
-5.6,False,1272,22,151,1,5,default
-5.8,False,1272,22,151,1,5,default
-6.0,False,1272,22,151,1,5,default
-6.2,False,1272,22,151,1,5,default
-6.4,False,1272,22,151,1,5,default
-6.6,False,1272,22,151,1,5,default
-6.8,False,1272,22,151,1,5,default
-7.0,False,1272,22,151,1,5,default
-7.2,False,1272,22,151,1,5,default
-7.4,False,1272,22,151,1,5,default
-7.6,False,1272,22,151,1,5,default
-7.8,False,1272,22,151,1,5,default
-8.0,False,1272,22,151,1,5,default
2.0,True,1,22,152,1,5,default
1.8,True,1,22,152,1,5,default
1.6,True,27,22,152,1,5,default
1.4,True,27,22,152,1,5,default
1.2,True,48,22,152,1,5,default
1.0,True,95,22,152,1,5,default
0.8,True,139,22,152,1,5,default
0.6,True,145,22,152,1,5,default
0.4,True,145,22,152,1,5,default
0.2,True,238,22,152,1,5,default
0.0,True,238,22,152,1,5,default
-0.2,False,1504,22,152,1,5,default
-0.4,False,1504,22,152,1,5,default
-0.6,False,1504,22,152,1,5,default
-0.8,False,1504,22,152,1,5,default
-1.0,False,1504,22,152,1,5,default
-1.2,False,1504,22,152,1,5,default
-1.4,False,1504,22,152,1,5,default
-1.6,False,1504,22,152,1,5,default
-1.8,False,1504,22,152,1,5,default
-2.0,False,1504,22,152,1,5,default
-2.2,False,1504,22,152,1,5,default
-2.4,False,1504,22,152,1,5,default
-2.6,False,1504,22,152,1,5,default
-2.8,False,1504,22,152,1,5,default
-3.0,False,1504,22,152,1,5,default
-3.2,False,1504,22,152,1,5,default
-3.4,False,1504,22,152,1,5,default
-3.6,False,1504,22,152,1,5,default
-3.8,False,1504,22,152,1,5,default
-4.0,False,1504,22,152,1,5,default
-4.2,False,1504,22,152,1,5,default
-4.4,False,1504,22,152,1,5,default
-4.6,False,1504,22,152,1,5,default
-4.8,False,1504,22,152,1,5,default
-5.0,False,1504,22,152,1,5,default
-5.2,False,1504,22,152,1,5,default
-5.4,False,1504,22,152,1,5,default
-5.6,False,1504,22,152,1,5,default
-5.8,False,1504,22,152,1,5,default
-6.0,False,1504,22,152,1,5,default
-6.2,False,1504,22,152,1,5,default
-6.4,False,1504,22,152,1,5,default
-6.6,False,1504,22,152,1,5,default
-6.8,False,1504,22,152,1,5,default
-7.0,False,1504,22,152,1,5,default
-7.2,False,1504,22,152,1,5,default
-7.4,False,1504,22,152,1,5,default
-7.6,False,1504,22,152,1,5,default
-7.8,False,1504,22,152,1,5,default
-8.0,False,1504,22,152,1,5,default
2.0,True,1,22,153,1,5,default
1.8,True,17,22,153,1,5,default
1.6,True,23,22,153,1,5,default
1.4,False,1200,22,153,1,5,default
1.2,False,1200,22,153,1,5,default
1.0,False,1200,22,153,1,5,default
0.8,False,1200,22,153,1,5,default
0.6,False,1200,22,153,1,5,default
0.4,False,1200,22,153,1,5,default
0.2,False,1200,22,153,1,5,default
0.0,False,1200,22,153,1,5,default
-0.2,False,1200,22,153,1,5,default
-0.4,False,1200,22,153,1,5,default
-0.6,False,1200,22,153,1,5,default
-0.8,False,1200,22,153,1,5,default
-1.0,False,1200,22,153,1,5,default
-1.2,False,1200,22,153,1,5,default
-1.4,False,1200,22,153,1,5,default
-1.6,False,1200,22,153,1,5,default
-1.8,False,1200,22,153,1,5,default
-2.0,False,1200,22,153,1,5,default
-2.2,False,1200,22,153,1,5,default
-2.4,False,1200,22,153,1,5,default
-2.6,False,1200,22,153,1,5,default
-2.8,False,1200,22,153,1,5,default
-3.0,False,1200,22,153,1,5,default
-3.2,False,1200,22,153,1,5,default
-3.4,False,1200,22,153,1,5,default
-3.6,False,1200,22,153,1,5,default
-3.8,False,1200,22,153,1,5,default
-4.0,False,1200,22,153,1,5,default
-4.2,False,1200,22,153,1,5,default
-4.4,False,1200,22,153,1,5,default
-4.6,False,1200,22,153,1,5,default
-4.8,False,1200,22,153,1,5,default
-5.0,False,1200,22,153,1,5,default
-5.2,False,1200,22,153,1,5,default
-5.4,False,1200,22,153,1,5,default
-5.6,False,1200,22,153,1,5,default
-5.8,False,1200,22,153,1,5,default
-6.0,False,1200,22,153,1,5,default
-6.2,False,1200,22,153,1,5,default
-6.4,False,1200,22,153,1,5,default
-6.6,False,1200,22,153,1,5,default
-6.8,False,1200,22,153,1,5,default
-7.0,False,1200,22,153,1,5,default
-7.2,False,1200,22,153,1,5,default
-7.4,False,1200,22,153,1,5,default
-7.6,False,1200,22,153,1,5,default
-7.8,False,1200,22,153,1,5,default
-8.0,False,1200,22,153,1,5,default
2.0,True,1,22,154,1,5,default
1.8,True,4,22,154,1,5,default
1.6,True,26,22,154,1,5,default
1.4,True,45,22,154,1,5,default
1.2,True,52,22,154,1,5,default
1.0,True,78,22,154,1,5,default
0.8,True,138,22,154,1,5,default
0.6,False,1216,22,154,1,5,default
0.4,False,1216,22,154,1,5,default
0.2,False,1216,22,154,1,5,default
0.0,False,1216,22,154,1,5,default
-0.2,False,1216,22,154,1,5,default
-0.4,False,1216,22,154,1,5,default
-0.6,False,1216,22,154,1,5,default
-0.8,False,1216,22,154,1,5,default
-1.0,False,1216,22,154,1,5,default
-1.2,False,1216,22,154,1,5,default
-1.4,False,1216,22,154,1,5,default
-1.6,False,1216,22,154,1,5,default
-1.8,False,1216,22,154,1,5,default
-2.0,False,1216,22,154,1,5,default
-2.2,False,1216,22,154,1,5,default
-2.4,False,1216,22,154,1,5,default
-2.6,False,1216,22,154,1,5,default
-2.8,False,1216,22,154,1,5,default
-3.0,False,1216,22,154,1,5,default
-3.2,False,1216,22,154,1,5,default
-3.4,False,1216,22,154,1,5,default
-3.6,False,1216,22,154,1,5,default
-3.8,False,1216,22,154,1,5,default
-4.0,False,1216,22,154,1,5,default
-4.2,False,1216,22,154,1,5,default
-4.4,False,1216,22,154,1,5,default
-4.6,False,1216,22,154,1,5,default
-4.8,False,1216,22,154,1,5,default
-5.0,False,1216,22,154,1,5,default
-5.2,False,1216,22,154,1,5,default
-5.4,False,1216,22,154,1,5,default
-5.6,False,1216,22,154,1,5,default
-5.8,False,1216,22,154,1,5,default
-6.0,False,1216,22,154,1,5,default
-6.2,False,1216,22,154,1,5,default
-6.4,False,1216,22,154,1,5,default
-6.6,False,1216,22,154,1,5,default
-6.8,False,1216,22,154,1,5,default
-7.0,False,1216,22,154,1,5,default
-7.2,False,1216,22,154,1,5,default
-7.4,False,1216,22,154,1,5,default
-7.6,False,1216,22,154,1,5,default
-7.8,False,1216,22,154,1,5,default
-8.0,False,1216,22,154,1,5,default
2.0,True,1,22,155,1,5,default
1.8,True,48,22,155,1,5,default
1.6,True,83,22,155,1,5,default
1.4,False,1472,22,155,1,5,default
1.2,False,1472,22,155,1,5,default
1.0,False,1472,22,155,1,5,default
0.8,False,1472,22,155,1,5,default
0.6,False,1472,22,155,1,5,default
0.4,False,1472,22,155,1,5,default
0.2,False,1472,22,155,1,5,default
0.0,False,1472,22,155,1,5,default
-0.2,False,1472,22,155,1,5,default
-0.4,False,1472,22,155,1,5,default
-0.6,False,1472,22,155,1,5,default
-0.8,False,1472,22,155,1,5,default
-1.0,False,1472,22,155,1,5,default
-1.2,False,1472,22,155,1,5,default
-1.4,False,1472,22,155,1,5,default
-1.6,False,1472,22,155,1,5,default
-1.8,False,1472,22,155,1,5,default
-2.0,False,1472,22,155,1,5,default
-2.2,False,1472,22,155,1,5,default
-2.4,False,1472,22,155,1,5,default
-2.6,False,1472,22,155,1,5,default
-2.8,False,1472,22,155,1,5,default
-3.0,False,1472,22,155,1,5,default
-3.2,False,1472,22,155,1,5,default
-3.4,False,1472,22,155,1,5,default
-3.6,False,1472,22,155,1,5,default
-3.8,False,1472,22,155,1,5,default
-4.0,False,1472,22,155,1,5,default
-4.2,False,1472,22,155,1,5,default
-4.4,False,1472,22,155,1,5,default
-4.6,False,1472,22,155,1,5,default
-4.8,False,1472,22,155,1,5,default
-5.0,False,1472,22,155,1,5,default
-5.2,False,1472,22,155,1,5,default
-5.4,False,1472,22,155,1,5,default
-5.6,False,1472,22,155,1,5,default
-5.8,False,1472,22,155,1,5,default
-6.0,False,1472,22,155,1,5,default
-6.2,False,1472,22,155,1,5,default
-6.4,False,1472,22,155,1,5,default
-6.6,False,1472,22,155,1,5,default
-6.8,False,1472,22,155,1,5,default
-7.0,False,1472,22,155,1,5,default
-7.2,False,1472,22,155,1,5,default
-7.4,False,1472,22,155,1,5,default
-7.6,False,1472,22,155,1,5,default
-7.8,False,1472,22,155,1,5,default
-8.0,False,1472,22,155,1,5,default
2.0,True,1,22,156,1,5,default
1.8,True,9,22,156,1,5,default
1.6,True,46,22,156,1,5,default
1.4,True,47,22,156,1,5,default
1.2,True,47,22,156,1,5,default
1.0,True,47,22,156,1,5,default
0.8,True,47,22,156,1,5,default
0.6,True,55,22,156,1,5,default
0.4,True,150,22,156,1,5,default
0.2,True,151,22,156,1,5,default
0.0,True,151,22,156,1,5,default
-0.2,True,166,22,156,1,5,default
-0.4,True,190,22,156,1,5,default
-0.6,True,190,22,156,1,5,default
-0.8,True,191,22,156,1,5,default
-1.0,True,204,22,156,1,5,default
-1.2,True,234,22,156,1,5,default
-1.4,True,262,22,156,1,5,default
-1.6,True,281,22,156,1,5,default
-1.8,True,317,22,156,1,5,default
-2.0,True,317,22,156,1,5,default
-2.2,True,337,22,156,1,5,default
-2.4,True,337,22,156,1,5,default
-2.6,True,353,22,156,1,5,default
-2.8,True,367,22,156,1,5,default
-3.0,True,367,22,156,1,5,default
-3.2,True,391,22,156,1,5,default
-3.4,True,430,22,156,1,5,default
-3.6,True,431,22,156,1,5,default
-3.8,True,435,22,156,1,5,default
-4.0,True,435,22,156,1,5,default
-4.2,True,435,22,156,1,5,default
-4.4,True,435,22,156,1,5,default
-4.6,True,501,22,156,1,5,default
-4.8,True,501,22,156,1,5,default
-5.0,True,562,22,156,1,5,default
-5.2,True,562,22,156,1,5,default
-5.4,True,570,22,156,1,5,default
-5.6,True,594,22,156,1,5,default
-5.8,True,596,22,156,1,5,default
-6.0,True,606,22,156,1,5,default
-6.2,True,606,22,156,1,5,default
-6.4,True,614,22,156,1,5,default
-6.6,True,624,22,156,1,5,default
-6.8,True,667,22,156,1,5,default
-7.0,True,667,22,156,1,5,default
-7.2,True,667,22,156,1,5,default
-7.4,True,686,22,156,1,5,default
-7.6,True,686,22,156,1,5,default
-7.8,True,686,22,156,1,5,default
-8.0,True,686,22,156,1,5,default
2.0,True,1,22,157,1,5,default
1.8,True,2,22,157,1,5,default
1.6,True,20,22,157,1,5,default
1.4,True,20,22,157,1,5,default
1.2,True,20,22,157,1,5,default
1.0,True,33,22,157,1,5,default
0.8,True,94,22,157,1,5,default
0.6,True,171,22,157,1,5,default
0.4,False,1456,22,157,1,5,default
0.2,False,1456,22,157,1,5,default
0.0,False,1456,22,157,1,5,default
-0.2,False,1456,22,157,1,5,default
-0.4,False,1456,22,157,1,5,default
-0.6,False,1456,22,157,1,5,default
-0.8,False,1456,22,157,1,5,default
-1.0,False,1456,22,157,1,5,default
-1.2,False,1456,22,157,1,5,default
-1.4,False,1456,22,157,1,5,default
-1.6,False,1456,22,157,1,5,default
-1.8,False,1456,22,157,1,5,default
-2.0,False,1456,22,157,1,5,default
-2.2,False,1456,22,157,1,5,default
-2.4,False,1456,22,157,1,5,default
-2.6,False,1456,22,157,1,5,default
-2.8,False,1456,22,157,1,5,default
-3.0,False,1456,22,157,1,5,default
-3.2,False,1456,22,157,1,5,default
-3.4,False,1456,22,157,1,5,default
-3.6,False,1456,22,157,1,5,default
-3.8,False,1456,22,157,1,5,default
-4.0,False,1456,22,157,1,5,default
-4.2,False,1456,22,157,1,5,default
-4.4,False,1456,22,157,1,5,default
-4.6,False,1456,22,157,1,5,default
-4.8,False,1456,22,157,1,5,default
-5.0,False,1456,22,157,1,5,default
-5.2,False,1456,22,157,1,5,default
-5.4,False,1456,22,157,1,5,default
-5.6,False,1456,22,157,1,5,default
-5.8,False,1456,22,157,1,5,default
-6.0,False,1456,22,157,1,5,default
-6.2,False,1456,22,157,1,5,default
-6.4,False,1456,22,157,1,5,default
-6.6,False,1456,22,157,1,5,default
-6.8,False,1456,22,157,1,5,default
-7.0,False,1456,22,157,1,5,default
-7.2,False,1456,22,157,1,5,default
-7.4,False,1456,22,157,1,5,default
-7.6,False,1456,22,157,1,5,default
-7.8,False,1456,22,157,1,5,default
-8.0,False,1456,22,157,1,5,default
2.0,True,1,22,158,1,5,default
1.8,True,3,22,158,1,5,default
1.6,True,3,22,158,1,5,default
1.4,True,24,22,158,1,5,default
1.2,True,24,22,158,1,5,default
1.0,True,24,22,158,1,5,default
0.8,True,48,22,158,1,5,default
0.6,True,82,22,158,1,5,default
0.4,True,113,22,158,1,5,default
0.2,False,1024,22,158,1,5,default
0.0,False,1024,22,158,1,5,default
-0.2,False,1024,22,158,1,5,default
-0.4,False,1024,22,158,1,5,default
-0.6,False,1024,22,158,1,5,default
-0.8,False,1024,22,158,1,5,default
-1.0,False,1024,22,158,1,5,default
-1.2,False,1024,22,158,1,5,default
-1.4,False,1024,22,158,1,5,default
-1.6,False,1024,22,158,1,5,default
-1.8,False,1024,22,158,1,5,default
-2.0,False,1024,22,158,1,5,default
-2.2,False,1024,22,158,1,5,default
-2.4,False,1024,22,158,1,5,default
-2.6,False,1024,22,158,1,5,default
-2.8,False,1024,22,158,1,5,default
-3.0,False,1024,22,158,1,5,default
-3.2,False,1024,22,158,1,5,default
-3.4,False,1024,22,158,1,5,default
-3.6,False,1024,22,158,1,5,default
-3.8,False,1024,22,158,1,5,default
-4.0,False,1024,22,158,1,5,default
-4.2,False,1024,22,158,1,5,default
-4.4,False,1024,22,158,1,5,default
-4.6,False,1024,22,158,1,5,default
-4.8,False,1024,22,158,1,5,default
-5.0,False,1024,22,158,1,5,default
-5.2,False,1024,22,158,1,5,default
-5.4,False,1024,22,158,1,5,default
-5.6,False,1024,22,158,1,5,default
-5.8,False,1024,22,158,1,5,default
-6.0,False,1024,22,158,1,5,default
-6.2,False,1024,22,158,1,5,default
-6.4,False,1024,22,158,1,5,default
-6.6,False,1024,22,158,1,5,default
-6.8,False,1024,22,158,1,5,default
-7.0,False,1024,22,158,1,5,default
-7.2,False,1024,22,158,1,5,default
-7.4,False,1024,22,158,1,5,default
-7.6,False,1024,22,158,1,5,default
-7.8,False,1024,22,158,1,5,default
-8.0,False,1024,22,158,1,5,default
2.0,True,1,22,159,1,5,default
1.8,True,1,22,159,1,5,default
1.6,True,12,22,159,1,5,default
1.4,True,39,22,159,1,5,default
1.2,False,1152,22,159,1,5,default
1.0,False,1152,22,159,1,5,default
0.8,False,1152,22,159,1,5,default
0.6,False,1152,22,159,1,5,default
0.4,False,1152,22,159,1,5,default
0.2,False,1152,22,159,1,5,default
0.0,False,1152,22,159,1,5,default
-0.2,False,1152,22,159,1,5,default
-0.4,False,1152,22,159,1,5,default
-0.6,False,1152,22,159,1,5,default
-0.8,False,1152,22,159,1,5,default
-1.0,False,1152,22,159,1,5,default
-1.2,False,1152,22,159,1,5,default
-1.4,False,1152,22,159,1,5,default
-1.6,False,1152,22,159,1,5,default
-1.8,False,1152,22,159,1,5,default
-2.0,False,1152,22,159,1,5,default
-2.2,False,1152,22,159,1,5,default
-2.4,False,1152,22,159,1,5,default
-2.6,False,1152,22,159,1,5,default
-2.8,False,1152,22,159,1,5,default
-3.0,False,1152,22,159,1,5,default
-3.2,False,1152,22,159,1,5,default
-3.4,False,1152,22,159,1,5,default
-3.6,False,1152,22,159,1,5,default
-3.8,False,1152,22,159,1,5,default
-4.0,False,1152,22,159,1,5,default
-4.2,False,1152,22,159,1,5,default
-4.4,False,1152,22,159,1,5,default
-4.6,False,1152,22,159,1,5,default
-4.8,False,1152,22,159,1,5,default
-5.0,False,1152,22,159,1,5,default
-5.2,False,1152,22,159,1,5,default
-5.4,False,1152,22,159,1,5,default
-5.6,False,1152,22,159,1,5,default
-5.8,False,1152,22,159,1,5,default
-6.0,False,1152,22,159,1,5,default
-6.2,False,1152,22,159,1,5,default
-6.4,False,1152,22,159,1,5,default
-6.6,False,1152,22,159,1,5,default
-6.8,False,1152,22,159,1,5,default
-7.0,False,1152,22,159,1,5,default
-7.2,False,1152,22,159,1,5,default
-7.4,False,1152,22,159,1,5,default
-7.6,False,1152,22,159,1,5,default
-7.8,False,1152,22,159,1,5,default
-8.0,False,1152,22,159,1,5,default
2.0,True,1,22,160,1,5,default
1.8,True,3,22,160,1,5,default
1.6,True,3,22,160,1,5,default
1.4,True,225,22,160,1,5,default
1.2,True,255,22,160,1,5,default
1.0,False,1552,22,160,1,5,default
0.8,False,1552,22,160,1,5,default
0.6,False,1552,22,160,1,5,default
0.4,False,1552,22,160,1,5,default
0.2,False,1552,22,160,1,5,default
0.0,False,1552,22,160,1,5,default
-0.2,False,1552,22,160,1,5,default
-0.4,False,1552,22,160,1,5,default
-0.6,False,1552,22,160,1,5,default
-0.8,False,1552,22,160,1,5,default
-1.0,False,1552,22,160,1,5,default
-1.2,False,1552,22,160,1,5,default
-1.4,False,1552,22,160,1,5,default
-1.6,False,1552,22,160,1,5,default
-1.8,False,1552,22,160,1,5,default
-2.0,False,1552,22,160,1,5,default
-2.2,False,1552,22,160,1,5,default
-2.4,False,1552,22,160,1,5,default
-2.6,False,1552,22,160,1,5,default
-2.8,False,1552,22,160,1,5,default
-3.0,False,1552,22,160,1,5,default
-3.2,False,1552,22,160,1,5,default
-3.4,False,1552,22,160,1,5,default
-3.6,False,1552,22,160,1,5,default
-3.8,False,1552,22,160,1,5,default
-4.0,False,1552,22,160,1,5,default
-4.2,False,1552,22,160,1,5,default
-4.4,False,1552,22,160,1,5,default
-4.6,False,1552,22,160,1,5,default
-4.8,False,1552,22,160,1,5,default
-5.0,False,1552,22,160,1,5,default
-5.2,False,1552,22,160,1,5,default
-5.4,False,1552,22,160,1,5,default
-5.6,False,1552,22,160,1,5,default
-5.8,False,1552,22,160,1,5,default
-6.0,False,1552,22,160,1,5,default
-6.2,False,1552,22,160,1,5,default
-6.4,False,1552,22,160,1,5,default
-6.6,False,1552,22,160,1,5,default
-6.8,False,1552,22,160,1,5,default
-7.0,False,1552,22,160,1,5,default
-7.2,False,1552,22,160,1,5,default
-7.4,False,1552,22,160,1,5,default
-7.6,False,1552,22,160,1,5,default
-7.8,False,1552,22,160,1,5,default
-8.0,False,1552,22,160,1,5,default
2.0,True,1,22,161,1,5,default
1.8,True,6,22,161,1,5,default
1.6,True,6,22,161,1,5,default
1.4,True,53,22,161,1,5,default
1.2,True,69,22,161,1,5,default
1.0,True,79,22,161,1,5,default
0.8,True,111,22,161,1,5,default
0.6,True,111,22,161,1,5,default
0.4,True,111,22,161,1,5,default
0.2,True,177,22,161,1,5,default
0.0,True,215,22,161,1,5,default
-0.2,False,1400,22,161,1,5,default
-0.4,False,1400,22,161,1,5,default
-0.6,False,1400,22,161,1,5,default
-0.8,False,1400,22,161,1,5,default
-1.0,False,1400,22,161,1,5,default
-1.2,False,1400,22,161,1,5,default
-1.4,False,1400,22,161,1,5,default
-1.6,False,1400,22,161,1,5,default
-1.8,False,1400,22,161,1,5,default
-2.0,False,1400,22,161,1,5,default
-2.2,False,1400,22,161,1,5,default
-2.4,False,1400,22,161,1,5,default
-2.6,False,1400,22,161,1,5,default
-2.8,False,1400,22,161,1,5,default
-3.0,False,1400,22,161,1,5,default
-3.2,False,1400,22,161,1,5,default
-3.4,False,1400,22,161,1,5,default
-3.6,False,1400,22,161,1,5,default
-3.8,False,1400,22,161,1,5,default
-4.0,False,1400,22,161,1,5,default
-4.2,False,1400,22,161,1,5,default
-4.4,False,1400,22,161,1,5,default
-4.6,False,1400,22,161,1,5,default
-4.8,False,1400,22,161,1,5,default
-5.0,False,1400,22,161,1,5,default
-5.2,False,1400,22,161,1,5,default
-5.4,False,1400,22,161,1,5,default
-5.6,False,1400,22,161,1,5,default
-5.8,False,1400,22,161,1,5,default
-6.0,False,1400,22,161,1,5,default
-6.2,False,1400,22,161,1,5,default
-6.4,False,1400,22,161,1,5,default
-6.6,False,1400,22,161,1,5,default
-6.8,False,1400,22,161,1,5,default
-7.0,False,1400,22,161,1,5,default
-7.2,False,1400,22,161,1,5,default
-7.4,False,1400,22,161,1,5,default
-7.6,False,1400,22,161,1,5,default
-7.8,False,1400,22,161,1,5,default
-8.0,False,1400,22,161,1,5,default
2.0,True,1,22,162,1,5,default
1.8,True,4,22,162,1,5,default
1.6,True,18,22,162,1,5,default
1.4,True,59,22,162,1,5,default
1.2,True,97,22,162,1,5,default
1.0,True,97,22,162,1,5,default
0.8,True,106,22,162,1,5,default
0.6,True,167,22,162,1,5,default
0.4,False,1296,22,162,1,5,default
0.2,False,1296,22,162,1,5,default
0.0,False,1296,22,162,1,5,default
-0.2,False,1296,22,162,1,5,default
-0.4,False,1296,22,162,1,5,default
-0.6,False,1296,22,162,1,5,default
-0.8,False,1296,22,162,1,5,default
-1.0,False,1296,22,162,1,5,default
-1.2,False,1296,22,162,1,5,default
-1.4,False,1296,22,162,1,5,default
-1.6,False,1296,22,162,1,5,default
-1.8,False,1296,22,162,1,5,default
-2.0,False,1296,22,162,1,5,default
-2.2,False,1296,22,162,1,5,default
-2.4,False,1296,22,162,1,5,default
-2.6,False,1296,22,162,1,5,default
-2.8,False,1296,22,162,1,5,default
-3.0,False,1296,22,162,1,5,default
-3.2,False,1296,22,162,1,5,default
-3.4,False,1296,22,162,1,5,default
-3.6,False,1296,22,162,1,5,default
-3.8,False,1296,22,162,1,5,default
-4.0,False,1296,22,162,1,5,default
-4.2,False,1296,22,162,1,5,default
-4.4,False,1296,22,162,1,5,default
-4.6,False,1296,22,162,1,5,default
-4.8,False,1296,22,162,1,5,default
-5.0,False,1296,22,162,1,5,default
-5.2,False,1296,22,162,1,5,default
-5.4,False,1296,22,162,1,5,default
-5.6,False,1296,22,162,1,5,default
-5.8,False,1296,22,162,1,5,default
-6.0,False,1296,22,162,1,5,default
-6.2,False,1296,22,162,1,5,default
-6.4,False,1296,22,162,1,5,default
-6.6,False,1296,22,162,1,5,default
-6.8,False,1296,22,162,1,5,default
-7.0,False,1296,22,162,1,5,default
-7.2,False,1296,22,162,1,5,default
-7.4,False,1296,22,162,1,5,default
-7.6,False,1296,22,162,1,5,default
-7.8,False,1296,22,162,1,5,default
-8.0,False,1296,22,162,1,5,default
2.0,True,1,22,163,1,5,default
1.8,True,19,22,163,1,5,default
1.6,False,1376,22,163,1,5,default
1.4,False,1376,22,163,1,5,default
1.2,False,1376,22,163,1,5,default
1.0,False,1376,22,163,1,5,default
0.8,False,1376,22,163,1,5,default
0.6,False,1376,22,163,1,5,default
0.4,False,1376,22,163,1,5,default
0.2,False,1376,22,163,1,5,default
0.0,False,1376,22,163,1,5,default
-0.2,False,1376,22,163,1,5,default
-0.4,False,1376,22,163,1,5,default
-0.6,False,1376,22,163,1,5,default
-0.8,False,1376,22,163,1,5,default
-1.0,False,1376,22,163,1,5,default
-1.2,False,1376,22,163,1,5,default
-1.4,False,1376,22,163,1,5,default
-1.6,False,1376,22,163,1,5,default
-1.8,False,1376,22,163,1,5,default
-2.0,False,1376,22,163,1,5,default
-2.2,False,1376,22,163,1,5,default
-2.4,False,1376,22,163,1,5,default
-2.6,False,1376,22,163,1,5,default
-2.8,False,1376,22,163,1,5,default
-3.0,False,1376,22,163,1,5,default
-3.2,False,1376,22,163,1,5,default
-3.4,False,1376,22,163,1,5,default
-3.6,False,1376,22,163,1,5,default
-3.8,False,1376,22,163,1,5,default
-4.0,False,1376,22,163,1,5,default
-4.2,False,1376,22,163,1,5,default
-4.4,False,1376,22,163,1,5,default
-4.6,False,1376,22,163,1,5,default
-4.8,False,1376,22,163,1,5,default
-5.0,False,1376,22,163,1,5,default
-5.2,False,1376,22,163,1,5,default
-5.4,False,1376,22,163,1,5,default
-5.6,False,1376,22,163,1,5,default
-5.8,False,1376,22,163,1,5,default
-6.0,False,1376,22,163,1,5,default
-6.2,False,1376,22,163,1,5,default
-6.4,False,1376,22,163,1,5,default
-6.6,False,1376,22,163,1,5,default
-6.8,False,1376,22,163,1,5,default
-7.0,False,1376,22,163,1,5,default
-7.2,False,1376,22,163,1,5,default
-7.4,False,1376,22,163,1,5,default
-7.6,False,1376,22,163,1,5,default
-7.8,False,1376,22,163,1,5,default
-8.0,False,1376,22,163,1,5,default
2.0,True,1,22,164,1,5,default
1.8,True,2,22,164,1,5,default
1.6,True,20,22,164,1,5,default
1.4,True,70,22,164,1,5,default
1.2,True,70,22,164,1,5,default
1.0,True,144,22,164,1,5,default
0.8,True,205,22,164,1,5,default
0.6,False,1312,22,164,1,5,default
0.4,False,1312,22,164,1,5,default
0.2,False,1312,22,164,1,5,default
0.0,False,1312,22,164,1,5,default
-0.2,False,1312,22,164,1,5,default
-0.4,False,1312,22,164,1,5,default
-0.6,False,1312,22,164,1,5,default
-0.8,False,1312,22,164,1,5,default
-1.0,False,1312,22,164,1,5,default
-1.2,False,1312,22,164,1,5,default
-1.4,False,1312,22,164,1,5,default
-1.6,False,1312,22,164,1,5,default
-1.8,False,1312,22,164,1,5,default
-2.0,False,1312,22,164,1,5,default
-2.2,False,1312,22,164,1,5,default
-2.4,False,1312,22,164,1,5,default
-2.6,False,1312,22,164,1,5,default
-2.8,False,1312,22,164,1,5,default
-3.0,False,1312,22,164,1,5,default
-3.2,False,1312,22,164,1,5,default
-3.4,False,1312,22,164,1,5,default
-3.6,False,1312,22,164,1,5,default
-3.8,False,1312,22,164,1,5,default
-4.0,False,1312,22,164,1,5,default
-4.2,False,1312,22,164,1,5,default
-4.4,False,1312,22,164,1,5,default
-4.6,False,1312,22,164,1,5,default
-4.8,False,1312,22,164,1,5,default
-5.0,False,1312,22,164,1,5,default
-5.2,False,1312,22,164,1,5,default
-5.4,False,1312,22,164,1,5,default
-5.6,False,1312,22,164,1,5,default
-5.8,False,1312,22,164,1,5,default
-6.0,False,1312,22,164,1,5,default
-6.2,False,1312,22,164,1,5,default
-6.4,False,1312,22,164,1,5,default
-6.6,False,1312,22,164,1,5,default
-6.8,False,1312,22,164,1,5,default
-7.0,False,1312,22,164,1,5,default
-7.2,False,1312,22,164,1,5,default
-7.4,False,1312,22,164,1,5,default
-7.6,False,1312,22,164,1,5,default
-7.8,False,1312,22,164,1,5,default
-8.0,False,1312,22,164,1,5,default
2.0,True,1,22,165,1,5,default
1.8,True,6,22,165,1,5,default
1.6,True,25,22,165,1,5,default
1.4,True,25,22,165,1,5,default
1.2,True,25,22,165,1,5,default
1.0,True,120,22,165,1,5,default
0.8,True,138,22,165,1,5,default
0.6,True,138,22,165,1,5,default
0.4,True,160,22,165,1,5,default
0.2,True,198,22,165,1,5,default
0.0,True,265,22,165,1,5,default
-0.2,False,1320,22,165,1,5,default
-0.4,False,1320,22,165,1,5,default
-0.6,False,1320,22,165,1,5,default
-0.8,False,1320,22,165,1,5,default
-1.0,False,1320,22,165,1,5,default
-1.2,False,1320,22,165,1,5,default
-1.4,False,1320,22,165,1,5,default
-1.6,False,1320,22,165,1,5,default
-1.8,False,1320,22,165,1,5,default
-2.0,False,1320,22,165,1,5,default
-2.2,False,1320,22,165,1,5,default
-2.4,False,1320,22,165,1,5,default
-2.6,False,1320,22,165,1,5,default
-2.8,False,1320,22,165,1,5,default
-3.0,False,1320,22,165,1,5,default
-3.2,False,1320,22,165,1,5,default
-3.4,False,1320,22,165,1,5,default
-3.6,False,1320,22,165,1,5,default
-3.8,False,1320,22,165,1,5,default
-4.0,False,1320,22,165,1,5,default
-4.2,False,1320,22,165,1,5,default
-4.4,False,1320,22,165,1,5,default
-4.6,False,1320,22,165,1,5,default
-4.8,False,1320,22,165,1,5,default
-5.0,False,1320,22,165,1,5,default
-5.2,False,1320,22,165,1,5,default
-5.4,False,1320,22,165,1,5,default
-5.6,False,1320,22,165,1,5,default
-5.8,False,1320,22,165,1,5,default
-6.0,False,1320,22,165,1,5,default
-6.2,False,1320,22,165,1,5,default
-6.4,False,1320,22,165,1,5,default
-6.6,False,1320,22,165,1,5,default
-6.8,False,1320,22,165,1,5,default
-7.0,False,1320,22,165,1,5,default
-7.2,False,1320,22,165,1,5,default
-7.4,False,1320,22,165,1,5,default
-7.6,False,1320,22,165,1,5,default
-7.8,False,1320,22,165,1,5,default
-8.0,False,1320,22,165,1,5,default
2.0,True,1,22,166,1,5,default
1.8,True,34,22,166,1,5,default
1.6,True,57,22,166,1,5,default
1.4,True,57,22,166,1,5,default
1.2,True,69,22,166,1,5,default
1.0,True,110,22,166,1,5,default
0.8,False,1328,22,166,1,5,default
0.6,False,1328,22,166,1,5,default
0.4,False,1328,22,166,1,5,default
0.2,False,1328,22,166,1,5,default
0.0,False,1328,22,166,1,5,default
-0.2,False,1328,22,166,1,5,default
-0.4,False,1328,22,166,1,5,default
-0.6,False,1328,22,166,1,5,default
-0.8,False,1328,22,166,1,5,default
-1.0,False,1328,22,166,1,5,default
-1.2,False,1328,22,166,1,5,default
-1.4,False,1328,22,166,1,5,default
-1.6,False,1328,22,166,1,5,default
-1.8,False,1328,22,166,1,5,default
-2.0,False,1328,22,166,1,5,default
-2.2,False,1328,22,166,1,5,default
-2.4,False,1328,22,166,1,5,default
-2.6,False,1328,22,166,1,5,default
-2.8,False,1328,22,166,1,5,default
-3.0,False,1328,22,166,1,5,default
-3.2,False,1328,22,166,1,5,default
-3.4,False,1328,22,166,1,5,default
-3.6,False,1328,22,166,1,5,default
-3.8,False,1328,22,166,1,5,default
-4.0,False,1328,22,166,1,5,default
-4.2,False,1328,22,166,1,5,default
-4.4,False,1328,22,166,1,5,default
-4.6,False,1328,22,166,1,5,default
-4.8,False,1328,22,166,1,5,default
-5.0,False,1328,22,166,1,5,default
-5.2,False,1328,22,166,1,5,default
-5.4,False,1328,22,166,1,5,default
-5.6,False,1328,22,166,1,5,default
-5.8,False,1328,22,166,1,5,default
-6.0,False,1328,22,166,1,5,default
-6.2,False,1328,22,166,1,5,default
-6.4,False,1328,22,166,1,5,default
-6.6,False,1328,22,166,1,5,default
-6.8,False,1328,22,166,1,5,default
-7.0,False,1328,22,166,1,5,default
-7.2,False,1328,22,166,1,5,default
-7.4,False,1328,22,166,1,5,default
-7.6,False,1328,22,166,1,5,default
-7.8,False,1328,22,166,1,5,default
-8.0,False,1328,22,166,1,5,default
2.0,True,1,22,167,1,5,default
1.8,True,3,22,167,1,5,default
1.6,True,4,22,167,1,5,default
1.4,True,17,22,167,1,5,default
1.2,True,35,22,167,1,5,default
1.0,True,35,22,167,1,5,default
0.8,True,44,22,167,1,5,default
0.6,True,44,22,167,1,5,default
0.4,True,76,22,167,1,5,default
0.2,True,118,22,167,1,5,default
0.0,True,118,22,167,1,5,default
-0.2,False,1184,22,167,1,5,default
-0.4,False,1184,22,167,1,5,default
-0.6,False,1184,22,167,1,5,default
-0.8,False,1184,22,167,1,5,default
-1.0,False,1184,22,167,1,5,default
-1.2,False,1184,22,167,1,5,default
-1.4,False,1184,22,167,1,5,default
-1.6,False,1184,22,167,1,5,default
-1.8,False,1184,22,167,1,5,default
-2.0,False,1184,22,167,1,5,default
-2.2,False,1184,22,167,1,5,default
-2.4,False,1184,22,167,1,5,default
-2.6,False,1184,22,167,1,5,default
-2.8,False,1184,22,167,1,5,default
-3.0,False,1184,22,167,1,5,default
-3.2,False,1184,22,167,1,5,default
-3.4,False,1184,22,167,1,5,default
-3.6,False,1184,22,167,1,5,default
-3.8,False,1184,22,167,1,5,default
-4.0,False,1184,22,167,1,5,default
-4.2,False,1184,22,167,1,5,default
-4.4,False,1184,22,167,1,5,default
-4.6,False,1184,22,167,1,5,default
-4.8,False,1184,22,167,1,5,default
-5.0,False,1184,22,167,1,5,default
-5.2,False,1184,22,167,1,5,default
-5.4,False,1184,22,167,1,5,default
-5.6,False,1184,22,167,1,5,default
-5.8,False,1184,22,167,1,5,default
-6.0,False,1184,22,167,1,5,default
-6.2,False,1184,22,167,1,5,default
-6.4,False,1184,22,167,1,5,default
-6.6,False,1184,22,167,1,5,default
-6.8,False,1184,22,167,1,5,default
-7.0,False,1184,22,167,1,5,default
-7.2,False,1184,22,167,1,5,default
-7.4,False,1184,22,167,1,5,default
-7.6,False,1184,22,167,1,5,default
-7.8,False,1184,22,167,1,5,default
-8.0,False,1184,22,167,1,5,default
2.0,True,1,22,168,1,5,default
1.8,True,19,22,168,1,5,default
1.6,True,78,22,168,1,5,default
1.4,True,101,22,168,1,5,default
1.2,True,135,22,168,1,5,default
1.0,False,1312,22,168,1,5,default
0.8,False,1312,22,168,1,5,default
0.6,False,1312,22,168,1,5,default
0.4,False,1312,22,168,1,5,default
0.2,False,1312,22,168,1,5,default
0.0,False,1312,22,168,1,5,default
-0.2,False,1312,22,168,1,5,default
-0.4,False,1312,22,168,1,5,default
-0.6,False,1312,22,168,1,5,default
-0.8,False,1312,22,168,1,5,default
-1.0,False,1312,22,168,1,5,default
-1.2,False,1312,22,168,1,5,default
-1.4,False,1312,22,168,1,5,default
-1.6,False,1312,22,168,1,5,default
-1.8,False,1312,22,168,1,5,default
-2.0,False,1312,22,168,1,5,default
-2.2,False,1312,22,168,1,5,default
-2.4,False,1312,22,168,1,5,default
-2.6,False,1312,22,168,1,5,default
-2.8,False,1312,22,168,1,5,default
-3.0,False,1312,22,168,1,5,default
-3.2,False,1312,22,168,1,5,default
-3.4,False,1312,22,168,1,5,default
-3.6,False,1312,22,168,1,5,default
-3.8,False,1312,22,168,1,5,default
-4.0,False,1312,22,168,1,5,default
-4.2,False,1312,22,168,1,5,default
-4.4,False,1312,22,168,1,5,default
-4.6,False,1312,22,168,1,5,default
-4.8,False,1312,22,168,1,5,default
-5.0,False,1312,22,168,1,5,default
-5.2,False,1312,22,168,1,5,default
-5.4,False,1312,22,168,1,5,default
-5.6,False,1312,22,168,1,5,default
-5.8,False,1312,22,168,1,5,default
-6.0,False,1312,22,168,1,5,default
-6.2,False,1312,22,168,1,5,default
-6.4,False,1312,22,168,1,5,default
-6.6,False,1312,22,168,1,5,default
-6.8,False,1312,22,168,1,5,default
-7.0,False,1312,22,168,1,5,default
-7.2,False,1312,22,168,1,5,default
-7.4,False,1312,22,168,1,5,default
-7.6,False,1312,22,168,1,5,default
-7.8,False,1312,22,168,1,5,default
-8.0,False,1312,22,168,1,5,default
2.0,True,1,22,169,1,5,default
1.8,True,11,22,169,1,5,default
1.6,True,23,22,169,1,5,default
1.4,True,44,22,169,1,5,default
1.2,True,82,22,169,1,5,default
1.0,True,82,22,169,1,5,default
0.8,True,82,22,169,1,5,default
0.6,True,113,22,169,1,5,default
0.4,True,113,22,169,1,5,default
0.2,True,178,22,169,1,5,default
0.0,True,201,22,169,1,5,default
-0.2,False,1288,22,169,1,5,default
-0.4,False,1288,22,169,1,5,default
-0.6,False,1288,22,169,1,5,default
-0.8,False,1288,22,169,1,5,default
-1.0,False,1288,22,169,1,5,default
-1.2,False,1288,22,169,1,5,default
-1.4,False,1288,22,169,1,5,default
-1.6,False,1288,22,169,1,5,default
-1.8,False,1288,22,169,1,5,default
-2.0,False,1288,22,169,1,5,default
-2.2,False,1288,22,169,1,5,default
-2.4,False,1288,22,169,1,5,default
-2.6,False,1288,22,169,1,5,default
-2.8,False,1288,22,169,1,5,default
-3.0,False,1288,22,169,1,5,default
-3.2,False,1288,22,169,1,5,default
-3.4,False,1288,22,169,1,5,default
-3.6,False,1288,22,169,1,5,default
-3.8,False,1288,22,169,1,5,default
-4.0,False,1288,22,169,1,5,default
-4.2,False,1288,22,169,1,5,default
-4.4,False,1288,22,169,1,5,default
-4.6,False,1288,22,169,1,5,default
-4.8,False,1288,22,169,1,5,default
-5.0,False,1288,22,169,1,5,default
-5.2,False,1288,22,169,1,5,default
-5.4,False,1288,22,169,1,5,default
-5.6,False,1288,22,169,1,5,default
-5.8,False,1288,22,169,1,5,default
-6.0,False,1288,22,169,1,5,default
-6.2,False,1288,22,169,1,5,default
-6.4,False,1288,22,169,1,5,default
-6.6,False,1288,22,169,1,5,default
-6.8,False,1288,22,169,1,5,default
-7.0,False,1288,22,169,1,5,default
-7.2,False,1288,22,169,1,5,default
-7.4,False,1288,22,169,1,5,default
-7.6,False,1288,22,169,1,5,default
-7.8,False,1288,22,169,1,5,default
-8.0,False,1288,22,169,1,5,default
2.0,True,1,22,170,1,5,default
1.8,True,2,22,170,1,5,default
1.6,True,2,22,170,1,5,default
1.4,True,42,22,170,1,5,default
1.2,True,143,22,170,1,5,default
1.0,False,1408,22,170,1,5,default
0.8,False,1408,22,170,1,5,default
0.6,False,1408,22,170,1,5,default
0.4,False,1408,22,170,1,5,default
0.2,False,1408,22,170,1,5,default
0.0,False,1408,22,170,1,5,default
-0.2,False,1408,22,170,1,5,default
-0.4,False,1408,22,170,1,5,default
-0.6,False,1408,22,170,1,5,default
-0.8,False,1408,22,170,1,5,default
-1.0,False,1408,22,170,1,5,default
-1.2,False,1408,22,170,1,5,default
-1.4,False,1408,22,170,1,5,default
-1.6,False,1408,22,170,1,5,default
-1.8,False,1408,22,170,1,5,default
-2.0,False,1408,22,170,1,5,default
-2.2,False,1408,22,170,1,5,default
-2.4,False,1408,22,170,1,5,default
-2.6,False,1408,22,170,1,5,default
-2.8,False,1408,22,170,1,5,default
-3.0,False,1408,22,170,1,5,default
-3.2,False,1408,22,170,1,5,default
-3.4,False,1408,22,170,1,5,default
-3.6,False,1408,22,170,1,5,default
-3.8,False,1408,22,170,1,5,default
-4.0,False,1408,22,170,1,5,default
-4.2,False,1408,22,170,1,5,default
-4.4,False,1408,22,170,1,5,default
-4.6,False,1408,22,170,1,5,default
-4.8,False,1408,22,170,1,5,default
-5.0,False,1408,22,170,1,5,default
-5.2,False,1408,22,170,1,5,default
-5.4,False,1408,22,170,1,5,default
-5.6,False,1408,22,170,1,5,default
-5.8,False,1408,22,170,1,5,default
-6.0,False,1408,22,170,1,5,default
-6.2,False,1408,22,170,1,5,default
-6.4,False,1408,22,170,1,5,default
-6.6,False,1408,22,170,1,5,default
-6.8,False,1408,22,170,1,5,default
-7.0,False,1408,22,170,1,5,default
-7.2,False,1408,22,170,1,5,default
-7.4,False,1408,22,170,1,5,default
-7.6,False,1408,22,170,1,5,default
-7.8,False,1408,22,170,1,5,default
-8.0,False,1408,22,170,1,5,default
2.0,True,1,22,171,1,5,default
1.8,True,4,22,171,1,5,default
1.6,True,4,22,171,1,5,default
1.4,True,25,22,171,1,5,default
1.2,True,25,22,171,1,5,default
1.0,True,73,22,171,1,5,default
0.8,True,123,22,171,1,5,default
0.6,False,1232,22,171,1,5,default
0.4,False,1232,22,171,1,5,default
0.2,False,1232,22,171,1,5,default
0.0,False,1232,22,171,1,5,default
-0.2,False,1232,22,171,1,5,default
-0.4,False,1232,22,171,1,5,default
-0.6,False,1232,22,171,1,5,default
-0.8,False,1232,22,171,1,5,default
-1.0,False,1232,22,171,1,5,default
-1.2,False,1232,22,171,1,5,default
-1.4,False,1232,22,171,1,5,default
-1.6,False,1232,22,171,1,5,default
-1.8,False,1232,22,171,1,5,default
-2.0,False,1232,22,171,1,5,default
-2.2,False,1232,22,171,1,5,default
-2.4,False,1232,22,171,1,5,default
-2.6,False,1232,22,171,1,5,default
-2.8,False,1232,22,171,1,5,default
-3.0,False,1232,22,171,1,5,default
-3.2,False,1232,22,171,1,5,default
-3.4,False,1232,22,171,1,5,default
-3.6,False,1232,22,171,1,5,default
-3.8,False,1232,22,171,1,5,default
-4.0,False,1232,22,171,1,5,default
-4.2,False,1232,22,171,1,5,default
-4.4,False,1232,22,171,1,5,default
-4.6,False,1232,22,171,1,5,default
-4.8,False,1232,22,171,1,5,default
-5.0,False,1232,22,171,1,5,default
-5.2,False,1232,22,171,1,5,default
-5.4,False,1232,22,171,1,5,default
-5.6,False,1232,22,171,1,5,default
-5.8,False,1232,22,171,1,5,default
-6.0,False,1232,22,171,1,5,default
-6.2,False,1232,22,171,1,5,default
-6.4,False,1232,22,171,1,5,default
-6.6,False,1232,22,171,1,5,default
-6.8,False,1232,22,171,1,5,default
-7.0,False,1232,22,171,1,5,default
-7.2,False,1232,22,171,1,5,default
-7.4,False,1232,22,171,1,5,default
-7.6,False,1232,22,171,1,5,default
-7.8,False,1232,22,171,1,5,default
-8.0,False,1232,22,171,1,5,default
2.0,True,1,22,172,1,5,default
1.8,True,19,22,172,1,5,default
1.6,True,56,22,172,1,5,default
1.4,True,96,22,172,1,5,default
1.2,True,117,22,172,1,5,default
1.0,True,117,22,172,1,5,default
0.8,True,241,22,172,1,5,default
0.6,False,1568,22,172,1,5,default
0.4,False,1568,22,172,1,5,default
0.2,False,1568,22,172,1,5,default
0.0,False,1568,22,172,1,5,default
-0.2,False,1568,22,172,1,5,default
-0.4,False,1568,22,172,1,5,default
-0.6,False,1568,22,172,1,5,default
-0.8,False,1568,22,172,1,5,default
-1.0,False,1568,22,172,1,5,default
-1.2,False,1568,22,172,1,5,default
-1.4,False,1568,22,172,1,5,default
-1.6,False,1568,22,172,1,5,default
-1.8,False,1568,22,172,1,5,default
-2.0,False,1568,22,172,1,5,default
-2.2,False,1568,22,172,1,5,default
-2.4,False,1568,22,172,1,5,default
-2.6,False,1568,22,172,1,5,default
-2.8,False,1568,22,172,1,5,default
-3.0,False,1568,22,172,1,5,default
-3.2,False,1568,22,172,1,5,default
-3.4,False,1568,22,172,1,5,default
-3.6,False,1568,22,172,1,5,default
-3.8,False,1568,22,172,1,5,default
-4.0,False,1568,22,172,1,5,default
-4.2,False,1568,22,172,1,5,default
-4.4,False,1568,22,172,1,5,default
-4.6,False,1568,22,172,1,5,default
-4.8,False,1568,22,172,1,5,default
-5.0,False,1568,22,172,1,5,default
-5.2,False,1568,22,172,1,5,default
-5.4,False,1568,22,172,1,5,default
-5.6,False,1568,22,172,1,5,default
-5.8,False,1568,22,172,1,5,default
-6.0,False,1568,22,172,1,5,default
-6.2,False,1568,22,172,1,5,default
-6.4,False,1568,22,172,1,5,default
-6.6,False,1568,22,172,1,5,default
-6.8,False,1568,22,172,1,5,default
-7.0,False,1568,22,172,1,5,default
-7.2,False,1568,22,172,1,5,default
-7.4,False,1568,22,172,1,5,default
-7.6,False,1568,22,172,1,5,default
-7.8,False,1568,22,172,1,5,default
-8.0,False,1568,22,172,1,5,default
2.0,True,2,22,173,1,5,default
1.8,True,48,22,173,1,5,default
1.6,True,48,22,173,1,5,default
1.4,True,69,22,173,1,5,default
1.2,True,69,22,173,1,5,default
1.0,True,189,22,173,1,5,default
0.8,True,353,22,173,1,5,default
0.6,False,1472,22,173,1,5,default
0.4,False,1472,22,173,1,5,default
0.2,False,1472,22,173,1,5,default
0.0,False,1472,22,173,1,5,default
-0.2,False,1472,22,173,1,5,default
-0.4,False,1472,22,173,1,5,default
-0.6,False,1472,22,173,1,5,default
-0.8,False,1472,22,173,1,5,default
-1.0,False,1472,22,173,1,5,default
-1.2,False,1472,22,173,1,5,default
-1.4,False,1472,22,173,1,5,default
-1.6,False,1472,22,173,1,5,default
-1.8,False,1472,22,173,1,5,default
-2.0,False,1472,22,173,1,5,default
-2.2,False,1472,22,173,1,5,default
-2.4,False,1472,22,173,1,5,default
-2.6,False,1472,22,173,1,5,default
-2.8,False,1472,22,173,1,5,default
-3.0,False,1472,22,173,1,5,default
-3.2,False,1472,22,173,1,5,default
-3.4,False,1472,22,173,1,5,default
-3.6,False,1472,22,173,1,5,default
-3.8,False,1472,22,173,1,5,default
-4.0,False,1472,22,173,1,5,default
-4.2,False,1472,22,173,1,5,default
-4.4,False,1472,22,173,1,5,default
-4.6,False,1472,22,173,1,5,default
-4.8,False,1472,22,173,1,5,default
-5.0,False,1472,22,173,1,5,default
-5.2,False,1472,22,173,1,5,default
-5.4,False,1472,22,173,1,5,default
-5.6,False,1472,22,173,1,5,default
-5.8,False,1472,22,173,1,5,default
-6.0,False,1472,22,173,1,5,default
-6.2,False,1472,22,173,1,5,default
-6.4,False,1472,22,173,1,5,default
-6.6,False,1472,22,173,1,5,default
-6.8,False,1472,22,173,1,5,default
-7.0,False,1472,22,173,1,5,default
-7.2,False,1472,22,173,1,5,default
-7.4,False,1472,22,173,1,5,default
-7.6,False,1472,22,173,1,5,default
-7.8,False,1472,22,173,1,5,default
-8.0,False,1472,22,173,1,5,default
2.0,True,1,22,174,1,5,default
1.8,True,9,22,174,1,5,default
1.6,True,9,22,174,1,5,default
1.4,True,136,22,174,1,5,default
1.2,True,140,22,174,1,5,default
1.0,True,140,22,174,1,5,default
0.8,True,140,22,174,1,5,default
0.6,True,140,22,174,1,5,default
0.4,True,140,22,174,1,5,default
0.2,False,1128,22,174,1,5,default
0.0,False,1128,22,174,1,5,default
-0.2,False,1128,22,174,1,5,default
-0.4,False,1128,22,174,1,5,default
-0.6,False,1128,22,174,1,5,default
-0.8,False,1128,22,174,1,5,default
-1.0,False,1128,22,174,1,5,default
-1.2,False,1128,22,174,1,5,default
-1.4,False,1128,22,174,1,5,default
-1.6,False,1128,22,174,1,5,default
-1.8,False,1128,22,174,1,5,default
-2.0,False,1128,22,174,1,5,default
-2.2,False,1128,22,174,1,5,default
-2.4,False,1128,22,174,1,5,default
-2.6,False,1128,22,174,1,5,default
-2.8,False,1128,22,174,1,5,default
-3.0,False,1128,22,174,1,5,default
-3.2,False,1128,22,174,1,5,default
-3.4,False,1128,22,174,1,5,default
-3.6,False,1128,22,174,1,5,default
-3.8,False,1128,22,174,1,5,default
-4.0,False,1128,22,174,1,5,default
-4.2,False,1128,22,174,1,5,default
-4.4,False,1128,22,174,1,5,default
-4.6,False,1128,22,174,1,5,default
-4.8,False,1128,22,174,1,5,default
-5.0,False,1128,22,174,1,5,default
-5.2,False,1128,22,174,1,5,default
-5.4,False,1128,22,174,1,5,default
-5.6,False,1128,22,174,1,5,default
-5.8,False,1128,22,174,1,5,default
-6.0,False,1128,22,174,1,5,default
-6.2,False,1128,22,174,1,5,default
-6.4,False,1128,22,174,1,5,default
-6.6,False,1128,22,174,1,5,default
-6.8,False,1128,22,174,1,5,default
-7.0,False,1128,22,174,1,5,default
-7.2,False,1128,22,174,1,5,default
-7.4,False,1128,22,174,1,5,default
-7.6,False,1128,22,174,1,5,default
-7.8,False,1128,22,174,1,5,default
-8.0,False,1128,22,174,1,5,default
2.0,True,1,22,175,1,5,default
1.8,True,4,22,175,1,5,default
1.6,True,4,22,175,1,5,default
1.4,True,4,22,175,1,5,default
1.2,True,4,22,175,1,5,default
1.0,True,56,22,175,1,5,default
0.8,False,1480,22,175,1,5,default
0.6,False,1480,22,175,1,5,default
0.4,False,1480,22,175,1,5,default
0.2,False,1480,22,175,1,5,default
0.0,False,1480,22,175,1,5,default
-0.2,False,1480,22,175,1,5,default
-0.4,False,1480,22,175,1,5,default
-0.6,False,1480,22,175,1,5,default
-0.8,False,1480,22,175,1,5,default
-1.0,False,1480,22,175,1,5,default
-1.2,False,1480,22,175,1,5,default
-1.4,False,1480,22,175,1,5,default
-1.6,False,1480,22,175,1,5,default
-1.8,False,1480,22,175,1,5,default
-2.0,False,1480,22,175,1,5,default
-2.2,False,1480,22,175,1,5,default
-2.4,False,1480,22,175,1,5,default
-2.6,False,1480,22,175,1,5,default
-2.8,False,1480,22,175,1,5,default
-3.0,False,1480,22,175,1,5,default
-3.2,False,1480,22,175,1,5,default
-3.4,False,1480,22,175,1,5,default
-3.6,False,1480,22,175,1,5,default
-3.8,False,1480,22,175,1,5,default
-4.0,False,1480,22,175,1,5,default
-4.2,False,1480,22,175,1,5,default
-4.4,False,1480,22,175,1,5,default
-4.6,False,1480,22,175,1,5,default
-4.8,False,1480,22,175,1,5,default
-5.0,False,1480,22,175,1,5,default
-5.2,False,1480,22,175,1,5,default
-5.4,False,1480,22,175,1,5,default
-5.6,False,1480,22,175,1,5,default
-5.8,False,1480,22,175,1,5,default
-6.0,False,1480,22,175,1,5,default
-6.2,False,1480,22,175,1,5,default
-6.4,False,1480,22,175,1,5,default
-6.6,False,1480,22,175,1,5,default
-6.8,False,1480,22,175,1,5,default
-7.0,False,1480,22,175,1,5,default
-7.2,False,1480,22,175,1,5,default
-7.4,False,1480,22,175,1,5,default
-7.6,False,1480,22,175,1,5,default
-7.8,False,1480,22,175,1,5,default
-8.0,False,1480,22,175,1,5,default
2.0,True,1,22,176,1,5,default
1.8,True,2,22,176,1,5,default
1.6,True,7,22,176,1,5,default
1.4,True,7,22,176,1,5,default
1.2,True,26,22,176,1,5,default
1.0,True,26,22,176,1,5,default
0.8,True,34,22,176,1,5,default
0.6,True,83,22,176,1,5,default
0.4,True,83,22,176,1,5,default
0.2,False,1376,22,176,1,5,default
0.0,False,1376,22,176,1,5,default
-0.2,False,1376,22,176,1,5,default
-0.4,False,1376,22,176,1,5,default
-0.6,False,1376,22,176,1,5,default
-0.8,False,1376,22,176,1,5,default
-1.0,False,1376,22,176,1,5,default
-1.2,False,1376,22,176,1,5,default
-1.4,False,1376,22,176,1,5,default
-1.6,False,1376,22,176,1,5,default
-1.8,False,1376,22,176,1,5,default
-2.0,False,1376,22,176,1,5,default
-2.2,False,1376,22,176,1,5,default
-2.4,False,1376,22,176,1,5,default
-2.6,False,1376,22,176,1,5,default
-2.8,False,1376,22,176,1,5,default
-3.0,False,1376,22,176,1,5,default
-3.2,False,1376,22,176,1,5,default
-3.4,False,1376,22,176,1,5,default
-3.6,False,1376,22,176,1,5,default
-3.8,False,1376,22,176,1,5,default
-4.0,False,1376,22,176,1,5,default
-4.2,False,1376,22,176,1,5,default
-4.4,False,1376,22,176,1,5,default
-4.6,False,1376,22,176,1,5,default
-4.8,False,1376,22,176,1,5,default
-5.0,False,1376,22,176,1,5,default
-5.2,False,1376,22,176,1,5,default
-5.4,False,1376,22,176,1,5,default
-5.6,False,1376,22,176,1,5,default
-5.8,False,1376,22,176,1,5,default
-6.0,False,1376,22,176,1,5,default
-6.2,False,1376,22,176,1,5,default
-6.4,False,1376,22,176,1,5,default
-6.6,False,1376,22,176,1,5,default
-6.8,False,1376,22,176,1,5,default
-7.0,False,1376,22,176,1,5,default
-7.2,False,1376,22,176,1,5,default
-7.4,False,1376,22,176,1,5,default
-7.6,False,1376,22,176,1,5,default
-7.8,False,1376,22,176,1,5,default
-8.0,False,1376,22,176,1,5,default
2.0,True,1,22,177,1,5,default
1.8,True,1,22,177,1,5,default
1.6,True,9,22,177,1,5,default
1.4,True,29,22,177,1,5,default
1.2,True,29,22,177,1,5,default
1.0,True,88,22,177,1,5,default
0.8,True,112,22,177,1,5,default
0.6,True,166,22,177,1,5,default
0.4,False,1120,22,177,1,5,default
0.2,False,1120,22,177,1,5,default
0.0,False,1120,22,177,1,5,default
-0.2,False,1120,22,177,1,5,default
-0.4,False,1120,22,177,1,5,default
-0.6,False,1120,22,177,1,5,default
-0.8,False,1120,22,177,1,5,default
-1.0,False,1120,22,177,1,5,default
-1.2,False,1120,22,177,1,5,default
-1.4,False,1120,22,177,1,5,default
-1.6,False,1120,22,177,1,5,default
-1.8,False,1120,22,177,1,5,default
-2.0,False,1120,22,177,1,5,default
-2.2,False,1120,22,177,1,5,default
-2.4,False,1120,22,177,1,5,default
-2.6,False,1120,22,177,1,5,default
-2.8,False,1120,22,177,1,5,default
-3.0,False,1120,22,177,1,5,default
-3.2,False,1120,22,177,1,5,default
-3.4,False,1120,22,177,1,5,default
-3.6,False,1120,22,177,1,5,default
-3.8,False,1120,22,177,1,5,default
-4.0,False,1120,22,177,1,5,default
-4.2,False,1120,22,177,1,5,default
-4.4,False,1120,22,177,1,5,default
-4.6,False,1120,22,177,1,5,default
-4.8,False,1120,22,177,1,5,default
-5.0,False,1120,22,177,1,5,default
-5.2,False,1120,22,177,1,5,default
-5.4,False,1120,22,177,1,5,default
-5.6,False,1120,22,177,1,5,default
-5.8,False,1120,22,177,1,5,default
-6.0,False,1120,22,177,1,5,default
-6.2,False,1120,22,177,1,5,default
-6.4,False,1120,22,177,1,5,default
-6.6,False,1120,22,177,1,5,default
-6.8,False,1120,22,177,1,5,default
-7.0,False,1120,22,177,1,5,default
-7.2,False,1120,22,177,1,5,default
-7.4,False,1120,22,177,1,5,default
-7.6,False,1120,22,177,1,5,default
-7.8,False,1120,22,177,1,5,default
-8.0,False,1120,22,177,1,5,default
2.0,True,1,22,178,1,5,default
1.8,True,2,22,178,1,5,default
1.6,True,146,22,178,1,5,default
1.4,True,216,22,178,1,5,default
1.2,True,377,22,178,1,5,default
1.0,True,498,22,178,1,5,default
0.8,False,2112,22,178,1,5,default
0.6,False,2112,22,178,1,5,default
0.4,False,2112,22,178,1,5,default
0.2,False,2112,22,178,1,5,default
0.0,False,2112,22,178,1,5,default
-0.2,False,2112,22,178,1,5,default
-0.4,False,2112,22,178,1,5,default
-0.6,False,2112,22,178,1,5,default
-0.8,False,2112,22,178,1,5,default
-1.0,False,2112,22,178,1,5,default
-1.2,False,2112,22,178,1,5,default
-1.4,False,2112,22,178,1,5,default
-1.6,False,2112,22,178,1,5,default
-1.8,False,2112,22,178,1,5,default
-2.0,False,2112,22,178,1,5,default
-2.2,False,2112,22,178,1,5,default
-2.4,False,2112,22,178,1,5,default
-2.6,False,2112,22,178,1,5,default
-2.8,False,2112,22,178,1,5,default
-3.0,False,2112,22,178,1,5,default
-3.2,False,2112,22,178,1,5,default
-3.4,False,2112,22,178,1,5,default
-3.6,False,2112,22,178,1,5,default
-3.8,False,2112,22,178,1,5,default
-4.0,False,2112,22,178,1,5,default
-4.2,False,2112,22,178,1,5,default
-4.4,False,2112,22,178,1,5,default
-4.6,False,2112,22,178,1,5,default
-4.8,False,2112,22,178,1,5,default
-5.0,False,2112,22,178,1,5,default
-5.2,False,2112,22,178,1,5,default
-5.4,False,2112,22,178,1,5,default
-5.6,False,2112,22,178,1,5,default
-5.8,False,2112,22,178,1,5,default
-6.0,False,2112,22,178,1,5,default
-6.2,False,2112,22,178,1,5,default
-6.4,False,2112,22,178,1,5,default
-6.6,False,2112,22,178,1,5,default
-6.8,False,2112,22,178,1,5,default
-7.0,False,2112,22,178,1,5,default
-7.2,False,2112,22,178,1,5,default
-7.4,False,2112,22,178,1,5,default
-7.6,False,2112,22,178,1,5,default
-7.8,False,2112,22,178,1,5,default
-8.0,False,2112,22,178,1,5,default
2.0,True,1,22,179,1,5,default
1.8,True,3,22,179,1,5,default
1.6,True,3,22,179,1,5,default
1.4,True,3,22,179,1,5,default
1.2,True,3,22,179,1,5,default
1.0,True,3,22,179,1,5,default
0.8,True,60,22,179,1,5,default
0.6,True,93,22,179,1,5,default
0.4,True,99,22,179,1,5,default
0.2,True,131,22,179,1,5,default
0.0,True,165,22,179,1,5,default
-0.2,False,1224,22,179,1,5,default
-0.4,False,1224,22,179,1,5,default
-0.6,False,1224,22,179,1,5,default
-0.8,False,1224,22,179,1,5,default
-1.0,False,1224,22,179,1,5,default
-1.2,False,1224,22,179,1,5,default
-1.4,False,1224,22,179,1,5,default
-1.6,False,1224,22,179,1,5,default
-1.8,False,1224,22,179,1,5,default
-2.0,False,1224,22,179,1,5,default
-2.2,False,1224,22,179,1,5,default
-2.4,False,1224,22,179,1,5,default
-2.6,False,1224,22,179,1,5,default
-2.8,False,1224,22,179,1,5,default
-3.0,False,1224,22,179,1,5,default
-3.2,False,1224,22,179,1,5,default
-3.4,False,1224,22,179,1,5,default
-3.6,False,1224,22,179,1,5,default
-3.8,False,1224,22,179,1,5,default
-4.0,False,1224,22,179,1,5,default
-4.2,False,1224,22,179,1,5,default
-4.4,False,1224,22,179,1,5,default
-4.6,False,1224,22,179,1,5,default
-4.8,False,1224,22,179,1,5,default
-5.0,False,1224,22,179,1,5,default
-5.2,False,1224,22,179,1,5,default
-5.4,False,1224,22,179,1,5,default
-5.6,False,1224,22,179,1,5,default
-5.8,False,1224,22,179,1,5,default
-6.0,False,1224,22,179,1,5,default
-6.2,False,1224,22,179,1,5,default
-6.4,False,1224,22,179,1,5,default
-6.6,False,1224,22,179,1,5,default
-6.8,False,1224,22,179,1,5,default
-7.0,False,1224,22,179,1,5,default
-7.2,False,1224,22,179,1,5,default
-7.4,False,1224,22,179,1,5,default
-7.6,False,1224,22,179,1,5,default
-7.8,False,1224,22,179,1,5,default
-8.0,False,1224,22,179,1,5,default
2.0,True,1,22,180,1,5,default
1.8,True,3,22,180,1,5,default
1.6,True,3,22,180,1,5,default
1.4,True,39,22,180,1,5,default
1.2,True,79,22,180,1,5,default
1.0,True,79,22,180,1,5,default
0.8,True,117,22,180,1,5,default
0.6,True,117,22,180,1,5,default
0.4,True,145,22,180,1,5,default
0.2,False,1496,22,180,1,5,default
0.0,False,1496,22,180,1,5,default
-0.2,False,1496,22,180,1,5,default
-0.4,False,1496,22,180,1,5,default
-0.6,False,1496,22,180,1,5,default
-0.8,False,1496,22,180,1,5,default
-1.0,False,1496,22,180,1,5,default
-1.2,False,1496,22,180,1,5,default
-1.4,False,1496,22,180,1,5,default
-1.6,False,1496,22,180,1,5,default
-1.8,False,1496,22,180,1,5,default
-2.0,False,1496,22,180,1,5,default
-2.2,False,1496,22,180,1,5,default
-2.4,False,1496,22,180,1,5,default
-2.6,False,1496,22,180,1,5,default
-2.8,False,1496,22,180,1,5,default
-3.0,False,1496,22,180,1,5,default
-3.2,False,1496,22,180,1,5,default
-3.4,False,1496,22,180,1,5,default
-3.6,False,1496,22,180,1,5,default
-3.8,False,1496,22,180,1,5,default
-4.0,False,1496,22,180,1,5,default
-4.2,False,1496,22,180,1,5,default
-4.4,False,1496,22,180,1,5,default
-4.6,False,1496,22,180,1,5,default
-4.8,False,1496,22,180,1,5,default
-5.0,False,1496,22,180,1,5,default
-5.2,False,1496,22,180,1,5,default
-5.4,False,1496,22,180,1,5,default
-5.6,False,1496,22,180,1,5,default
-5.8,False,1496,22,180,1,5,default
-6.0,False,1496,22,180,1,5,default
-6.2,False,1496,22,180,1,5,default
-6.4,False,1496,22,180,1,5,default
-6.6,False,1496,22,180,1,5,default
-6.8,False,1496,22,180,1,5,default
-7.0,False,1496,22,180,1,5,default
-7.2,False,1496,22,180,1,5,default
-7.4,False,1496,22,180,1,5,default
-7.6,False,1496,22,180,1,5,default
-7.8,False,1496,22,180,1,5,default
-8.0,False,1496,22,180,1,5,default
2.0,True,1,22,181,1,5,default
1.8,True,10,22,181,1,5,default
1.6,True,20,22,181,1,5,default
1.4,True,20,22,181,1,5,default
1.2,True,20,22,181,1,5,default
1.0,False,1304,22,181,1,5,default
0.8,False,1304,22,181,1,5,default
0.6,False,1304,22,181,1,5,default
0.4,False,1304,22,181,1,5,default
0.2,False,1304,22,181,1,5,default
0.0,False,1304,22,181,1,5,default
-0.2,False,1304,22,181,1,5,default
-0.4,False,1304,22,181,1,5,default
-0.6,False,1304,22,181,1,5,default
-0.8,False,1304,22,181,1,5,default
-1.0,False,1304,22,181,1,5,default
-1.2,False,1304,22,181,1,5,default
-1.4,False,1304,22,181,1,5,default
-1.6,False,1304,22,181,1,5,default
-1.8,False,1304,22,181,1,5,default
-2.0,False,1304,22,181,1,5,default
-2.2,False,1304,22,181,1,5,default
-2.4,False,1304,22,181,1,5,default
-2.6,False,1304,22,181,1,5,default
-2.8,False,1304,22,181,1,5,default
-3.0,False,1304,22,181,1,5,default
-3.2,False,1304,22,181,1,5,default
-3.4,False,1304,22,181,1,5,default
-3.6,False,1304,22,181,1,5,default
-3.8,False,1304,22,181,1,5,default
-4.0,False,1304,22,181,1,5,default
-4.2,False,1304,22,181,1,5,default
-4.4,False,1304,22,181,1,5,default
-4.6,False,1304,22,181,1,5,default
-4.8,False,1304,22,181,1,5,default
-5.0,False,1304,22,181,1,5,default
-5.2,False,1304,22,181,1,5,default
-5.4,False,1304,22,181,1,5,default
-5.6,False,1304,22,181,1,5,default
-5.8,False,1304,22,181,1,5,default
-6.0,False,1304,22,181,1,5,default
-6.2,False,1304,22,181,1,5,default
-6.4,False,1304,22,181,1,5,default
-6.6,False,1304,22,181,1,5,default
-6.8,False,1304,22,181,1,5,default
-7.0,False,1304,22,181,1,5,default
-7.2,False,1304,22,181,1,5,default
-7.4,False,1304,22,181,1,5,default
-7.6,False,1304,22,181,1,5,default
-7.8,False,1304,22,181,1,5,default
-8.0,False,1304,22,181,1,5,default
2.0,True,1,22,182,1,5,default
1.8,True,4,22,182,1,5,default
1.6,True,15,22,182,1,5,default
1.4,True,45,22,182,1,5,default
1.2,True,45,22,182,1,5,default
1.0,True,45,22,182,1,5,default
0.8,True,45,22,182,1,5,default
0.6,True,45,22,182,1,5,default
0.4,True,82,22,182,1,5,default
0.2,True,113,22,182,1,5,default
0.0,True,113,22,182,1,5,default
-0.2,True,113,22,182,1,5,default
-0.4,True,191,22,182,1,5,default
-0.6,True,229,22,182,1,5,default
-0.8,True,240,22,182,1,5,default
-1.0,True,276,22,182,1,5,default
-1.2,True,276,22,182,1,5,default
-1.4,True,306,22,182,1,5,default
-1.6,True,306,22,182,1,5,default
-1.8,True,306,22,182,1,5,default
-2.0,True,307,22,182,1,5,default
-2.2,True,316,22,182,1,5,default
-2.4,True,370,22,182,1,5,default
-2.6,True,386,22,182,1,5,default
-2.8,True,403,22,182,1,5,default
-3.0,True,423,22,182,1,5,default
-3.2,True,435,22,182,1,5,default
-3.4,True,458,22,182,1,5,default
-3.6,True,458,22,182,1,5,default
-3.8,True,474,22,182,1,5,default
-4.0,True,474,22,182,1,5,default
-4.2,True,495,22,182,1,5,default
-4.4,True,495,22,182,1,5,default
-4.6,True,495,22,182,1,5,default
-4.8,True,515,22,182,1,5,default
-5.0,True,515,22,182,1,5,default
-5.2,True,535,22,182,1,5,default
-5.4,True,535,22,182,1,5,default
-5.6,True,562,22,182,1,5,default
-5.8,True,562,22,182,1,5,default
-6.0,True,575,22,182,1,5,default
-6.2,True,575,22,182,1,5,default
-6.4,True,575,22,182,1,5,default
-6.6,True,575,22,182,1,5,default
-6.8,True,645,22,182,1,5,default
-7.0,True,647,22,182,1,5,default
-7.2,True,651,22,182,1,5,default
-7.4,True,652,22,182,1,5,default
-7.6,True,664,22,182,1,5,default
-7.8,True,664,22,182,1,5,default
-8.0,True,676,22,182,1,5,default
2.0,True,1,22,183,1,5,default
1.8,True,8,22,183,1,5,default
1.6,True,13,22,183,1,5,default
1.4,True,13,22,183,1,5,default
1.2,True,34,22,183,1,5,default
1.0,True,34,22,183,1,5,default
0.8,True,41,22,183,1,5,default
0.6,True,79,22,183,1,5,default
0.4,True,84,22,183,1,5,default
0.2,True,98,22,183,1,5,default
0.0,True,124,22,183,1,5,default
-0.2,False,1328,22,183,1,5,default
-0.4,False,1328,22,183,1,5,default
-0.6,False,1328,22,183,1,5,default
-0.8,False,1328,22,183,1,5,default
-1.0,False,1328,22,183,1,5,default
-1.2,False,1328,22,183,1,5,default
-1.4,False,1328,22,183,1,5,default
-1.6,False,1328,22,183,1,5,default
-1.8,False,1328,22,183,1,5,default
-2.0,False,1328,22,183,1,5,default
-2.2,False,1328,22,183,1,5,default
-2.4,False,1328,22,183,1,5,default
-2.6,False,1328,22,183,1,5,default
-2.8,False,1328,22,183,1,5,default
-3.0,False,1328,22,183,1,5,default
-3.2,False,1328,22,183,1,5,default
-3.4,False,1328,22,183,1,5,default
-3.6,False,1328,22,183,1,5,default
-3.8,False,1328,22,183,1,5,default
-4.0,False,1328,22,183,1,5,default
-4.2,False,1328,22,183,1,5,default
-4.4,False,1328,22,183,1,5,default
-4.6,False,1328,22,183,1,5,default
-4.8,False,1328,22,183,1,5,default
-5.0,False,1328,22,183,1,5,default
-5.2,False,1328,22,183,1,5,default
-5.4,False,1328,22,183,1,5,default
-5.6,False,1328,22,183,1,5,default
-5.8,False,1328,22,183,1,5,default
-6.0,False,1328,22,183,1,5,default
-6.2,False,1328,22,183,1,5,default
-6.4,False,1328,22,183,1,5,default
-6.6,False,1328,22,183,1,5,default
-6.8,False,1328,22,183,1,5,default
-7.0,False,1328,22,183,1,5,default
-7.2,False,1328,22,183,1,5,default
-7.4,False,1328,22,183,1,5,default
-7.6,False,1328,22,183,1,5,default
-7.8,False,1328,22,183,1,5,default
-8.0,False,1328,22,183,1,5,default
2.0,True,1,22,184,1,5,default
1.8,True,11,22,184,1,5,default
1.6,True,24,22,184,1,5,default
1.4,True,24,22,184,1,5,default
1.2,True,29,22,184,1,5,default
1.0,True,63,22,184,1,5,default
0.8,True,104,22,184,1,5,default
0.6,True,131,22,184,1,5,default
0.4,False,1344,22,184,1,5,default
0.2,False,1344,22,184,1,5,default
0.0,False,1344,22,184,1,5,default
-0.2,False,1344,22,184,1,5,default
-0.4,False,1344,22,184,1,5,default
-0.6,False,1344,22,184,1,5,default
-0.8,False,1344,22,184,1,5,default
-1.0,False,1344,22,184,1,5,default
-1.2,False,1344,22,184,1,5,default
-1.4,False,1344,22,184,1,5,default
-1.6,False,1344,22,184,1,5,default
-1.8,False,1344,22,184,1,5,default
-2.0,False,1344,22,184,1,5,default
-2.2,False,1344,22,184,1,5,default
-2.4,False,1344,22,184,1,5,default
-2.6,False,1344,22,184,1,5,default
-2.8,False,1344,22,184,1,5,default
-3.0,False,1344,22,184,1,5,default
-3.2,False,1344,22,184,1,5,default
-3.4,False,1344,22,184,1,5,default
-3.6,False,1344,22,184,1,5,default
-3.8,False,1344,22,184,1,5,default
-4.0,False,1344,22,184,1,5,default
-4.2,False,1344,22,184,1,5,default
-4.4,False,1344,22,184,1,5,default
-4.6,False,1344,22,184,1,5,default
-4.8,False,1344,22,184,1,5,default
-5.0,False,1344,22,184,1,5,default
-5.2,False,1344,22,184,1,5,default
-5.4,False,1344,22,184,1,5,default
-5.6,False,1344,22,184,1,5,default
-5.8,False,1344,22,184,1,5,default
-6.0,False,1344,22,184,1,5,default
-6.2,False,1344,22,184,1,5,default
-6.4,False,1344,22,184,1,5,default
-6.6,False,1344,22,184,1,5,default
-6.8,False,1344,22,184,1,5,default
-7.0,False,1344,22,184,1,5,default
-7.2,False,1344,22,184,1,5,default
-7.4,False,1344,22,184,1,5,default
-7.6,False,1344,22,184,1,5,default
-7.8,False,1344,22,184,1,5,default
-8.0,False,1344,22,184,1,5,default
2.0,True,1,22,185,1,5,default
1.8,True,33,22,185,1,5,default
1.6,True,58,22,185,1,5,default
1.4,True,58,22,185,1,5,default
1.2,True,94,22,185,1,5,default
1.0,False,1272,22,185,1,5,default
0.8,False,1272,22,185,1,5,default
0.6,False,1272,22,185,1,5,default
0.4,False,1272,22,185,1,5,default
0.2,False,1272,22,185,1,5,default
0.0,False,1272,22,185,1,5,default
-0.2,False,1272,22,185,1,5,default
-0.4,False,1272,22,185,1,5,default
-0.6,False,1272,22,185,1,5,default
-0.8,False,1272,22,185,1,5,default
-1.0,False,1272,22,185,1,5,default
-1.2,False,1272,22,185,1,5,default
-1.4,False,1272,22,185,1,5,default
-1.6,False,1272,22,185,1,5,default
-1.8,False,1272,22,185,1,5,default
-2.0,False,1272,22,185,1,5,default
-2.2,False,1272,22,185,1,5,default
-2.4,False,1272,22,185,1,5,default
-2.6,False,1272,22,185,1,5,default
-2.8,False,1272,22,185,1,5,default
-3.0,False,1272,22,185,1,5,default
-3.2,False,1272,22,185,1,5,default
-3.4,False,1272,22,185,1,5,default
-3.6,False,1272,22,185,1,5,default
-3.8,False,1272,22,185,1,5,default
-4.0,False,1272,22,185,1,5,default
-4.2,False,1272,22,185,1,5,default
-4.4,False,1272,22,185,1,5,default
-4.6,False,1272,22,185,1,5,default
-4.8,False,1272,22,185,1,5,default
-5.0,False,1272,22,185,1,5,default
-5.2,False,1272,22,185,1,5,default
-5.4,False,1272,22,185,1,5,default
-5.6,False,1272,22,185,1,5,default
-5.8,False,1272,22,185,1,5,default
-6.0,False,1272,22,185,1,5,default
-6.2,False,1272,22,185,1,5,default
-6.4,False,1272,22,185,1,5,default
-6.6,False,1272,22,185,1,5,default
-6.8,False,1272,22,185,1,5,default
-7.0,False,1272,22,185,1,5,default
-7.2,False,1272,22,185,1,5,default
-7.4,False,1272,22,185,1,5,default
-7.6,False,1272,22,185,1,5,default
-7.8,False,1272,22,185,1,5,default
-8.0,False,1272,22,185,1,5,default
2.0,True,1,22,186,1,5,default
1.8,True,8,22,186,1,5,default
1.6,True,17,22,186,1,5,default
1.4,True,38,22,186,1,5,default
1.2,True,64,22,186,1,5,default
1.0,True,76,22,186,1,5,default
0.8,True,79,22,186,1,5,default
0.6,True,79,22,186,1,5,default
0.4,True,79,22,186,1,5,default
0.2,False,1304,22,186,1,5,default
0.0,False,1304,22,186,1,5,default
-0.2,False,1304,22,186,1,5,default
-0.4,False,1304,22,186,1,5,default
-0.6,False,1304,22,186,1,5,default
-0.8,False,1304,22,186,1,5,default
-1.0,False,1304,22,186,1,5,default
-1.2,False,1304,22,186,1,5,default
-1.4,False,1304,22,186,1,5,default
-1.6,False,1304,22,186,1,5,default
-1.8,False,1304,22,186,1,5,default
-2.0,False,1304,22,186,1,5,default
-2.2,False,1304,22,186,1,5,default
-2.4,False,1304,22,186,1,5,default
-2.6,False,1304,22,186,1,5,default
-2.8,False,1304,22,186,1,5,default
-3.0,False,1304,22,186,1,5,default
-3.2,False,1304,22,186,1,5,default
-3.4,False,1304,22,186,1,5,default
-3.6,False,1304,22,186,1,5,default
-3.8,False,1304,22,186,1,5,default
-4.0,False,1304,22,186,1,5,default
-4.2,False,1304,22,186,1,5,default
-4.4,False,1304,22,186,1,5,default
-4.6,False,1304,22,186,1,5,default
-4.8,False,1304,22,186,1,5,default
-5.0,False,1304,22,186,1,5,default
-5.2,False,1304,22,186,1,5,default
-5.4,False,1304,22,186,1,5,default
-5.6,False,1304,22,186,1,5,default
-5.8,False,1304,22,186,1,5,default
-6.0,False,1304,22,186,1,5,default
-6.2,False,1304,22,186,1,5,default
-6.4,False,1304,22,186,1,5,default
-6.6,False,1304,22,186,1,5,default
-6.8,False,1304,22,186,1,5,default
-7.0,False,1304,22,186,1,5,default
-7.2,False,1304,22,186,1,5,default
-7.4,False,1304,22,186,1,5,default
-7.6,False,1304,22,186,1,5,default
-7.8,False,1304,22,186,1,5,default
-8.0,False,1304,22,186,1,5,default
2.0,True,1,22,187,1,5,default
1.8,True,11,22,187,1,5,default
1.6,True,11,22,187,1,5,default
1.4,True,40,22,187,1,5,default
1.2,True,59,22,187,1,5,default
1.0,True,59,22,187,1,5,default
0.8,True,102,22,187,1,5,default
0.6,True,102,22,187,1,5,default
0.4,False,1264,22,187,1,5,default
0.2,False,1264,22,187,1,5,default
0.0,False,1264,22,187,1,5,default
-0.2,False,1264,22,187,1,5,default
-0.4,False,1264,22,187,1,5,default
-0.6,False,1264,22,187,1,5,default
-0.8,False,1264,22,187,1,5,default
-1.0,False,1264,22,187,1,5,default
-1.2,False,1264,22,187,1,5,default
-1.4,False,1264,22,187,1,5,default
-1.6,False,1264,22,187,1,5,default
-1.8,False,1264,22,187,1,5,default
-2.0,False,1264,22,187,1,5,default
-2.2,False,1264,22,187,1,5,default
-2.4,False,1264,22,187,1,5,default
-2.6,False,1264,22,187,1,5,default
-2.8,False,1264,22,187,1,5,default
-3.0,False,1264,22,187,1,5,default
-3.2,False,1264,22,187,1,5,default
-3.4,False,1264,22,187,1,5,default
-3.6,False,1264,22,187,1,5,default
-3.8,False,1264,22,187,1,5,default
-4.0,False,1264,22,187,1,5,default
-4.2,False,1264,22,187,1,5,default
-4.4,False,1264,22,187,1,5,default
-4.6,False,1264,22,187,1,5,default
-4.8,False,1264,22,187,1,5,default
-5.0,False,1264,22,187,1,5,default
-5.2,False,1264,22,187,1,5,default
-5.4,False,1264,22,187,1,5,default
-5.6,False,1264,22,187,1,5,default
-5.8,False,1264,22,187,1,5,default
-6.0,False,1264,22,187,1,5,default
-6.2,False,1264,22,187,1,5,default
-6.4,False,1264,22,187,1,5,default
-6.6,False,1264,22,187,1,5,default
-6.8,False,1264,22,187,1,5,default
-7.0,False,1264,22,187,1,5,default
-7.2,False,1264,22,187,1,5,default
-7.4,False,1264,22,187,1,5,default
-7.6,False,1264,22,187,1,5,default
-7.8,False,1264,22,187,1,5,default
-8.0,False,1264,22,187,1,5,default
2.0,True,1,22,188,1,5,default
1.8,True,1,22,188,1,5,default
1.6,True,31,22,188,1,5,default
1.4,True,50,22,188,1,5,default
1.2,True,50,22,188,1,5,default
1.0,True,92,22,188,1,5,default
0.8,True,102,22,188,1,5,default
0.6,True,163,22,188,1,5,default
0.4,False,1304,22,188,1,5,default
0.2,False,1304,22,188,1,5,default
0.0,False,1304,22,188,1,5,default
-0.2,False,1304,22,188,1,5,default
-0.4,False,1304,22,188,1,5,default
-0.6,False,1304,22,188,1,5,default
-0.8,False,1304,22,188,1,5,default
-1.0,False,1304,22,188,1,5,default
-1.2,False,1304,22,188,1,5,default
-1.4,False,1304,22,188,1,5,default
-1.6,False,1304,22,188,1,5,default
-1.8,False,1304,22,188,1,5,default
-2.0,False,1304,22,188,1,5,default
-2.2,False,1304,22,188,1,5,default
-2.4,False,1304,22,188,1,5,default
-2.6,False,1304,22,188,1,5,default
-2.8,False,1304,22,188,1,5,default
-3.0,False,1304,22,188,1,5,default
-3.2,False,1304,22,188,1,5,default
-3.4,False,1304,22,188,1,5,default
-3.6,False,1304,22,188,1,5,default
-3.8,False,1304,22,188,1,5,default
-4.0,False,1304,22,188,1,5,default
-4.2,False,1304,22,188,1,5,default
-4.4,False,1304,22,188,1,5,default
-4.6,False,1304,22,188,1,5,default
-4.8,False,1304,22,188,1,5,default
-5.0,False,1304,22,188,1,5,default
-5.2,False,1304,22,188,1,5,default
-5.4,False,1304,22,188,1,5,default
-5.6,False,1304,22,188,1,5,default
-5.8,False,1304,22,188,1,5,default
-6.0,False,1304,22,188,1,5,default
-6.2,False,1304,22,188,1,5,default
-6.4,False,1304,22,188,1,5,default
-6.6,False,1304,22,188,1,5,default
-6.8,False,1304,22,188,1,5,default
-7.0,False,1304,22,188,1,5,default
-7.2,False,1304,22,188,1,5,default
-7.4,False,1304,22,188,1,5,default
-7.6,False,1304,22,188,1,5,default
-7.8,False,1304,22,188,1,5,default
-8.0,False,1304,22,188,1,5,default
2.0,True,1,22,189,1,5,default
1.8,True,5,22,189,1,5,default
1.6,True,16,22,189,1,5,default
1.4,True,23,22,189,1,5,default
1.2,True,55,22,189,1,5,default
1.0,True,57,22,189,1,5,default
0.8,False,1192,22,189,1,5,default
0.6,False,1192,22,189,1,5,default
0.4,False,1192,22,189,1,5,default
0.2,False,1192,22,189,1,5,default
0.0,False,1192,22,189,1,5,default
-0.2,False,1192,22,189,1,5,default
-0.4,False,1192,22,189,1,5,default
-0.6,False,1192,22,189,1,5,default
-0.8,False,1192,22,189,1,5,default
-1.0,False,1192,22,189,1,5,default
-1.2,False,1192,22,189,1,5,default
-1.4,False,1192,22,189,1,5,default
-1.6,False,1192,22,189,1,5,default
-1.8,False,1192,22,189,1,5,default
-2.0,False,1192,22,189,1,5,default
-2.2,False,1192,22,189,1,5,default
-2.4,False,1192,22,189,1,5,default
-2.6,False,1192,22,189,1,5,default
-2.8,False,1192,22,189,1,5,default
-3.0,False,1192,22,189,1,5,default
-3.2,False,1192,22,189,1,5,default
-3.4,False,1192,22,189,1,5,default
-3.6,False,1192,22,189,1,5,default
-3.8,False,1192,22,189,1,5,default
-4.0,False,1192,22,189,1,5,default
-4.2,False,1192,22,189,1,5,default
-4.4,False,1192,22,189,1,5,default
-4.6,False,1192,22,189,1,5,default
-4.8,False,1192,22,189,1,5,default
-5.0,False,1192,22,189,1,5,default
-5.2,False,1192,22,189,1,5,default
-5.4,False,1192,22,189,1,5,default
-5.6,False,1192,22,189,1,5,default
-5.8,False,1192,22,189,1,5,default
-6.0,False,1192,22,189,1,5,default
-6.2,False,1192,22,189,1,5,default
-6.4,False,1192,22,189,1,5,default
-6.6,False,1192,22,189,1,5,default
-6.8,False,1192,22,189,1,5,default
-7.0,False,1192,22,189,1,5,default
-7.2,False,1192,22,189,1,5,default
-7.4,False,1192,22,189,1,5,default
-7.6,False,1192,22,189,1,5,default
-7.8,False,1192,22,189,1,5,default
-8.0,False,1192,22,189,1,5,default
2.0,True,1,22,190,1,5,default
1.8,True,3,22,190,1,5,default
1.6,True,10,22,190,1,5,default
1.4,True,10,22,190,1,5,default
1.2,True,10,22,190,1,5,default
1.0,True,22,22,190,1,5,default
0.8,True,86,22,190,1,5,default
0.6,True,89,22,190,1,5,default
0.4,True,89,22,190,1,5,default
0.2,True,150,22,190,1,5,default
0.0,True,169,22,190,1,5,default
-0.2,False,1224,22,190,1,5,default
-0.4,False,1224,22,190,1,5,default
-0.6,False,1224,22,190,1,5,default
-0.8,False,1224,22,190,1,5,default
-1.0,False,1224,22,190,1,5,default
-1.2,False,1224,22,190,1,5,default
-1.4,False,1224,22,190,1,5,default
-1.6,False,1224,22,190,1,5,default
-1.8,False,1224,22,190,1,5,default
-2.0,False,1224,22,190,1,5,default
-2.2,False,1224,22,190,1,5,default
-2.4,False,1224,22,190,1,5,default
-2.6,False,1224,22,190,1,5,default
-2.8,False,1224,22,190,1,5,default
-3.0,False,1224,22,190,1,5,default
-3.2,False,1224,22,190,1,5,default
-3.4,False,1224,22,190,1,5,default
-3.6,False,1224,22,190,1,5,default
-3.8,False,1224,22,190,1,5,default
-4.0,False,1224,22,190,1,5,default
-4.2,False,1224,22,190,1,5,default
-4.4,False,1224,22,190,1,5,default
-4.6,False,1224,22,190,1,5,default
-4.8,False,1224,22,190,1,5,default
-5.0,False,1224,22,190,1,5,default
-5.2,False,1224,22,190,1,5,default
-5.4,False,1224,22,190,1,5,default
-5.6,False,1224,22,190,1,5,default
-5.8,False,1224,22,190,1,5,default
-6.0,False,1224,22,190,1,5,default
-6.2,False,1224,22,190,1,5,default
-6.4,False,1224,22,190,1,5,default
-6.6,False,1224,22,190,1,5,default
-6.8,False,1224,22,190,1,5,default
-7.0,False,1224,22,190,1,5,default
-7.2,False,1224,22,190,1,5,default
-7.4,False,1224,22,190,1,5,default
-7.6,False,1224,22,190,1,5,default
-7.8,False,1224,22,190,1,5,default
-8.0,False,1224,22,190,1,5,default
2.0,True,1,22,191,1,5,default
1.8,True,1,22,191,1,5,default
1.6,True,10,22,191,1,5,default
1.4,True,42,22,191,1,5,default
1.2,True,49,22,191,1,5,default
1.0,True,49,22,191,1,5,default
0.8,True,49,22,191,1,5,default
0.6,False,1384,22,191,1,5,default
0.4,False,1384,22,191,1,5,default
0.2,False,1384,22,191,1,5,default
0.0,False,1384,22,191,1,5,default
-0.2,False,1384,22,191,1,5,default
-0.4,False,1384,22,191,1,5,default
-0.6,False,1384,22,191,1,5,default
-0.8,False,1384,22,191,1,5,default
-1.0,False,1384,22,191,1,5,default
-1.2,False,1384,22,191,1,5,default
-1.4,False,1384,22,191,1,5,default
-1.6,False,1384,22,191,1,5,default
-1.8,False,1384,22,191,1,5,default
-2.0,False,1384,22,191,1,5,default
-2.2,False,1384,22,191,1,5,default
-2.4,False,1384,22,191,1,5,default
-2.6,False,1384,22,191,1,5,default
-2.8,False,1384,22,191,1,5,default
-3.0,False,1384,22,191,1,5,default
-3.2,False,1384,22,191,1,5,default
-3.4,False,1384,22,191,1,5,default
-3.6,False,1384,22,191,1,5,default
-3.8,False,1384,22,191,1,5,default
-4.0,False,1384,22,191,1,5,default
-4.2,False,1384,22,191,1,5,default
-4.4,False,1384,22,191,1,5,default
-4.6,False,1384,22,191,1,5,default
-4.8,False,1384,22,191,1,5,default
-5.0,False,1384,22,191,1,5,default
-5.2,False,1384,22,191,1,5,default
-5.4,False,1384,22,191,1,5,default
-5.6,False,1384,22,191,1,5,default
-5.8,False,1384,22,191,1,5,default
-6.0,False,1384,22,191,1,5,default
-6.2,False,1384,22,191,1,5,default
-6.4,False,1384,22,191,1,5,default
-6.6,False,1384,22,191,1,5,default
-6.8,False,1384,22,191,1,5,default
-7.0,False,1384,22,191,1,5,default
-7.2,False,1384,22,191,1,5,default
-7.4,False,1384,22,191,1,5,default
-7.6,False,1384,22,191,1,5,default
-7.8,False,1384,22,191,1,5,default
-8.0,False,1384,22,191,1,5,default
2.0,True,1,22,192,1,5,default
1.8,True,3,22,192,1,5,default
1.6,True,11,22,192,1,5,default
1.4,True,16,22,192,1,5,default
1.2,True,21,22,192,1,5,default
1.0,True,21,22,192,1,5,default
0.8,True,53,22,192,1,5,default
0.6,True,53,22,192,1,5,default
0.4,True,53,22,192,1,5,default
0.2,True,98,22,192,1,5,default
0.0,True,102,22,192,1,5,default
-0.2,False,1184,22,192,1,5,default
-0.4,False,1184,22,192,1,5,default
-0.6,False,1184,22,192,1,5,default
-0.8,False,1184,22,192,1,5,default
-1.0,False,1184,22,192,1,5,default
-1.2,False,1184,22,192,1,5,default
-1.4,False,1184,22,192,1,5,default
-1.6,False,1184,22,192,1,5,default
-1.8,False,1184,22,192,1,5,default
-2.0,False,1184,22,192,1,5,default
-2.2,False,1184,22,192,1,5,default
-2.4,False,1184,22,192,1,5,default
-2.6,False,1184,22,192,1,5,default
-2.8,False,1184,22,192,1,5,default
-3.0,False,1184,22,192,1,5,default
-3.2,False,1184,22,192,1,5,default
-3.4,False,1184,22,192,1,5,default
-3.6,False,1184,22,192,1,5,default
-3.8,False,1184,22,192,1,5,default
-4.0,False,1184,22,192,1,5,default
-4.2,False,1184,22,192,1,5,default
-4.4,False,1184,22,192,1,5,default
-4.6,False,1184,22,192,1,5,default
-4.8,False,1184,22,192,1,5,default
-5.0,False,1184,22,192,1,5,default
-5.2,False,1184,22,192,1,5,default
-5.4,False,1184,22,192,1,5,default
-5.6,False,1184,22,192,1,5,default
-5.8,False,1184,22,192,1,5,default
-6.0,False,1184,22,192,1,5,default
-6.2,False,1184,22,192,1,5,default
-6.4,False,1184,22,192,1,5,default
-6.6,False,1184,22,192,1,5,default
-6.8,False,1184,22,192,1,5,default
-7.0,False,1184,22,192,1,5,default
-7.2,False,1184,22,192,1,5,default
-7.4,False,1184,22,192,1,5,default
-7.6,False,1184,22,192,1,5,default
-7.8,False,1184,22,192,1,5,default
-8.0,False,1184,22,192,1,5,default
2.0,True,1,22,193,1,5,default
1.8,True,8,22,193,1,5,default
1.6,True,8,22,193,1,5,default
1.4,True,17,22,193,1,5,default
1.2,True,17,22,193,1,5,default
1.0,True,82,22,193,1,5,default
0.8,True,82,22,193,1,5,default
0.6,True,96,22,193,1,5,default
0.4,True,113,22,193,1,5,default
0.2,True,157,22,193,1,5,default
0.0,True,168,22,193,1,5,default
-0.2,False,1048,22,193,1,5,default
-0.4,False,1048,22,193,1,5,default
-0.6,False,1048,22,193,1,5,default
-0.8,False,1048,22,193,1,5,default
-1.0,False,1048,22,193,1,5,default
-1.2,False,1048,22,193,1,5,default
-1.4,False,1048,22,193,1,5,default
-1.6,False,1048,22,193,1,5,default
-1.8,False,1048,22,193,1,5,default
-2.0,False,1048,22,193,1,5,default
-2.2,False,1048,22,193,1,5,default
-2.4,False,1048,22,193,1,5,default
-2.6,False,1048,22,193,1,5,default
-2.8,False,1048,22,193,1,5,default
-3.0,False,1048,22,193,1,5,default
-3.2,False,1048,22,193,1,5,default
-3.4,False,1048,22,193,1,5,default
-3.6,False,1048,22,193,1,5,default
-3.8,False,1048,22,193,1,5,default
-4.0,False,1048,22,193,1,5,default
-4.2,False,1048,22,193,1,5,default
-4.4,False,1048,22,193,1,5,default
-4.6,False,1048,22,193,1,5,default
-4.8,False,1048,22,193,1,5,default
-5.0,False,1048,22,193,1,5,default
-5.2,False,1048,22,193,1,5,default
-5.4,False,1048,22,193,1,5,default
-5.6,False,1048,22,193,1,5,default
-5.8,False,1048,22,193,1,5,default
-6.0,False,1048,22,193,1,5,default
-6.2,False,1048,22,193,1,5,default
-6.4,False,1048,22,193,1,5,default
-6.6,False,1048,22,193,1,5,default
-6.8,False,1048,22,193,1,5,default
-7.0,False,1048,22,193,1,5,default
-7.2,False,1048,22,193,1,5,default
-7.4,False,1048,22,193,1,5,default
-7.6,False,1048,22,193,1,5,default
-7.8,False,1048,22,193,1,5,default
-8.0,False,1048,22,193,1,5,default
2.0,True,1,22,194,1,5,default
1.8,True,1,22,194,1,5,default
1.6,True,27,22,194,1,5,default
1.4,True,27,22,194,1,5,default
1.2,True,34,22,194,1,5,default
1.0,True,81,22,194,1,5,default
0.8,False,1136,22,194,1,5,default
0.6,False,1136,22,194,1,5,default
0.4,False,1136,22,194,1,5,default
0.2,False,1136,22,194,1,5,default
0.0,False,1136,22,194,1,5,default
-0.2,False,1136,22,194,1,5,default
-0.4,False,1136,22,194,1,5,default
-0.6,False,1136,22,194,1,5,default
-0.8,False,1136,22,194,1,5,default
-1.0,False,1136,22,194,1,5,default
-1.2,False,1136,22,194,1,5,default
-1.4,False,1136,22,194,1,5,default
-1.6,False,1136,22,194,1,5,default
-1.8,False,1136,22,194,1,5,default
-2.0,False,1136,22,194,1,5,default
-2.2,False,1136,22,194,1,5,default
-2.4,False,1136,22,194,1,5,default
-2.6,False,1136,22,194,1,5,default
-2.8,False,1136,22,194,1,5,default
-3.0,False,1136,22,194,1,5,default
-3.2,False,1136,22,194,1,5,default
-3.4,False,1136,22,194,1,5,default
-3.6,False,1136,22,194,1,5,default
-3.8,False,1136,22,194,1,5,default
-4.0,False,1136,22,194,1,5,default
-4.2,False,1136,22,194,1,5,default
-4.4,False,1136,22,194,1,5,default
-4.6,False,1136,22,194,1,5,default
-4.8,False,1136,22,194,1,5,default
-5.0,False,1136,22,194,1,5,default
-5.2,False,1136,22,194,1,5,default
-5.4,False,1136,22,194,1,5,default
-5.6,False,1136,22,194,1,5,default
-5.8,False,1136,22,194,1,5,default
-6.0,False,1136,22,194,1,5,default
-6.2,False,1136,22,194,1,5,default
-6.4,False,1136,22,194,1,5,default
-6.6,False,1136,22,194,1,5,default
-6.8,False,1136,22,194,1,5,default
-7.0,False,1136,22,194,1,5,default
-7.2,False,1136,22,194,1,5,default
-7.4,False,1136,22,194,1,5,default
-7.6,False,1136,22,194,1,5,default
-7.8,False,1136,22,194,1,5,default
-8.0,False,1136,22,194,1,5,default
2.0,True,1,22,195,1,5,default
1.8,True,19,22,195,1,5,default
1.6,True,59,22,195,1,5,default
1.4,True,59,22,195,1,5,default
1.2,True,59,22,195,1,5,default
1.0,True,59,22,195,1,5,default
0.8,True,161,22,195,1,5,default
0.6,True,168,22,195,1,5,default
0.4,True,181,22,195,1,5,default
0.2,False,1328,22,195,1,5,default
0.0,False,1328,22,195,1,5,default
-0.2,False,1328,22,195,1,5,default
-0.4,False,1328,22,195,1,5,default
-0.6,False,1328,22,195,1,5,default
-0.8,False,1328,22,195,1,5,default
-1.0,False,1328,22,195,1,5,default
-1.2,False,1328,22,195,1,5,default
-1.4,False,1328,22,195,1,5,default
-1.6,False,1328,22,195,1,5,default
-1.8,False,1328,22,195,1,5,default
-2.0,False,1328,22,195,1,5,default
-2.2,False,1328,22,195,1,5,default
-2.4,False,1328,22,195,1,5,default
-2.6,False,1328,22,195,1,5,default
-2.8,False,1328,22,195,1,5,default
-3.0,False,1328,22,195,1,5,default
-3.2,False,1328,22,195,1,5,default
-3.4,False,1328,22,195,1,5,default
-3.6,False,1328,22,195,1,5,default
-3.8,False,1328,22,195,1,5,default
-4.0,False,1328,22,195,1,5,default
-4.2,False,1328,22,195,1,5,default
-4.4,False,1328,22,195,1,5,default
-4.6,False,1328,22,195,1,5,default
-4.8,False,1328,22,195,1,5,default
-5.0,False,1328,22,195,1,5,default
-5.2,False,1328,22,195,1,5,default
-5.4,False,1328,22,195,1,5,default
-5.6,False,1328,22,195,1,5,default
-5.8,False,1328,22,195,1,5,default
-6.0,False,1328,22,195,1,5,default
-6.2,False,1328,22,195,1,5,default
-6.4,False,1328,22,195,1,5,default
-6.6,False,1328,22,195,1,5,default
-6.8,False,1328,22,195,1,5,default
-7.0,False,1328,22,195,1,5,default
-7.2,False,1328,22,195,1,5,default
-7.4,False,1328,22,195,1,5,default
-7.6,False,1328,22,195,1,5,default
-7.8,False,1328,22,195,1,5,default
-8.0,False,1328,22,195,1,5,default
2.0,True,1,22,196,1,5,default
1.8,True,53,22,196,1,5,default
1.6,True,53,22,196,1,5,default
1.4,True,129,22,196,1,5,default
1.2,True,150,22,196,1,5,default
1.0,True,196,22,196,1,5,default
0.8,True,267,22,196,1,5,default
0.6,False,1416,22,196,1,5,default
0.4,False,1416,22,196,1,5,default
0.2,False,1416,22,196,1,5,default
0.0,False,1416,22,196,1,5,default
-0.2,False,1416,22,196,1,5,default
-0.4,False,1416,22,196,1,5,default
-0.6,False,1416,22,196,1,5,default
-0.8,False,1416,22,196,1,5,default
-1.0,False,1416,22,196,1,5,default
-1.2,False,1416,22,196,1,5,default
-1.4,False,1416,22,196,1,5,default
-1.6,False,1416,22,196,1,5,default
-1.8,False,1416,22,196,1,5,default
-2.0,False,1416,22,196,1,5,default
-2.2,False,1416,22,196,1,5,default
-2.4,False,1416,22,196,1,5,default
-2.6,False,1416,22,196,1,5,default
-2.8,False,1416,22,196,1,5,default
-3.0,False,1416,22,196,1,5,default
-3.2,False,1416,22,196,1,5,default
-3.4,False,1416,22,196,1,5,default
-3.6,False,1416,22,196,1,5,default
-3.8,False,1416,22,196,1,5,default
-4.0,False,1416,22,196,1,5,default
-4.2,False,1416,22,196,1,5,default
-4.4,False,1416,22,196,1,5,default
-4.6,False,1416,22,196,1,5,default
-4.8,False,1416,22,196,1,5,default
-5.0,False,1416,22,196,1,5,default
-5.2,False,1416,22,196,1,5,default
-5.4,False,1416,22,196,1,5,default
-5.6,False,1416,22,196,1,5,default
-5.8,False,1416,22,196,1,5,default
-6.0,False,1416,22,196,1,5,default
-6.2,False,1416,22,196,1,5,default
-6.4,False,1416,22,196,1,5,default
-6.6,False,1416,22,196,1,5,default
-6.8,False,1416,22,196,1,5,default
-7.0,False,1416,22,196,1,5,default
-7.2,False,1416,22,196,1,5,default
-7.4,False,1416,22,196,1,5,default
-7.6,False,1416,22,196,1,5,default
-7.8,False,1416,22,196,1,5,default
-8.0,False,1416,22,196,1,5,default
2.0,True,1,22,197,1,5,default
1.8,True,20,22,197,1,5,default
1.6,True,44,22,197,1,5,default
1.4,True,67,22,197,1,5,default
1.2,True,123,22,197,1,5,default
1.0,True,251,22,197,1,5,default
0.8,False,1600,22,197,1,5,default
0.6,False,1600,22,197,1,5,default
0.4,False,1600,22,197,1,5,default
0.2,False,1600,22,197,1,5,default
0.0,False,1600,22,197,1,5,default
-0.2,False,1600,22,197,1,5,default
-0.4,False,1600,22,197,1,5,default
-0.6,False,1600,22,197,1,5,default
-0.8,False,1600,22,197,1,5,default
-1.0,False,1600,22,197,1,5,default
-1.2,False,1600,22,197,1,5,default
-1.4,False,1600,22,197,1,5,default
-1.6,False,1600,22,197,1,5,default
-1.8,False,1600,22,197,1,5,default
-2.0,False,1600,22,197,1,5,default
-2.2,False,1600,22,197,1,5,default
-2.4,False,1600,22,197,1,5,default
-2.6,False,1600,22,197,1,5,default
-2.8,False,1600,22,197,1,5,default
-3.0,False,1600,22,197,1,5,default
-3.2,False,1600,22,197,1,5,default
-3.4,False,1600,22,197,1,5,default
-3.6,False,1600,22,197,1,5,default
-3.8,False,1600,22,197,1,5,default
-4.0,False,1600,22,197,1,5,default
-4.2,False,1600,22,197,1,5,default
-4.4,False,1600,22,197,1,5,default
-4.6,False,1600,22,197,1,5,default
-4.8,False,1600,22,197,1,5,default
-5.0,False,1600,22,197,1,5,default
-5.2,False,1600,22,197,1,5,default
-5.4,False,1600,22,197,1,5,default
-5.6,False,1600,22,197,1,5,default
-5.8,False,1600,22,197,1,5,default
-6.0,False,1600,22,197,1,5,default
-6.2,False,1600,22,197,1,5,default
-6.4,False,1600,22,197,1,5,default
-6.6,False,1600,22,197,1,5,default
-6.8,False,1600,22,197,1,5,default
-7.0,False,1600,22,197,1,5,default
-7.2,False,1600,22,197,1,5,default
-7.4,False,1600,22,197,1,5,default
-7.6,False,1600,22,197,1,5,default
-7.8,False,1600,22,197,1,5,default
-8.0,False,1600,22,197,1,5,default
2.0,True,1,22,198,1,5,default
1.8,True,5,22,198,1,5,default
1.6,True,25,22,198,1,5,default
1.4,True,94,22,198,1,5,default
1.2,True,145,22,198,1,5,default
1.0,True,145,22,198,1,5,default
0.8,True,145,22,198,1,5,default
0.6,True,182,22,198,1,5,default
0.4,True,208,22,198,1,5,default
0.2,True,260,22,198,1,5,default
0.0,True,269,22,198,1,5,default
-0.2,False,1304,22,198,1,5,default
-0.4,False,1304,22,198,1,5,default
-0.6,False,1304,22,198,1,5,default
-0.8,False,1304,22,198,1,5,default
-1.0,False,1304,22,198,1,5,default
-1.2,False,1304,22,198,1,5,default
-1.4,False,1304,22,198,1,5,default
-1.6,False,1304,22,198,1,5,default
-1.8,False,1304,22,198,1,5,default
-2.0,False,1304,22,198,1,5,default
-2.2,False,1304,22,198,1,5,default
-2.4,False,1304,22,198,1,5,default
-2.6,False,1304,22,198,1,5,default
-2.8,False,1304,22,198,1,5,default
-3.0,False,1304,22,198,1,5,default
-3.2,False,1304,22,198,1,5,default
-3.4,False,1304,22,198,1,5,default
-3.6,False,1304,22,198,1,5,default
-3.8,False,1304,22,198,1,5,default
-4.0,False,1304,22,198,1,5,default
-4.2,False,1304,22,198,1,5,default
-4.4,False,1304,22,198,1,5,default
-4.6,False,1304,22,198,1,5,default
-4.8,False,1304,22,198,1,5,default
-5.0,False,1304,22,198,1,5,default
-5.2,False,1304,22,198,1,5,default
-5.4,False,1304,22,198,1,5,default
-5.6,False,1304,22,198,1,5,default
-5.8,False,1304,22,198,1,5,default
-6.0,False,1304,22,198,1,5,default
-6.2,False,1304,22,198,1,5,default
-6.4,False,1304,22,198,1,5,default
-6.6,False,1304,22,198,1,5,default
-6.8,False,1304,22,198,1,5,default
-7.0,False,1304,22,198,1,5,default
-7.2,False,1304,22,198,1,5,default
-7.4,False,1304,22,198,1,5,default
-7.6,False,1304,22,198,1,5,default
-7.8,False,1304,22,198,1,5,default
-8.0,False,1304,22,198,1,5,default
2.0,True,1,22,199,1,5,default
1.8,True,9,22,199,1,5,default
1.6,True,9,22,199,1,5,default
1.4,True,9,22,199,1,5,default
1.2,True,59,22,199,1,5,default
1.0,True,59,22,199,1,5,default
0.8,True,59,22,199,1,5,default
0.6,True,59,22,199,1,5,default
0.4,True,59,22,199,1,5,default
0.2,True,108,22,199,1,5,default
0.0,True,150,22,199,1,5,default
-0.2,False,1224,22,199,1,5,default
-0.4,False,1224,22,199,1,5,default
-0.6,False,1224,22,199,1,5,default
-0.8,False,1224,22,199,1,5,default
-1.0,False,1224,22,199,1,5,default
-1.2,False,1224,22,199,1,5,default
-1.4,False,1224,22,199,1,5,default
-1.6,False,1224,22,199,1,5,default
-1.8,False,1224,22,199,1,5,default
-2.0,False,1224,22,199,1,5,default
-2.2,False,1224,22,199,1,5,default
-2.4,False,1224,22,199,1,5,default
-2.6,False,1224,22,199,1,5,default
-2.8,False,1224,22,199,1,5,default
-3.0,False,1224,22,199,1,5,default
-3.2,False,1224,22,199,1,5,default
-3.4,False,1224,22,199,1,5,default
-3.6,False,1224,22,199,1,5,default
-3.8,False,1224,22,199,1,5,default
-4.0,False,1224,22,199,1,5,default
-4.2,False,1224,22,199,1,5,default
-4.4,False,1224,22,199,1,5,default
-4.6,False,1224,22,199,1,5,default
-4.8,False,1224,22,199,1,5,default
-5.0,False,1224,22,199,1,5,default
-5.2,False,1224,22,199,1,5,default
-5.4,False,1224,22,199,1,5,default
-5.6,False,1224,22,199,1,5,default
-5.8,False,1224,22,199,1,5,default
-6.0,False,1224,22,199,1,5,default
-6.2,False,1224,22,199,1,5,default
-6.4,False,1224,22,199,1,5,default
-6.6,False,1224,22,199,1,5,default
-6.8,False,1224,22,199,1,5,default
-7.0,False,1224,22,199,1,5,default
-7.2,False,1224,22,199,1,5,default
-7.4,False,1224,22,199,1,5,default
-7.6,False,1224,22,199,1,5,default
-7.8,False,1224,22,199,1,5,default
-8.0,False,1224,22,199,1,5,default
2.0,True,1,22,200,1,5,default
1.8,True,8,22,200,1,5,default
1.6,True,12,22,200,1,5,default
1.4,True,12,22,200,1,5,default
1.2,True,73,22,200,1,5,default
1.0,True,92,22,200,1,5,default
0.8,True,136,22,200,1,5,default
0.6,True,136,22,200,1,5,default
0.4,True,136,22,200,1,5,default
0.2,True,193,22,200,1,5,default
0.0,True,210,22,200,1,5,default
-0.2,True,210,22,200,1,5,default
-0.4,True,252,22,200,1,5,default
-0.6,True,252,22,200,1,5,default
-0.8,True,252,22,200,1,5,default
-1.0,True,253,22,200,1,5,default
-1.2,True,281,22,200,1,5,default
-1.4,True,307,22,200,1,5,default
-1.6,True,307,22,200,1,5,default
-1.8,True,307,22,200,1,5,default
-2.0,True,346,22,200,1,5,default
-2.2,True,358,22,200,1,5,default
-2.4,True,358,22,200,1,5,default
-2.6,True,393,22,200,1,5,default
-2.8,True,405,22,200,1,5,default
-3.0,True,405,22,200,1,5,default
-3.2,True,454,22,200,1,5,default
-3.4,True,454,22,200,1,5,default
-3.6,True,454,22,200,1,5,default
-3.8,True,473,22,200,1,5,default
-4.0,True,507,22,200,1,5,default
-4.2,True,557,22,200,1,5,default
-4.4,True,557,22,200,1,5,default
-4.6,True,614,22,200,1,5,default
-4.8,True,653,22,200,1,5,default
-5.0,True,674,22,200,1,5,default
-5.2,True,707,22,200,1,5,default
-5.4,True,714,22,200,1,5,default
-5.6,True,770,22,200,1,5,default
-5.8,True,795,22,200,1,5,default
-6.0,True,810,22,200,1,5,default
-6.2,True,818,22,200,1,5,default
-6.4,True,818,22,200,1,5,default
-6.6,True,830,22,200,1,5,default
-6.8,True,841,22,200,1,5,default
-7.0,True,841,22,200,1,5,default
-7.2,True,854,22,200,1,5,default
-7.4,True,861,22,200,1,5,default
-7.6,True,861,22,200,1,5,default
-7.8,True,892,22,200,1,5,default
-8.0,True,892,22,200,1,5,default
