log10_target,solved,evaluations,fid,iid,rep,dim,param_id
2.0,True,58,13,101,1,3,Powell
1.8,True,58,13,101,1,3,Powell
1.6,True,58,13,101,1,3,Powell
1.4,False,292,13,101,1,3,Powell
1.2,False,292,13,101,1,3,Powell
1.0,False,292,13,101,1,3,Powell
0.8,False,292,13,101,1,3,Powell
0.6,False,292,13,101,1,3,Powell
0.4,False,292,13,101,1,3,Powell
0.2,False,292,13,101,1,3,Powell
0.0,False,292,13,101,1,3,Powell
-0.2,False,292,13,101,1,3,Powell
-0.4,False,292,13,101,1,3,Powell
-0.6,False,292,13,101,1,3,Powell
-0.8,False,292,13,101,1,3,Powell
-1.0,False,292,13,101,1,3,Powell
-1.2,False,292,13,101,1,3,Powell
-1.4,False,292,13,101,1,3,Powell
-1.6,False,292,13,101,1,3,Powell
-1.8,False,292,13,101,1,3,Powell
-2.0,False,292,13,101,1,3,Powell
-2.2,False,292,13,101,1,3,Powell
-2.4,False,292,13,101,1,3,Powell
-2.6,False,292,13,101,1,3,Powell
-2.8,False,292,13,101,1,3,Powell
-3.0,False,292,13,101,1,3,Powell
-3.2,False,292,13,101,1,3,Powell
-3.4,False,292,13,101,1,3,Powell
-3.6,False,292,13,101,1,3,Powell
-3.8,False,292,13,101,1,3,Powell
-4.0,False,292,13,101,1,3,Powell
-4.2,False,292,13,101,1,3,Powell
-4.4,False,292,13,101,1,3,Powell
-4.6,False,292,13,101,1,3,Powell
-4.8,False,292,13,101,1,3,Powell
-5.0,False,292,13,101,1,3,Powell
-5.2,False,292,13,101,1,3,Powell
-5.4,False,292,13,101,1,3,Powell
-5.6,False,292,13,101,1,3,Powell
-5.8,False,292,13,101,1,3,Powell
-6.0,False,292,13,101,1,3,Powell
-6.2,False,292,13,101,1,3,Powell
-6.4,False,292,13,101,1,3,Powell
-6.6,False,292,13,101,1,3,Powell
-6.8,False,292,13,101,1,3,Powell
-7.0,False,292,13,101,1,3,Powell
-7.2,False,292,13,101,1,3,Powell
-7.4,False,292,13,101,1,3,Powell
-7.6,False,292,13,101,1,3,Powell
-7.8,False,292,13,101,1,3,Powell
-8.0,False,292,13,101,1,3,Powell
2.0,True,57,13,102,1,3,Powell
1.8,True,63,13,102,1,3,Powell
1.6,False,182,13,102,1,3,Powell
1.4,False,182,13,102,1,3,Powell
1.2,False,182,13,102,1,3,Powell
1.0,False,182,13,102,1,3,Powell
0.8,False,182,13,102,1,3,Powell
0.6,False,182,13,102,1,3,Powell
0.4,False,182,13,102,1,3,Powell
0.2,False,182,13,102,1,3,Powell
0.0,False,182,13,102,1,3,Powell
-0.2,False,182,13,102,1,3,Powell
-0.4,False,182,13,102,1,3,Powell
-0.6,False,182,13,102,1,3,Powell
-0.8,False,182,13,102,1,3,Powell
-1.0,False,182,13,102,1,3,Powell
-1.2,False,182,13,102,1,3,Powell
-1.4,False,182,13,102,1,3,Powell
-1.6,False,182,13,102,1,3,Powell
-1.8,False,182,13,102,1,3,Powell
-2.0,False,182,13,102,1,3,Powell
-2.2,False,182,13,102,1,3,Powell
-2.4,False,182,13,102,1,3,Powell
-2.6,False,182,13,102,1,3,Powell
-2.8,False,182,13,102,1,3,Powell
-3.0,False,182,13,102,1,3,Powell
-3.2,False,182,13,102,1,3,Powell
-3.4,False,182,13,102,1,3,Powell
-3.6,False,182,13,102,1,3,Powell
-3.8,False,182,13,102,1,3,Powell
-4.0,False,182,13,102,1,3,Powell
-4.2,False,182,13,102,1,3,Powell
-4.4,False,182,13,102,1,3,Powell
-4.6,False,182,13,102,1,3,Powell
-4.8,False,182,13,102,1,3,Powell
-5.0,False,182,13,102,1,3,Powell
-5.2,False,182,13,102,1,3,Powell
-5.4,False,182,13,102,1,3,Powell
-5.6,False,182,13,102,1,3,Powell
-5.8,False,182,13,102,1,3,Powell
-6.0,False,182,13,102,1,3,Powell
-6.2,False,182,13,102,1,3,Powell
-6.4,False,182,13,102,1,3,Powell
-6.6,False,182,13,102,1,3,Powell
-6.8,False,182,13,102,1,3,Powell
-7.0,False,182,13,102,1,3,Powell
-7.2,False,182,13,102,1,3,Powell
-7.4,False,182,13,102,1,3,Powell
-7.6,False,182,13,102,1,3,Powell
-7.8,False,182,13,102,1,3,Powell
-8.0,False,182,13,102,1,3,Powell
2.0,True,14,13,103,1,3,Powell
1.8,True,35,13,103,1,3,Powell
1.6,True,45,13,103,1,3,Powell
1.4,True,56,13,103,1,3,Powell
1.2,True,69,13,103,1,3,Powell
1.0,False,208,13,103,1,3,Powell
0.8,False,208,13,103,1,3,Powell
0.6,False,208,13,103,1,3,Powell
0.4,False,208,13,103,1,3,Powell
0.2,False,208,13,103,1,3,Powell
0.0,False,208,13,103,1,3,Powell
-0.2,False,208,13,103,1,3,Powell
-0.4,False,208,13,103,1,3,Powell
-0.6,False,208,13,103,1,3,Powell
-0.8,False,208,13,103,1,3,Powell
-1.0,False,208,13,103,1,3,Powell
-1.2,False,208,13,103,1,3,Powell
-1.4,False,208,13,103,1,3,Powell
-1.6,False,208,13,103,1,3,Powell
-1.8,False,208,13,103,1,3,Powell
-2.0,False,208,13,103,1,3,Powell
-2.2,False,208,13,103,1,3,Powell
-2.4,False,208,13,103,1,3,Powell
-2.6,False,208,13,103,1,3,Powell
-2.8,False,208,13,103,1,3,Powell
-3.0,False,208,13,103,1,3,Powell
-3.2,False,208,13,103,1,3,Powell
-3.4,False,208,13,103,1,3,Powell
-3.6,False,208,13,103,1,3,Powell
-3.8,False,208,13,103,1,3,Powell
-4.0,False,208,13,103,1,3,Powell
-4.2,False,208,13,103,1,3,Powell
-4.4,False,208,13,103,1,3,Powell
-4.6,False,208,13,103,1,3,Powell
-4.8,False,208,13,103,1,3,Powell
-5.0,False,208,13,103,1,3,Powell
-5.2,False,208,13,103,1,3,Powell
-5.4,False,208,13,103,1,3,Powell
-5.6,False,208,13,103,1,3,Powell
-5.8,False,208,13,103,1,3,Powell
-6.0,False,208,13,103,1,3,Powell
-6.2,False,208,13,103,1,3,Powell
-6.4,False,208,13,103,1,3,Powell
-6.6,False,208,13,103,1,3,Powell
-6.8,False,208,13,103,1,3,Powell
-7.0,False,208,13,103,1,3,Powell
-7.2,False,208,13,103,1,3,Powell
-7.4,False,208,13,103,1,3,Powell
-7.6,False,208,13,103,1,3,Powell
-7.8,False,208,13,103,1,3,Powell
-8.0,False,208,13,103,1,3,Powell
2.0,True,21,13,104,1,3,Powell
1.8,True,21,13,104,1,3,Powell
1.6,True,24,13,104,1,3,Powell
1.4,True,42,13,104,1,3,Powell
1.2,True,54,13,104,1,3,Powell
1.0,True,55,13,104,1,3,Powell
0.8,False,187,13,104,1,3,Powell
0.6,False,187,13,104,1,3,Powell
0.4,False,187,13,104,1,3,Powell
0.2,False,187,13,104,1,3,Powell
0.0,False,187,13,104,1,3,Powell
-0.2,False,187,13,104,1,3,Powell
-0.4,False,187,13,104,1,3,Powell
-0.6,False,187,13,104,1,3,Powell
-0.8,False,187,13,104,1,3,Powell
-1.0,False,187,13,104,1,3,Powell
-1.2,False,187,13,104,1,3,Powell
-1.4,False,187,13,104,1,3,Powell
-1.6,False,187,13,104,1,3,Powell
-1.8,False,187,13,104,1,3,Powell
-2.0,False,187,13,104,1,3,Powell
-2.2,False,187,13,104,1,3,Powell
-2.4,False,187,13,104,1,3,Powell
-2.6,False,187,13,104,1,3,Powell
-2.8,False,187,13,104,1,3,Powell
-3.0,False,187,13,104,1,3,Powell
-3.2,False,187,13,104,1,3,Powell
-3.4,False,187,13,104,1,3,Powell
-3.6,False,187,13,104,1,3,Powell
-3.8,False,187,13,104,1,3,Powell
-4.0,False,187,13,104,1,3,Powell
-4.2,False,187,13,104,1,3,Powell
-4.4,False,187,13,104,1,3,Powell
-4.6,False,187,13,104,1,3,Powell
-4.8,False,187,13,104,1,3,Powell
-5.0,False,187,13,104,1,3,Powell
-5.2,False,187,13,104,1,3,Powell
-5.4,False,187,13,104,1,3,Powell
-5.6,False,187,13,104,1,3,Powell
-5.8,False,187,13,104,1,3,Powell
-6.0,False,187,13,104,1,3,Powell
-6.2,False,187,13,104,1,3,Powell
-6.4,False,187,13,104,1,3,Powell
-6.6,False,187,13,104,1,3,Powell
-6.8,False,187,13,104,1,3,Powell
-7.0,False,187,13,104,1,3,Powell
-7.2,False,187,13,104,1,3,Powell
-7.4,False,187,13,104,1,3,Powell
-7.6,False,187,13,104,1,3,Powell
-7.8,False,187,13,104,1,3,Powell
-8.0,False,187,13,104,1,3,Powell
2.0,True,30,13,105,1,3,Powell
1.8,True,30,13,105,1,3,Powell
1.6,True,30,13,105,1,3,Powell
1.4,True,32,13,105,1,3,Powell
1.2,True,32,13,105,1,3,Powell
1.0,True,45,13,105,1,3,Powell
0.8,True,69,13,105,1,3,Powell
0.6,True,69,13,105,1,3,Powell
0.4,False,124,13,105,1,3,Powell
0.2,False,124,13,105,1,3,Powell
0.0,False,124,13,105,1,3,Powell
-0.2,False,124,13,105,1,3,Powell
-0.4,False,124,13,105,1,3,Powell
-0.6,False,124,13,105,1,3,Powell
-0.8,False,124,13,105,1,3,Powell
-1.0,False,124,13,105,1,3,Powell
-1.2,False,124,13,105,1,3,Powell
-1.4,False,124,13,105,1,3,Powell
-1.6,False,124,13,105,1,3,Powell
-1.8,False,124,13,105,1,3,Powell
-2.0,False,124,13,105,1,3,Powell
-2.2,False,124,13,105,1,3,Powell
-2.4,False,124,13,105,1,3,Powell
-2.6,False,124,13,105,1,3,Powell
-2.8,False,124,13,105,1,3,Powell
-3.0,False,124,13,105,1,3,Powell
-3.2,False,124,13,105,1,3,Powell
-3.4,False,124,13,105,1,3,Powell
-3.6,False,124,13,105,1,3,Powell
-3.8,False,124,13,105,1,3,Powell
-4.0,False,124,13,105,1,3,Powell
-4.2,False,124,13,105,1,3,Powell
-4.4,False,124,13,105,1,3,Powell
-4.6,False,124,13,105,1,3,Powell
-4.8,False,124,13,105,1,3,Powell
-5.0,False,124,13,105,1,3,Powell
-5.2,False,124,13,105,1,3,Powell
-5.4,False,124,13,105,1,3,Powell
-5.6,False,124,13,105,1,3,Powell
-5.8,False,124,13,105,1,3,Powell
-6.0,False,124,13,105,1,3,Powell
-6.2,False,124,13,105,1,3,Powell
-6.4,False,124,13,105,1,3,Powell
-6.6,False,124,13,105,1,3,Powell
-6.8,False,124,13,105,1,3,Powell
-7.0,False,124,13,105,1,3,Powell
-7.2,False,124,13,105,1,3,Powell
-7.4,False,124,13,105,1,3,Powell
-7.6,False,124,13,105,1,3,Powell
-7.8,False,124,13,105,1,3,Powell
-8.0,False,124,13,105,1,3,Powell
2.0,True,22,13,106,1,3,Powell
1.8,True,26,13,106,1,3,Powell
1.6,True,33,13,106,1,3,Powell
1.4,True,35,13,106,1,3,Powell
1.2,True,55,13,106,1,3,Powell
1.0,True,67,13,106,1,3,Powell
0.8,True,69,13,106,1,3,Powell
0.6,True,92,13,106,1,3,Powell
0.4,True,137,13,106,1,3,Powell
0.2,False,259,13,106,1,3,Powell
0.0,False,259,13,106,1,3,Powell
-0.2,False,259,13,106,1,3,Powell
-0.4,False,259,13,106,1,3,Powell
-0.6,False,259,13,106,1,3,Powell
-0.8,False,259,13,106,1,3,Powell
-1.0,False,259,13,106,1,3,Powell
-1.2,False,259,13,106,1,3,Powell
-1.4,False,259,13,106,1,3,Powell
-1.6,False,259,13,106,1,3,Powell
-1.8,False,259,13,106,1,3,Powell
-2.0,False,259,13,106,1,3,Powell
-2.2,False,259,13,106,1,3,Powell
-2.4,False,259,13,106,1,3,Powell
-2.6,False,259,13,106,1,3,Powell
-2.8,False,259,13,106,1,3,Powell
-3.0,False,259,13,106,1,3,Powell
-3.2,False,259,13,106,1,3,Powell
-3.4,False,259,13,106,1,3,Powell
-3.6,False,259,13,106,1,3,Powell
-3.8,False,259,13,106,1,3,Powell
-4.0,False,259,13,106,1,3,Powell
-4.2,False,259,13,106,1,3,Powell
-4.4,False,259,13,106,1,3,Powell
-4.6,False,259,13,106,1,3,Powell
-4.8,False,259,13,106,1,3,Powell
-5.0,False,259,13,106,1,3,Powell
-5.2,False,259,13,106,1,3,Powell
-5.4,False,259,13,106,1,3,Powell
-5.6,False,259,13,106,1,3,Powell
-5.8,False,259,13,106,1,3,Powell
-6.0,False,259,13,106,1,3,Powell
-6.2,False,259,13,106,1,3,Powell
-6.4,False,259,13,106,1,3,Powell
-6.6,False,259,13,106,1,3,Powell
-6.8,False,259,13,106,1,3,Powell
-7.0,False,259,13,106,1,3,Powell
-7.2,False,259,13,106,1,3,Powell
-7.4,False,259,13,106,1,3,Powell
-7.6,False,259,13,106,1,3,Powell
-7.8,False,259,13,106,1,3,Powell
-8.0,False,259,13,106,1,3,Powell
2.0,True,26,13,107,1,3,Powell
1.8,True,36,13,107,1,3,Powell
1.6,True,36,13,107,1,3,Powell
1.4,True,61,13,107,1,3,Powell
1.2,False,316,13,107,1,3,Powell
1.0,False,316,13,107,1,3,Powell
0.8,False,316,13,107,1,3,Powell
0.6,False,316,13,107,1,3,Powell
0.4,False,316,13,107,1,3,Powell
0.2,False,316,13,107,1,3,Powell
0.0,False,316,13,107,1,3,Powell
-0.2,False,316,13,107,1,3,Powell
-0.4,False,316,13,107,1,3,Powell
-0.6,False,316,13,107,1,3,Powell
-0.8,False,316,13,107,1,3,Powell
-1.0,False,316,13,107,1,3,Powell
-1.2,False,316,13,107,1,3,Powell
-1.4,False,316,13,107,1,3,Powell
-1.6,False,316,13,107,1,3,Powell
-1.8,False,316,13,107,1,3,Powell
-2.0,False,316,13,107,1,3,Powell
-2.2,False,316,13,107,1,3,Powell
-2.4,False,316,13,107,1,3,Powell
-2.6,False,316,13,107,1,3,Powell
-2.8,False,316,13,107,1,3,Powell
-3.0,False,316,13,107,1,3,Powell
-3.2,False,316,13,107,1,3,Powell
-3.4,False,316,13,107,1,3,Powell
-3.6,False,316,13,107,1,3,Powell
-3.8,False,316,13,107,1,3,Powell
-4.0,False,316,13,107,1,3,Powell
-4.2,False,316,13,107,1,3,Powell
-4.4,False,316,13,107,1,3,Powell
-4.6,False,316,13,107,1,3,Powell
-4.8,False,316,13,107,1,3,Powell
-5.0,False,316,13,107,1,3,Powell
-5.2,False,316,13,107,1,3,Powell
-5.4,False,316,13,107,1,3,Powell
-5.6,False,316,13,107,1,3,Powell
-5.8,False,316,13,107,1,3,Powell
-6.0,False,316,13,107,1,3,Powell
-6.2,False,316,13,107,1,3,Powell
-6.4,False,316,13,107,1,3,Powell
-6.6,False,316,13,107,1,3,Powell
-6.8,False,316,13,107,1,3,Powell
-7.0,False,316,13,107,1,3,Powell
-7.2,False,316,13,107,1,3,Powell
-7.4,False,316,13,107,1,3,Powell
-7.6,False,316,13,107,1,3,Powell
-7.8,False,316,13,107,1,3,Powell
-8.0,False,316,13,107,1,3,Powell
2.0,True,39,13,108,1,3,Powell
1.8,True,58,13,108,1,3,Powell
1.6,True,99,13,108,1,3,Powell
1.4,False,331,13,108,1,3,Powell
1.2,False,331,13,108,1,3,Powell
1.0,False,331,13,108,1,3,Powell
0.8,False,331,13,108,1,3,Powell
0.6,False,331,13,108,1,3,Powell
0.4,False,331,13,108,1,3,Powell
0.2,False,331,13,108,1,3,Powell
0.0,False,331,13,108,1,3,Powell
-0.2,False,331,13,108,1,3,Powell
-0.4,False,331,13,108,1,3,Powell
-0.6,False,331,13,108,1,3,Powell
-0.8,False,331,13,108,1,3,Powell
-1.0,False,331,13,108,1,3,Powell
-1.2,False,331,13,108,1,3,Powell
-1.4,False,331,13,108,1,3,Powell
-1.6,False,331,13,108,1,3,Powell
-1.8,False,331,13,108,1,3,Powell
-2.0,False,331,13,108,1,3,Powell
-2.2,False,331,13,108,1,3,Powell
-2.4,False,331,13,108,1,3,Powell
-2.6,False,331,13,108,1,3,Powell
-2.8,False,331,13,108,1,3,Powell
-3.0,False,331,13,108,1,3,Powell
-3.2,False,331,13,108,1,3,Powell
-3.4,False,331,13,108,1,3,Powell
-3.6,False,331,13,108,1,3,Powell
-3.8,False,331,13,108,1,3,Powell
-4.0,False,331,13,108,1,3,Powell
-4.2,False,331,13,108,1,3,Powell
-4.4,False,331,13,108,1,3,Powell
-4.6,False,331,13,108,1,3,Powell
-4.8,False,331,13,108,1,3,Powell
-5.0,False,331,13,108,1,3,Powell
-5.2,False,331,13,108,1,3,Powell
-5.4,False,331,13,108,1,3,Powell
-5.6,False,331,13,108,1,3,Powell
-5.8,False,331,13,108,1,3,Powell
-6.0,False,331,13,108,1,3,Powell
-6.2,False,331,13,108,1,3,Powell
-6.4,False,331,13,108,1,3,Powell
-6.6,False,331,13,108,1,3,Powell
-6.8,False,331,13,108,1,3,Powell
-7.0,False,331,13,108,1,3,Powell
-7.2,False,331,13,108,1,3,Powell
-7.4,False,331,13,108,1,3,Powell
-7.6,False,331,13,108,1,3,Powell
-7.8,False,331,13,108,1,3,Powell
-8.0,False,331,13,108,1,3,Powell
2.0,True,23,13,109,1,3,Powell
1.8,True,34,13,109,1,3,Powell
1.6,True,35,13,109,1,3,Powell
1.4,True,35,13,109,1,3,Powell
1.2,True,60,13,109,1,3,Powell
1.0,False,229,13,109,1,3,Powell
0.8,False,229,13,109,1,3,Powell
0.6,False,229,13,109,1,3,Powell
0.4,False,229,13,109,1,3,Powell
0.2,False,229,13,109,1,3,Powell
0.0,False,229,13,109,1,3,Powell
-0.2,False,229,13,109,1,3,Powell
-0.4,False,229,13,109,1,3,Powell
-0.6,False,229,13,109,1,3,Powell
-0.8,False,229,13,109,1,3,Powell
-1.0,False,229,13,109,1,3,Powell
-1.2,False,229,13,109,1,3,Powell
-1.4,False,229,13,109,1,3,Powell
-1.6,False,229,13,109,1,3,Powell
-1.8,False,229,13,109,1,3,Powell
-2.0,False,229,13,109,1,3,Powell
-2.2,False,229,13,109,1,3,Powell
-2.4,False,229,13,109,1,3,Powell
-2.6,False,229,13,109,1,3,Powell
-2.8,False,229,13,109,1,3,Powell
-3.0,False,229,13,109,1,3,Powell
-3.2,False,229,13,109,1,3,Powell
-3.4,False,229,13,109,1,3,Powell
-3.6,False,229,13,109,1,3,Powell
-3.8,False,229,13,109,1,3,Powell
-4.0,False,229,13,109,1,3,Powell
-4.2,False,229,13,109,1,3,Powell
-4.4,False,229,13,109,1,3,Powell
-4.6,False,229,13,109,1,3,Powell
-4.8,False,229,13,109,1,3,Powell
-5.0,False,229,13,109,1,3,Powell
-5.2,False,229,13,109,1,3,Powell
-5.4,False,229,13,109,1,3,Powell
-5.6,False,229,13,109,1,3,Powell
-5.8,False,229,13,109,1,3,Powell
-6.0,False,229,13,109,1,3,Powell
-6.2,False,229,13,109,1,3,Powell
-6.4,False,229,13,109,1,3,Powell
-6.6,False,229,13,109,1,3,Powell
-6.8,False,229,13,109,1,3,Powell
-7.0,False,229,13,109,1,3,Powell
-7.2,False,229,13,109,1,3,Powell
-7.4,False,229,13,109,1,3,Powell
-7.6,False,229,13,109,1,3,Powell
-7.8,False,229,13,109,1,3,Powell
-8.0,False,229,13,109,1,3,Powell
2.0,True,49,13,110,1,3,Powell
1.8,False,233,13,110,1,3,Powell
1.6,False,233,13,110,1,3,Powell
1.4,False,233,13,110,1,3,Powell
1.2,False,233,13,110,1,3,Powell
1.0,False,233,13,110,1,3,Powell
0.8,False,233,13,110,1,3,Powell
0.6,False,233,13,110,1,3,Powell
0.4,False,233,13,110,1,3,Powell
0.2,False,233,13,110,1,3,Powell
0.0,False,233,13,110,1,3,Powell
-0.2,False,233,13,110,1,3,Powell
-0.4,False,233,13,110,1,3,Powell
-0.6,False,233,13,110,1,3,Powell
-0.8,False,233,13,110,1,3,Powell
-1.0,False,233,13,110,1,3,Powell
-1.2,False,233,13,110,1,3,Powell
-1.4,False,233,13,110,1,3,Powell
-1.6,False,233,13,110,1,3,Powell
-1.8,False,233,13,110,1,3,Powell
-2.0,False,233,13,110,1,3,Powell
-2.2,False,233,13,110,1,3,Powell
-2.4,False,233,13,110,1,3,Powell
-2.6,False,233,13,110,1,3,Powell
-2.8,False,233,13,110,1,3,Powell
-3.0,False,233,13,110,1,3,Powell
-3.2,False,233,13,110,1,3,Powell
-3.4,False,233,13,110,1,3,Powell
-3.6,False,233,13,110,1,3,Powell
-3.8,False,233,13,110,1,3,Powell
-4.0,False,233,13,110,1,3,Powell
-4.2,False,233,13,110,1,3,Powell
-4.4,False,233,13,110,1,3,Powell
-4.6,False,233,13,110,1,3,Powell
-4.8,False,233,13,110,1,3,Powell
-5.0,False,233,13,110,1,3,Powell
-5.2,False,233,13,110,1,3,Powell
-5.4,False,233,13,110,1,3,Powell
-5.6,False,233,13,110,1,3,Powell
-5.8,False,233,13,110,1,3,Powell
-6.0,False,233,13,110,1,3,Powell
-6.2,False,233,13,110,1,3,Powell
-6.4,False,233,13,110,1,3,Powell
-6.6,False,233,13,110,1,3,Powell
-6.8,False,233,13,110,1,3,Powell
-7.0,False,233,13,110,1,3,Powell
-7.2,False,233,13,110,1,3,Powell
-7.4,False,233,13,110,1,3,Powell
-7.6,False,233,13,110,1,3,Powell
-7.8,False,233,13,110,1,3,Powell
-8.0,False,233,13,110,1,3,Powell
2.0,True,30,13,111,1,3,Powell
1.8,True,30,13,111,1,3,Powell
1.6,True,43,13,111,1,3,Powell
1.4,True,65,13,111,1,3,Powell
1.2,True,67,13,111,1,3,Powell
1.0,True,67,13,111,1,3,Powell
0.8,True,70,13,111,1,3,Powell
0.6,False,271,13,111,1,3,Powell
0.4,False,271,13,111,1,3,Powell
0.2,False,271,13,111,1,3,Powell
0.0,False,271,13,111,1,3,Powell
-0.2,False,271,13,111,1,3,Powell
-0.4,False,271,13,111,1,3,Powell
-0.6,False,271,13,111,1,3,Powell
-0.8,False,271,13,111,1,3,Powell
-1.0,False,271,13,111,1,3,Powell
-1.2,False,271,13,111,1,3,Powell
-1.4,False,271,13,111,1,3,Powell
-1.6,False,271,13,111,1,3,Powell
-1.8,False,271,13,111,1,3,Powell
-2.0,False,271,13,111,1,3,Powell
-2.2,False,271,13,111,1,3,Powell
-2.4,False,271,13,111,1,3,Powell
-2.6,False,271,13,111,1,3,Powell
-2.8,False,271,13,111,1,3,Powell
-3.0,False,271,13,111,1,3,Powell
-3.2,False,271,13,111,1,3,Powell
-3.4,False,271,13,111,1,3,Powell
-3.6,False,271,13,111,1,3,Powell
-3.8,False,271,13,111,1,3,Powell
-4.0,False,271,13,111,1,3,Powell
-4.2,False,271,13,111,1,3,Powell
-4.4,False,271,13,111,1,3,Powell
-4.6,False,271,13,111,1,3,Powell
-4.8,False,271,13,111,1,3,Powell
-5.0,False,271,13,111,1,3,Powell
-5.2,False,271,13,111,1,3,Powell
-5.4,False,271,13,111,1,3,Powell
-5.6,False,271,13,111,1,3,Powell
-5.8,False,271,13,111,1,3,Powell
-6.0,False,271,13,111,1,3,Powell
-6.2,False,271,13,111,1,3,Powell
-6.4,False,271,13,111,1,3,Powell
-6.6,False,271,13,111,1,3,Powell
-6.8,False,271,13,111,1,3,Powell
-7.0,False,271,13,111,1,3,Powell
-7.2,False,271,13,111,1,3,Powell
-7.4,False,271,13,111,1,3,Powell
-7.6,False,271,13,111,1,3,Powell
-7.8,False,271,13,111,1,3,Powell
-8.0,False,271,13,111,1,3,Powell
2.0,True,42,13,112,1,3,Powell
1.8,True,44,13,112,1,3,Powell
1.6,True,44,13,112,1,3,Powell
1.4,True,65,13,112,1,3,Powell
1.2,True,77,13,112,1,3,Powell
1.0,True,165,13,112,1,3,Powell
0.8,False,305,13,112,1,3,Powell
0.6,False,305,13,112,1,3,Powell
0.4,False,305,13,112,1,3,Powell
0.2,False,305,13,112,1,3,Powell
0.0,False,305,13,112,1,3,Powell
-0.2,False,305,13,112,1,3,Powell
-0.4,False,305,13,112,1,3,Powell
-0.6,False,305,13,112,1,3,Powell
-0.8,False,305,13,112,1,3,Powell
-1.0,False,305,13,112,1,3,Powell
-1.2,False,305,13,112,1,3,Powell
-1.4,False,305,13,112,1,3,Powell
-1.6,False,305,13,112,1,3,Powell
-1.8,False,305,13,112,1,3,Powell
-2.0,False,305,13,112,1,3,Powell
-2.2,False,305,13,112,1,3,Powell
-2.4,False,305,13,112,1,3,Powell
-2.6,False,305,13,112,1,3,Powell
-2.8,False,305,13,112,1,3,Powell
-3.0,False,305,13,112,1,3,Powell
-3.2,False,305,13,112,1,3,Powell
-3.4,False,305,13,112,1,3,Powell
-3.6,False,305,13,112,1,3,Powell
-3.8,False,305,13,112,1,3,Powell
-4.0,False,305,13,112,1,3,Powell
-4.2,False,305,13,112,1,3,Powell
-4.4,False,305,13,112,1,3,Powell
-4.6,False,305,13,112,1,3,Powell
-4.8,False,305,13,112,1,3,Powell
-5.0,False,305,13,112,1,3,Powell
-5.2,False,305,13,112,1,3,Powell
-5.4,False,305,13,112,1,3,Powell
-5.6,False,305,13,112,1,3,Powell
-5.8,False,305,13,112,1,3,Powell
-6.0,False,305,13,112,1,3,Powell
-6.2,False,305,13,112,1,3,Powell
-6.4,False,305,13,112,1,3,Powell
-6.6,False,305,13,112,1,3,Powell
-6.8,False,305,13,112,1,3,Powell
-7.0,False,305,13,112,1,3,Powell
-7.2,False,305,13,112,1,3,Powell
-7.4,False,305,13,112,1,3,Powell
-7.6,False,305,13,112,1,3,Powell
-7.8,False,305,13,112,1,3,Powell
-8.0,False,305,13,112,1,3,Powell
2.0,True,6,13,113,1,3,Powell
1.8,True,8,13,113,1,3,Powell
1.6,True,15,13,113,1,3,Powell
1.4,True,17,13,113,1,3,Powell
1.2,True,17,13,113,1,3,Powell
1.0,True,45,13,113,1,3,Powell
0.8,False,208,13,113,1,3,Powell
0.6,False,208,13,113,1,3,Powell
0.4,False,208,13,113,1,3,Powell
0.2,False,208,13,113,1,3,Powell
0.0,False,208,13,113,1,3,Powell
-0.2,False,208,13,113,1,3,Powell
-0.4,False,208,13,113,1,3,Powell
-0.6,False,208,13,113,1,3,Powell
-0.8,False,208,13,113,1,3,Powell
-1.0,False,208,13,113,1,3,Powell
-1.2,False,208,13,113,1,3,Powell
-1.4,False,208,13,113,1,3,Powell
-1.6,False,208,13,113,1,3,Powell
-1.8,False,208,13,113,1,3,Powell
-2.0,False,208,13,113,1,3,Powell
-2.2,False,208,13,113,1,3,Powell
-2.4,False,208,13,113,1,3,Powell
-2.6,False,208,13,113,1,3,Powell
-2.8,False,208,13,113,1,3,Powell
-3.0,False,208,13,113,1,3,Powell
-3.2,False,208,13,113,1,3,Powell
-3.4,False,208,13,113,1,3,Powell
-3.6,False,208,13,113,1,3,Powell
-3.8,False,208,13,113,1,3,Powell
-4.0,False,208,13,113,1,3,Powell
-4.2,False,208,13,113,1,3,Powell
-4.4,False,208,13,113,1,3,Powell
-4.6,False,208,13,113,1,3,Powell
-4.8,False,208,13,113,1,3,Powell
-5.0,False,208,13,113,1,3,Powell
-5.2,False,208,13,113,1,3,Powell
-5.4,False,208,13,113,1,3,Powell
-5.6,False,208,13,113,1,3,Powell
-5.8,False,208,13,113,1,3,Powell
-6.0,False,208,13,113,1,3,Powell
-6.2,False,208,13,113,1,3,Powell
-6.4,False,208,13,113,1,3,Powell
-6.6,False,208,13,113,1,3,Powell
-6.8,False,208,13,113,1,3,Powell
-7.0,False,208,13,113,1,3,Powell
-7.2,False,208,13,113,1,3,Powell
-7.4,False,208,13,113,1,3,Powell
-7.6,False,208,13,113,1,3,Powell
-7.8,False,208,13,113,1,3,Powell
-8.0,False,208,13,113,1,3,Powell
2.0,True,32,13,114,1,3,Powell
1.8,True,32,13,114,1,3,Powell
1.6,True,46,13,114,1,3,Powell
1.4,True,74,13,114,1,3,Powell
1.2,False,226,13,114,1,3,Powell
1.0,False,226,13,114,1,3,Powell
0.8,False,226,13,114,1,3,Powell
0.6,False,226,13,114,1,3,Powell
0.4,False,226,13,114,1,3,Powell
0.2,False,226,13,114,1,3,Powell
0.0,False,226,13,114,1,3,Powell
-0.2,False,226,13,114,1,3,Powell
-0.4,False,226,13,114,1,3,Powell
-0.6,False,226,13,114,1,3,Powell
-0.8,False,226,13,114,1,3,Powell
-1.0,False,226,13,114,1,3,Powell
-1.2,False,226,13,114,1,3,Powell
-1.4,False,226,13,114,1,3,Powell
-1.6,False,226,13,114,1,3,Powell
-1.8,False,226,13,114,1,3,Powell
-2.0,False,226,13,114,1,3,Powell
-2.2,False,226,13,114,1,3,Powell
-2.4,False,226,13,114,1,3,Powell
-2.6,False,226,13,114,1,3,Powell
-2.8,False,226,13,114,1,3,Powell
-3.0,False,226,13,114,1,3,Powell
-3.2,False,226,13,114,1,3,Powell
-3.4,False,226,13,114,1,3,Powell
-3.6,False,226,13,114,1,3,Powell
-3.8,False,226,13,114,1,3,Powell
-4.0,False,226,13,114,1,3,Powell
-4.2,False,226,13,114,1,3,Powell
-4.4,False,226,13,114,1,3,Powell
-4.6,False,226,13,114,1,3,Powell
-4.8,False,226,13,114,1,3,Powell
-5.0,False,226,13,114,1,3,Powell
-5.2,False,226,13,114,1,3,Powell
-5.4,False,226,13,114,1,3,Powell
-5.6,False,226,13,114,1,3,Powell
-5.8,False,226,13,114,1,3,Powell
-6.0,False,226,13,114,1,3,Powell
-6.2,False,226,13,114,1,3,Powell
-6.4,False,226,13,114,1,3,Powell
-6.6,False,226,13,114,1,3,Powell
-6.8,False,226,13,114,1,3,Powell
-7.0,False,226,13,114,1,3,Powell
-7.2,False,226,13,114,1,3,Powell
-7.4,False,226,13,114,1,3,Powell
-7.6,False,226,13,114,1,3,Powell
-7.8,False,226,13,114,1,3,Powell
-8.0,False,226,13,114,1,3,Powell
2.0,True,47,13,115,1,3,Powell
1.8,False,235,13,115,1,3,Powell
1.6,False,235,13,115,1,3,Powell
1.4,False,235,13,115,1,3,Powell
1.2,False,235,13,115,1,3,Powell
1.0,False,235,13,115,1,3,Powell
0.8,False,235,13,115,1,3,Powell
0.6,False,235,13,115,1,3,Powell
0.4,False,235,13,115,1,3,Powell
0.2,False,235,13,115,1,3,Powell
0.0,False,235,13,115,1,3,Powell
-0.2,False,235,13,115,1,3,Powell
-0.4,False,235,13,115,1,3,Powell
-0.6,False,235,13,115,1,3,Powell
-0.8,False,235,13,115,1,3,Powell
-1.0,False,235,13,115,1,3,Powell
-1.2,False,235,13,115,1,3,Powell
-1.4,False,235,13,115,1,3,Powell
-1.6,False,235,13,115,1,3,Powell
-1.8,False,235,13,115,1,3,Powell
-2.0,False,235,13,115,1,3,Powell
-2.2,False,235,13,115,1,3,Powell
-2.4,False,235,13,115,1,3,Powell
-2.6,False,235,13,115,1,3,Powell
-2.8,False,235,13,115,1,3,Powell
-3.0,False,235,13,115,1,3,Powell
-3.2,False,235,13,115,1,3,Powell
-3.4,False,235,13,115,1,3,Powell
-3.6,False,235,13,115,1,3,Powell
-3.8,False,235,13,115,1,3,Powell
-4.0,False,235,13,115,1,3,Powell
-4.2,False,235,13,115,1,3,Powell
-4.4,False,235,13,115,1,3,Powell
-4.6,False,235,13,115,1,3,Powell
-4.8,False,235,13,115,1,3,Powell
-5.0,False,235,13,115,1,3,Powell
-5.2,False,235,13,115,1,3,Powell
-5.4,False,235,13,115,1,3,Powell
-5.6,False,235,13,115,1,3,Powell
-5.8,False,235,13,115,1,3,Powell
-6.0,False,235,13,115,1,3,Powell
-6.2,False,235,13,115,1,3,Powell
-6.4,False,235,13,115,1,3,Powell
-6.6,False,235,13,115,1,3,Powell
-6.8,False,235,13,115,1,3,Powell
-7.0,False,235,13,115,1,3,Powell
-7.2,False,235,13,115,1,3,Powell
-7.4,False,235,13,115,1,3,Powell
-7.6,False,235,13,115,1,3,Powell
-7.8,False,235,13,115,1,3,Powell
-8.0,False,235,13,115,1,3,Powell
2.0,True,11,13,116,1,3,Powell
1.8,True,11,13,116,1,3,Powell
1.6,True,11,13,116,1,3,Powell
1.4,True,20,13,116,1,3,Powell
1.2,True,20,13,116,1,3,Powell
1.0,True,30,13,116,1,3,Powell
0.8,True,30,13,116,1,3,Powell
0.6,True,32,13,116,1,3,Powell
0.4,True,34,13,116,1,3,Powell
0.2,True,59,13,116,1,3,Powell
0.0,True,63,13,116,1,3,Powell
-0.2,True,112,13,116,1,3,Powell
-0.4,False,203,13,116,1,3,Powell
-0.6,False,203,13,116,1,3,Powell
-0.8,False,203,13,116,1,3,Powell
-1.0,False,203,13,116,1,3,Powell
-1.2,False,203,13,116,1,3,Powell
-1.4,False,203,13,116,1,3,Powell
-1.6,False,203,13,116,1,3,Powell
-1.8,False,203,13,116,1,3,Powell
-2.0,False,203,13,116,1,3,Powell
-2.2,False,203,13,116,1,3,Powell
-2.4,False,203,13,116,1,3,Powell
-2.6,False,203,13,116,1,3,Powell
-2.8,False,203,13,116,1,3,Powell
-3.0,False,203,13,116,1,3,Powell
-3.2,False,203,13,116,1,3,Powell
-3.4,False,203,13,116,1,3,Powell
-3.6,False,203,13,116,1,3,Powell
-3.8,False,203,13,116,1,3,Powell
-4.0,False,203,13,116,1,3,Powell
-4.2,False,203,13,116,1,3,Powell
-4.4,False,203,13,116,1,3,Powell
-4.6,False,203,13,116,1,3,Powell
-4.8,False,203,13,116,1,3,Powell
-5.0,False,203,13,116,1,3,Powell
-5.2,False,203,13,116,1,3,Powell
-5.4,False,203,13,116,1,3,Powell
-5.6,False,203,13,116,1,3,Powell
-5.8,False,203,13,116,1,3,Powell
-6.0,False,203,13,116,1,3,Powell
-6.2,False,203,13,116,1,3,Powell
-6.4,False,203,13,116,1,3,Powell
-6.6,False,203,13,116,1,3,Powell
-6.8,False,203,13,116,1,3,Powell
-7.0,False,203,13,116,1,3,Powell
-7.2,False,203,13,116,1,3,Powell
-7.4,False,203,13,116,1,3,Powell
-7.6,False,203,13,116,1,3,Powell
-7.8,False,203,13,116,1,3,Powell
-8.0,False,203,13,116,1,3,Powell
2.0,True,15,13,117,1,3,Powell
1.8,True,45,13,117,1,3,Powell
1.6,True,96,13,117,1,3,Powell
1.4,False,478,13,117,1,3,Powell
1.2,False,478,13,117,1,3,Powell
1.0,False,478,13,117,1,3,Powell
0.8,False,478,13,117,1,3,Powell
0.6,False,478,13,117,1,3,Powell
0.4,False,478,13,117,1,3,Powell
0.2,False,478,13,117,1,3,Powell
0.0,False,478,13,117,1,3,Powell
-0.2,False,478,13,117,1,3,Powell
-0.4,False,478,13,117,1,3,Powell
-0.6,False,478,13,117,1,3,Powell
-0.8,False,478,13,117,1,3,Powell
-1.0,False,478,13,117,1,3,Powell
-1.2,False,478,13,117,1,3,Powell
-1.4,False,478,13,117,1,3,Powell
-1.6,False,478,13,117,1,3,Powell
-1.8,False,478,13,117,1,3,Powell
-2.0,False,478,13,117,1,3,Powell
-2.2,False,478,13,117,1,3,Powell
-2.4,False,478,13,117,1,3,Powell
-2.6,False,478,13,117,1,3,Powell
-2.8,False,478,13,117,1,3,Powell
-3.0,False,478,13,117,1,3,Powell
-3.2,False,478,13,117,1,3,Powell
-3.4,False,478,13,117,1,3,Powell
-3.6,False,478,13,117,1,3,Powell
-3.8,False,478,13,117,1,3,Powell
-4.0,False,478,13,117,1,3,Powell
-4.2,False,478,13,117,1,3,Powell
-4.4,False,478,13,117,1,3,Powell
-4.6,False,478,13,117,1,3,Powell
-4.8,False,478,13,117,1,3,Powell
-5.0,False,478,13,117,1,3,Powell
-5.2,False,478,13,117,1,3,Powell
-5.4,False,478,13,117,1,3,Powell
-5.6,False,478,13,117,1,3,Powell
-5.8,False,478,13,117,1,3,Powell
-6.0,False,478,13,117,1,3,Powell
-6.2,False,478,13,117,1,3,Powell
-6.4,False,478,13,117,1,3,Powell
-6.6,False,478,13,117,1,3,Powell
-6.8,False,478,13,117,1,3,Powell
-7.0,False,478,13,117,1,3,Powell
-7.2,False,478,13,117,1,3,Powell
-7.4,False,478,13,117,1,3,Powell
-7.6,False,478,13,117,1,3,Powell
-7.8,False,478,13,117,1,3,Powell
-8.0,False,478,13,117,1,3,Powell
2.0,True,61,13,118,1,3,Powell
1.8,True,61,13,118,1,3,Powell
1.6,True,61,13,118,1,3,Powell
1.4,False,222,13,118,1,3,Powell
1.2,False,222,13,118,1,3,Powell
1.0,False,222,13,118,1,3,Powell
0.8,False,222,13,118,1,3,Powell
0.6,False,222,13,118,1,3,Powell
0.4,False,222,13,118,1,3,Powell
0.2,False,222,13,118,1,3,Powell
0.0,False,222,13,118,1,3,Powell
-0.2,False,222,13,118,1,3,Powell
-0.4,False,222,13,118,1,3,Powell
-0.6,False,222,13,118,1,3,Powell
-0.8,False,222,13,118,1,3,Powell
-1.0,False,222,13,118,1,3,Powell
-1.2,False,222,13,118,1,3,Powell
-1.4,False,222,13,118,1,3,Powell
-1.6,False,222,13,118,1,3,Powell
-1.8,False,222,13,118,1,3,Powell
-2.0,False,222,13,118,1,3,Powell
-2.2,False,222,13,118,1,3,Powell
-2.4,False,222,13,118,1,3,Powell
-2.6,False,222,13,118,1,3,Powell
-2.8,False,222,13,118,1,3,Powell
-3.0,False,222,13,118,1,3,Powell
-3.2,False,222,13,118,1,3,Powell
-3.4,False,222,13,118,1,3,Powell
-3.6,False,222,13,118,1,3,Powell
-3.8,False,222,13,118,1,3,Powell
-4.0,False,222,13,118,1,3,Powell
-4.2,False,222,13,118,1,3,Powell
-4.4,False,222,13,118,1,3,Powell
-4.6,False,222,13,118,1,3,Powell
-4.8,False,222,13,118,1,3,Powell
-5.0,False,222,13,118,1,3,Powell
-5.2,False,222,13,118,1,3,Powell
-5.4,False,222,13,118,1,3,Powell
-5.6,False,222,13,118,1,3,Powell
-5.8,False,222,13,118,1,3,Powell
-6.0,False,222,13,118,1,3,Powell
-6.2,False,222,13,118,1,3,Powell
-6.4,False,222,13,118,1,3,Powell
-6.6,False,222,13,118,1,3,Powell
-6.8,False,222,13,118,1,3,Powell
-7.0,False,222,13,118,1,3,Powell
-7.2,False,222,13,118,1,3,Powell
-7.4,False,222,13,118,1,3,Powell
-7.6,False,222,13,118,1,3,Powell
-7.8,False,222,13,118,1,3,Powell
-8.0,False,222,13,118,1,3,Powell
2.0,True,22,13,119,1,3,Powell
1.8,True,22,13,119,1,3,Powell
1.6,True,35,13,119,1,3,Powell
1.4,True,35,13,119,1,3,Powell
1.2,True,35,13,119,1,3,Powell
1.0,True,35,13,119,1,3,Powell
0.8,True,38,13,119,1,3,Powell
0.6,True,60,13,119,1,3,Powell
0.4,True,60,13,119,1,3,Powell
0.2,True,60,13,119,1,3,Powell
0.0,True,60,13,119,1,3,Powell
-0.2,True,60,13,119,1,3,Powell
-0.4,True,77,13,119,1,3,Powell
-0.6,True,78,13,119,1,3,Powell
-0.8,True,78,13,119,1,3,Powell
-1.0,True,78,13,119,1,3,Powell
-1.2,True,80,13,119,1,3,Powell
-1.4,True,110,13,119,1,3,Powell
-1.6,True,112,13,119,1,3,Powell
-1.8,True,114,13,119,1,3,Powell
-2.0,False,187,13,119,1,3,Powell
-2.2,False,187,13,119,1,3,Powell
-2.4,False,187,13,119,1,3,Powell
-2.6,False,187,13,119,1,3,Powell
-2.8,False,187,13,119,1,3,Powell
-3.0,False,187,13,119,1,3,Powell
-3.2,False,187,13,119,1,3,Powell
-3.4,False,187,13,119,1,3,Powell
-3.6,False,187,13,119,1,3,Powell
-3.8,False,187,13,119,1,3,Powell
-4.0,False,187,13,119,1,3,Powell
-4.2,False,187,13,119,1,3,Powell
-4.4,False,187,13,119,1,3,Powell
-4.6,False,187,13,119,1,3,Powell
-4.8,False,187,13,119,1,3,Powell
-5.0,False,187,13,119,1,3,Powell
-5.2,False,187,13,119,1,3,Powell
-5.4,False,187,13,119,1,3,Powell
-5.6,False,187,13,119,1,3,Powell
-5.8,False,187,13,119,1,3,Powell
-6.0,False,187,13,119,1,3,Powell
-6.2,False,187,13,119,1,3,Powell
-6.4,False,187,13,119,1,3,Powell
-6.6,False,187,13,119,1,3,Powell
-6.8,False,187,13,119,1,3,Powell
-7.0,False,187,13,119,1,3,Powell
-7.2,False,187,13,119,1,3,Powell
-7.4,False,187,13,119,1,3,Powell
-7.6,False,187,13,119,1,3,Powell
-7.8,False,187,13,119,1,3,Powell
-8.0,False,187,13,119,1,3,Powell
2.0,True,48,13,120,1,3,Powell
1.8,True,71,13,120,1,3,Powell
1.6,False,273,13,120,1,3,Powell
1.4,False,273,13,120,1,3,Powell
1.2,False,273,13,120,1,3,Powell
1.0,False,273,13,120,1,3,Powell
0.8,False,273,13,120,1,3,Powell
0.6,False,273,13,120,1,3,Powell
0.4,False,273,13,120,1,3,Powell
0.2,False,273,13,120,1,3,Powell
0.0,False,273,13,120,1,3,Powell
-0.2,False,273,13,120,1,3,Powell
-0.4,False,273,13,120,1,3,Powell
-0.6,False,273,13,120,1,3,Powell
-0.8,False,273,13,120,1,3,Powell
-1.0,False,273,13,120,1,3,Powell
-1.2,False,273,13,120,1,3,Powell
-1.4,False,273,13,120,1,3,Powell
-1.6,False,273,13,120,1,3,Powell
-1.8,False,273,13,120,1,3,Powell
-2.0,False,273,13,120,1,3,Powell
-2.2,False,273,13,120,1,3,Powell
-2.4,False,273,13,120,1,3,Powell
-2.6,False,273,13,120,1,3,Powell
-2.8,False,273,13,120,1,3,Powell
-3.0,False,273,13,120,1,3,Powell
-3.2,False,273,13,120,1,3,Powell
-3.4,False,273,13,120,1,3,Powell
-3.6,False,273,13,120,1,3,Powell
-3.8,False,273,13,120,1,3,Powell
-4.0,False,273,13,120,1,3,Powell
-4.2,False,273,13,120,1,3,Powell
-4.4,False,273,13,120,1,3,Powell
-4.6,False,273,13,120,1,3,Powell
-4.8,False,273,13,120,1,3,Powell
-5.0,False,273,13,120,1,3,Powell
-5.2,False,273,13,120,1,3,Powell
-5.4,False,273,13,120,1,3,Powell
-5.6,False,273,13,120,1,3,Powell
-5.8,False,273,13,120,1,3,Powell
-6.0,False,273,13,120,1,3,Powell
-6.2,False,273,13,120,1,3,Powell
-6.4,False,273,13,120,1,3,Powell
-6.6,False,273,13,120,1,3,Powell
-6.8,False,273,13,120,1,3,Powell
-7.0,False,273,13,120,1,3,Powell
-7.2,False,273,13,120,1,3,Powell
-7.4,False,273,13,120,1,3,Powell
-7.6,False,273,13,120,1,3,Powell
-7.8,False,273,13,120,1,3,Powell
-8.0,False,273,13,120,1,3,Powell
2.0,True,20,13,121,1,3,Powell
1.8,True,32,13,121,1,3,Powell
1.6,True,51,13,121,1,3,Powell
1.4,True,53,13,121,1,3,Powell
1.2,True,64,13,121,1,3,Powell
1.0,True,90,13,121,1,3,Powell
0.8,True,90,13,121,1,3,Powell
0.6,True,102,13,121,1,3,Powell
0.4,True,128,13,121,1,3,Powell
0.2,True,140,13,121,1,3,Powell
0.0,True,140,13,121,1,3,Powell
-0.2,True,140,13,121,1,3,Powell
-0.4,True,142,13,121,1,3,Powell
-0.6,False,203,13,121,1,3,Powell
-0.8,False,203,13,121,1,3,Powell
-1.0,False,203,13,121,1,3,Powell
-1.2,False,203,13,121,1,3,Powell
-1.4,False,203,13,121,1,3,Powell
-1.6,False,203,13,121,1,3,Powell
-1.8,False,203,13,121,1,3,Powell
-2.0,False,203,13,121,1,3,Powell
-2.2,False,203,13,121,1,3,Powell
-2.4,False,203,13,121,1,3,Powell
-2.6,False,203,13,121,1,3,Powell
-2.8,False,203,13,121,1,3,Powell
-3.0,False,203,13,121,1,3,Powell
-3.2,False,203,13,121,1,3,Powell
-3.4,False,203,13,121,1,3,Powell
-3.6,False,203,13,121,1,3,Powell
-3.8,False,203,13,121,1,3,Powell
-4.0,False,203,13,121,1,3,Powell
-4.2,False,203,13,121,1,3,Powell
-4.4,False,203,13,121,1,3,Powell
-4.6,False,203,13,121,1,3,Powell
-4.8,False,203,13,121,1,3,Powell
-5.0,False,203,13,121,1,3,Powell
-5.2,False,203,13,121,1,3,Powell
-5.4,False,203,13,121,1,3,Powell
-5.6,False,203,13,121,1,3,Powell
-5.8,False,203,13,121,1,3,Powell
-6.0,False,203,13,121,1,3,Powell
-6.2,False,203,13,121,1,3,Powell
-6.4,False,203,13,121,1,3,Powell
-6.6,False,203,13,121,1,3,Powell
-6.8,False,203,13,121,1,3,Powell
-7.0,False,203,13,121,1,3,Powell
-7.2,False,203,13,121,1,3,Powell
-7.4,False,203,13,121,1,3,Powell
-7.6,False,203,13,121,1,3,Powell
-7.8,False,203,13,121,1,3,Powell
-8.0,False,203,13,121,1,3,Powell
2.0,True,40,13,122,1,3,Powell
1.8,True,62,13,122,1,3,Powell
1.6,True,62,13,122,1,3,Powell
1.4,False,261,13,122,1,3,Powell
1.2,False,261,13,122,1,3,Powell
1.0,False,261,13,122,1,3,Powell
0.8,False,261,13,122,1,3,Powell
0.6,False,261,13,122,1,3,Powell
0.4,False,261,13,122,1,3,Powell
0.2,False,261,13,122,1,3,Powell
0.0,False,261,13,122,1,3,Powell
-0.2,False,261,13,122,1,3,Powell
-0.4,False,261,13,122,1,3,Powell
-0.6,False,261,13,122,1,3,Powell
-0.8,False,261,13,122,1,3,Powell
-1.0,False,261,13,122,1,3,Powell
-1.2,False,261,13,122,1,3,Powell
-1.4,False,261,13,122,1,3,Powell
-1.6,False,261,13,122,1,3,Powell
-1.8,False,261,13,122,1,3,Powell
-2.0,False,261,13,122,1,3,Powell
-2.2,False,261,13,122,1,3,Powell
-2.4,False,261,13,122,1,3,Powell
-2.6,False,261,13,122,1,3,Powell
-2.8,False,261,13,122,1,3,Powell
-3.0,False,261,13,122,1,3,Powell
-3.2,False,261,13,122,1,3,Powell
-3.4,False,261,13,122,1,3,Powell
-3.6,False,261,13,122,1,3,Powell
-3.8,False,261,13,122,1,3,Powell
-4.0,False,261,13,122,1,3,Powell
-4.2,False,261,13,122,1,3,Powell
-4.4,False,261,13,122,1,3,Powell
-4.6,False,261,13,122,1,3,Powell
-4.8,False,261,13,122,1,3,Powell
-5.0,False,261,13,122,1,3,Powell
-5.2,False,261,13,122,1,3,Powell
-5.4,False,261,13,122,1,3,Powell
-5.6,False,261,13,122,1,3,Powell
-5.8,False,261,13,122,1,3,Powell
-6.0,False,261,13,122,1,3,Powell
-6.2,False,261,13,122,1,3,Powell
-6.4,False,261,13,122,1,3,Powell
-6.6,False,261,13,122,1,3,Powell
-6.8,False,261,13,122,1,3,Powell
-7.0,False,261,13,122,1,3,Powell
-7.2,False,261,13,122,1,3,Powell
-7.4,False,261,13,122,1,3,Powell
-7.6,False,261,13,122,1,3,Powell
-7.8,False,261,13,122,1,3,Powell
-8.0,False,261,13,122,1,3,Powell
2.0,True,57,13,123,1,3,Powell
1.8,True,57,13,123,1,3,Powell
1.6,True,62,13,123,1,3,Powell
1.4,True,62,13,123,1,3,Powell
1.2,True,64,13,123,1,3,Powell
1.0,False,245,13,123,1,3,Powell
0.8,False,245,13,123,1,3,Powell
0.6,False,245,13,123,1,3,Powell
0.4,False,245,13,123,1,3,Powell
0.2,False,245,13,123,1,3,Powell
0.0,False,245,13,123,1,3,Powell
-0.2,False,245,13,123,1,3,Powell
-0.4,False,245,13,123,1,3,Powell
-0.6,False,245,13,123,1,3,Powell
-0.8,False,245,13,123,1,3,Powell
-1.0,False,245,13,123,1,3,Powell
-1.2,False,245,13,123,1,3,Powell
-1.4,False,245,13,123,1,3,Powell
-1.6,False,245,13,123,1,3,Powell
-1.8,False,245,13,123,1,3,Powell
-2.0,False,245,13,123,1,3,Powell
-2.2,False,245,13,123,1,3,Powell
-2.4,False,245,13,123,1,3,Powell
-2.6,False,245,13,123,1,3,Powell
-2.8,False,245,13,123,1,3,Powell
-3.0,False,245,13,123,1,3,Powell
-3.2,False,245,13,123,1,3,Powell
-3.4,False,245,13,123,1,3,Powell
-3.6,False,245,13,123,1,3,Powell
-3.8,False,245,13,123,1,3,Powell
-4.0,False,245,13,123,1,3,Powell
-4.2,False,245,13,123,1,3,Powell
-4.4,False,245,13,123,1,3,Powell
-4.6,False,245,13,123,1,3,Powell
-4.8,False,245,13,123,1,3,Powell
-5.0,False,245,13,123,1,3,Powell
-5.2,False,245,13,123,1,3,Powell
-5.4,False,245,13,123,1,3,Powell
-5.6,False,245,13,123,1,3,Powell
-5.8,False,245,13,123,1,3,Powell
-6.0,False,245,13,123,1,3,Powell
-6.2,False,245,13,123,1,3,Powell
-6.4,False,245,13,123,1,3,Powell
-6.6,False,245,13,123,1,3,Powell
-6.8,False,245,13,123,1,3,Powell
-7.0,False,245,13,123,1,3,Powell
-7.2,False,245,13,123,1,3,Powell
-7.4,False,245,13,123,1,3,Powell
-7.6,False,245,13,123,1,3,Powell
-7.8,False,245,13,123,1,3,Powell
-8.0,False,245,13,123,1,3,Powell
2.0,True,21,13,124,1,3,Powell
1.8,True,33,13,124,1,3,Powell
1.6,True,52,13,124,1,3,Powell
1.4,True,52,13,124,1,3,Powell
1.2,True,52,13,124,1,3,Powell
1.0,True,52,13,124,1,3,Powell
0.8,True,80,13,124,1,3,Powell
0.6,True,92,13,124,1,3,Powell
0.4,True,92,13,124,1,3,Powell
0.2,True,106,13,124,1,3,Powell
0.0,True,182,13,124,1,3,Powell
-0.2,False,246,13,124,1,3,Powell
-0.4,False,246,13,124,1,3,Powell
-0.6,False,246,13,124,1,3,Powell
-0.8,False,246,13,124,1,3,Powell
-1.0,False,246,13,124,1,3,Powell
-1.2,False,246,13,124,1,3,Powell
-1.4,False,246,13,124,1,3,Powell
-1.6,False,246,13,124,1,3,Powell
-1.8,False,246,13,124,1,3,Powell
-2.0,False,246,13,124,1,3,Powell
-2.2,False,246,13,124,1,3,Powell
-2.4,False,246,13,124,1,3,Powell
-2.6,False,246,13,124,1,3,Powell
-2.8,False,246,13,124,1,3,Powell
-3.0,False,246,13,124,1,3,Powell
-3.2,False,246,13,124,1,3,Powell
-3.4,False,246,13,124,1,3,Powell
-3.6,False,246,13,124,1,3,Powell
-3.8,False,246,13,124,1,3,Powell
-4.0,False,246,13,124,1,3,Powell
-4.2,False,246,13,124,1,3,Powell
-4.4,False,246,13,124,1,3,Powell
-4.6,False,246,13,124,1,3,Powell
-4.8,False,246,13,124,1,3,Powell
-5.0,False,246,13,124,1,3,Powell
-5.2,False,246,13,124,1,3,Powell
-5.4,False,246,13,124,1,3,Powell
-5.6,False,246,13,124,1,3,Powell
-5.8,False,246,13,124,1,3,Powell
-6.0,False,246,13,124,1,3,Powell
-6.2,False,246,13,124,1,3,Powell
-6.4,False,246,13,124,1,3,Powell
-6.6,False,246,13,124,1,3,Powell
-6.8,False,246,13,124,1,3,Powell
-7.0,False,246,13,124,1,3,Powell
-7.2,False,246,13,124,1,3,Powell
-7.4,False,246,13,124,1,3,Powell
-7.6,False,246,13,124,1,3,Powell
-7.8,False,246,13,124,1,3,Powell
-8.0,False,246,13,124,1,3,Powell
2.0,True,34,13,125,1,3,Powell
1.8,True,34,13,125,1,3,Powell
1.6,True,46,13,125,1,3,Powell
1.4,True,68,13,125,1,3,Powell
1.2,True,70,13,125,1,3,Powell
1.0,True,84,13,125,1,3,Powell
0.8,False,308,13,125,1,3,Powell
0.6,False,308,13,125,1,3,Powell
0.4,False,308,13,125,1,3,Powell
0.2,False,308,13,125,1,3,Powell
0.0,False,308,13,125,1,3,Powell
-0.2,False,308,13,125,1,3,Powell
-0.4,False,308,13,125,1,3,Powell
-0.6,False,308,13,125,1,3,Powell
-0.8,False,308,13,125,1,3,Powell
-1.0,False,308,13,125,1,3,Powell
-1.2,False,308,13,125,1,3,Powell
-1.4,False,308,13,125,1,3,Powell
-1.6,False,308,13,125,1,3,Powell
-1.8,False,308,13,125,1,3,Powell
-2.0,False,308,13,125,1,3,Powell
-2.2,False,308,13,125,1,3,Powell
-2.4,False,308,13,125,1,3,Powell
-2.6,False,308,13,125,1,3,Powell
-2.8,False,308,13,125,1,3,Powell
-3.0,False,308,13,125,1,3,Powell
-3.2,False,308,13,125,1,3,Powell
-3.4,False,308,13,125,1,3,Powell
-3.6,False,308,13,125,1,3,Powell
-3.8,False,308,13,125,1,3,Powell
-4.0,False,308,13,125,1,3,Powell
-4.2,False,308,13,125,1,3,Powell
-4.4,False,308,13,125,1,3,Powell
-4.6,False,308,13,125,1,3,Powell
-4.8,False,308,13,125,1,3,Powell
-5.0,False,308,13,125,1,3,Powell
-5.2,False,308,13,125,1,3,Powell
-5.4,False,308,13,125,1,3,Powell
-5.6,False,308,13,125,1,3,Powell
-5.8,False,308,13,125,1,3,Powell
-6.0,False,308,13,125,1,3,Powell
-6.2,False,308,13,125,1,3,Powell
-6.4,False,308,13,125,1,3,Powell
-6.6,False,308,13,125,1,3,Powell
-6.8,False,308,13,125,1,3,Powell
-7.0,False,308,13,125,1,3,Powell
-7.2,False,308,13,125,1,3,Powell
-7.4,False,308,13,125,1,3,Powell
-7.6,False,308,13,125,1,3,Powell
-7.8,False,308,13,125,1,3,Powell
-8.0,False,308,13,125,1,3,Powell
2.0,False,283,13,126,1,3,Powell
1.8,False,283,13,126,1,3,Powell
1.6,False,283,13,126,1,3,Powell
1.4,False,283,13,126,1,3,Powell
1.2,False,283,13,126,1,3,Powell
1.0,False,283,13,126,1,3,Powell
0.8,False,283,13,126,1,3,Powell
0.6,False,283,13,126,1,3,Powell
0.4,False,283,13,126,1,3,Powell
0.2,False,283,13,126,1,3,Powell
0.0,False,283,13,126,1,3,Powell
-0.2,False,283,13,126,1,3,Powell
-0.4,False,283,13,126,1,3,Powell
-0.6,False,283,13,126,1,3,Powell
-0.8,False,283,13,126,1,3,Powell
-1.0,False,283,13,126,1,3,Powell
-1.2,False,283,13,126,1,3,Powell
-1.4,False,283,13,126,1,3,Powell
-1.6,False,283,13,126,1,3,Powell
-1.8,False,283,13,126,1,3,Powell
-2.0,False,283,13,126,1,3,Powell
-2.2,False,283,13,126,1,3,Powell
-2.4,False,283,13,126,1,3,Powell
-2.6,False,283,13,126,1,3,Powell
-2.8,False,283,13,126,1,3,Powell
-3.0,False,283,13,126,1,3,Powell
-3.2,False,283,13,126,1,3,Powell
-3.4,False,283,13,126,1,3,Powell
-3.6,False,283,13,126,1,3,Powell
-3.8,False,283,13,126,1,3,Powell
-4.0,False,283,13,126,1,3,Powell
-4.2,False,283,13,126,1,3,Powell
-4.4,False,283,13,126,1,3,Powell
-4.6,False,283,13,126,1,3,Powell
-4.8,False,283,13,126,1,3,Powell
-5.0,False,283,13,126,1,3,Powell
-5.2,False,283,13,126,1,3,Powell
-5.4,False,283,13,126,1,3,Powell
-5.6,False,283,13,126,1,3,Powell
-5.8,False,283,13,126,1,3,Powell
-6.0,False,283,13,126,1,3,Powell
-6.2,False,283,13,126,1,3,Powell
-6.4,False,283,13,126,1,3,Powell
-6.6,False,283,13,126,1,3,Powell
-6.8,False,283,13,126,1,3,Powell
-7.0,False,283,13,126,1,3,Powell
-7.2,False,283,13,126,1,3,Powell
-7.4,False,283,13,126,1,3,Powell
-7.6,False,283,13,126,1,3,Powell
-7.8,False,283,13,126,1,3,Powell
-8.0,False,283,13,126,1,3,Powell
2.0,True,19,13,127,1,3,Powell
1.8,True,19,13,127,1,3,Powell
1.6,True,19,13,127,1,3,Powell
1.4,True,21,13,127,1,3,Powell
1.2,True,31,13,127,1,3,Powell
1.0,True,34,13,127,1,3,Powell
0.8,False,143,13,127,1,3,Powell
0.6,False,143,13,127,1,3,Powell
0.4,False,143,13,127,1,3,Powell
0.2,False,143,13,127,1,3,Powell
0.0,False,143,13,127,1,3,Powell
-0.2,False,143,13,127,1,3,Powell
-0.4,False,143,13,127,1,3,Powell
-0.6,False,143,13,127,1,3,Powell
-0.8,False,143,13,127,1,3,Powell
-1.0,False,143,13,127,1,3,Powell
-1.2,False,143,13,127,1,3,Powell
-1.4,False,143,13,127,1,3,Powell
-1.6,False,143,13,127,1,3,Powell
-1.8,False,143,13,127,1,3,Powell
-2.0,False,143,13,127,1,3,Powell
-2.2,False,143,13,127,1,3,Powell
-2.4,False,143,13,127,1,3,Powell
-2.6,False,143,13,127,1,3,Powell
-2.8,False,143,13,127,1,3,Powell
-3.0,False,143,13,127,1,3,Powell
-3.2,False,143,13,127,1,3,Powell
-3.4,False,143,13,127,1,3,Powell
-3.6,False,143,13,127,1,3,Powell
-3.8,False,143,13,127,1,3,Powell
-4.0,False,143,13,127,1,3,Powell
-4.2,False,143,13,127,1,3,Powell
-4.4,False,143,13,127,1,3,Powell
-4.6,False,143,13,127,1,3,Powell
-4.8,False,143,13,127,1,3,Powell
-5.0,False,143,13,127,1,3,Powell
-5.2,False,143,13,127,1,3,Powell
-5.4,False,143,13,127,1,3,Powell
-5.6,False,143,13,127,1,3,Powell
-5.8,False,143,13,127,1,3,Powell
-6.0,False,143,13,127,1,3,Powell
-6.2,False,143,13,127,1,3,Powell
-6.4,False,143,13,127,1,3,Powell
-6.6,False,143,13,127,1,3,Powell
-6.8,False,143,13,127,1,3,Powell
-7.0,False,143,13,127,1,3,Powell
-7.2,False,143,13,127,1,3,Powell
-7.4,False,143,13,127,1,3,Powell
-7.6,False,143,13,127,1,3,Powell
-7.8,False,143,13,127,1,3,Powell
-8.0,False,143,13,127,1,3,Powell
2.0,True,34,13,128,1,3,Powell
1.8,True,36,13,128,1,3,Powell
1.6,True,36,13,128,1,3,Powell
1.4,False,176,13,128,1,3,Powell
1.2,False,176,13,128,1,3,Powell
1.0,False,176,13,128,1,3,Powell
0.8,False,176,13,128,1,3,Powell
0.6,False,176,13,128,1,3,Powell
0.4,False,176,13,128,1,3,Powell
0.2,False,176,13,128,1,3,Powell
0.0,False,176,13,128,1,3,Powell
-0.2,False,176,13,128,1,3,Powell
-0.4,False,176,13,128,1,3,Powell
-0.6,False,176,13,128,1,3,Powell
-0.8,False,176,13,128,1,3,Powell
-1.0,False,176,13,128,1,3,Powell
-1.2,False,176,13,128,1,3,Powell
-1.4,False,176,13,128,1,3,Powell
-1.6,False,176,13,128,1,3,Powell
-1.8,False,176,13,128,1,3,Powell
-2.0,False,176,13,128,1,3,Powell
-2.2,False,176,13,128,1,3,Powell
-2.4,False,176,13,128,1,3,Powell
-2.6,False,176,13,128,1,3,Powell
-2.8,False,176,13,128,1,3,Powell
-3.0,False,176,13,128,1,3,Powell
-3.2,False,176,13,128,1,3,Powell
-3.4,False,176,13,128,1,3,Powell
-3.6,False,176,13,128,1,3,Powell
-3.8,False,176,13,128,1,3,Powell
-4.0,False,176,13,128,1,3,Powell
-4.2,False,176,13,128,1,3,Powell
-4.4,False,176,13,128,1,3,Powell
-4.6,False,176,13,128,1,3,Powell
-4.8,False,176,13,128,1,3,Powell
-5.0,False,176,13,128,1,3,Powell
-5.2,False,176,13,128,1,3,Powell
-5.4,False,176,13,128,1,3,Powell
-5.6,False,176,13,128,1,3,Powell
-5.8,False,176,13,128,1,3,Powell
-6.0,False,176,13,128,1,3,Powell
-6.2,False,176,13,128,1,3,Powell
-6.4,False,176,13,128,1,3,Powell
-6.6,False,176,13,128,1,3,Powell
-6.8,False,176,13,128,1,3,Powell
-7.0,False,176,13,128,1,3,Powell
-7.2,False,176,13,128,1,3,Powell
-7.4,False,176,13,128,1,3,Powell
-7.6,False,176,13,128,1,3,Powell
-7.8,False,176,13,128,1,3,Powell
-8.0,False,176,13,128,1,3,Powell
2.0,True,14,13,129,1,3,Powell
1.8,True,16,13,129,1,3,Powell
1.6,True,48,13,129,1,3,Powell
1.4,True,48,13,129,1,3,Powell
1.2,True,48,13,129,1,3,Powell
1.0,False,195,13,129,1,3,Powell
0.8,False,195,13,129,1,3,Powell
0.6,False,195,13,129,1,3,Powell
0.4,False,195,13,129,1,3,Powell
0.2,False,195,13,129,1,3,Powell
0.0,False,195,13,129,1,3,Powell
-0.2,False,195,13,129,1,3,Powell
-0.4,False,195,13,129,1,3,Powell
-0.6,False,195,13,129,1,3,Powell
-0.8,False,195,13,129,1,3,Powell
-1.0,False,195,13,129,1,3,Powell
-1.2,False,195,13,129,1,3,Powell
-1.4,False,195,13,129,1,3,Powell
-1.6,False,195,13,129,1,3,Powell
-1.8,False,195,13,129,1,3,Powell
-2.0,False,195,13,129,1,3,Powell
-2.2,False,195,13,129,1,3,Powell
-2.4,False,195,13,129,1,3,Powell
-2.6,False,195,13,129,1,3,Powell
-2.8,False,195,13,129,1,3,Powell
-3.0,False,195,13,129,1,3,Powell
-3.2,False,195,13,129,1,3,Powell
-3.4,False,195,13,129,1,3,Powell
-3.6,False,195,13,129,1,3,Powell
-3.8,False,195,13,129,1,3,Powell
-4.0,False,195,13,129,1,3,Powell
-4.2,False,195,13,129,1,3,Powell
-4.4,False,195,13,129,1,3,Powell
-4.6,False,195,13,129,1,3,Powell
-4.8,False,195,13,129,1,3,Powell
-5.0,False,195,13,129,1,3,Powell
-5.2,False,195,13,129,1,3,Powell
-5.4,False,195,13,129,1,3,Powell
-5.6,False,195,13,129,1,3,Powell
-5.8,False,195,13,129,1,3,Powell
-6.0,False,195,13,129,1,3,Powell
-6.2,False,195,13,129,1,3,Powell
-6.4,False,195,13,129,1,3,Powell
-6.6,False,195,13,129,1,3,Powell
-6.8,False,195,13,129,1,3,Powell
-7.0,False,195,13,129,1,3,Powell
-7.2,False,195,13,129,1,3,Powell
-7.4,False,195,13,129,1,3,Powell
-7.6,False,195,13,129,1,3,Powell
-7.8,False,195,13,129,1,3,Powell
-8.0,False,195,13,129,1,3,Powell
2.0,True,50,13,130,1,3,Powell
1.8,True,61,13,130,1,3,Powell
1.6,True,61,13,130,1,3,Powell
1.4,True,63,13,130,1,3,Powell
1.2,False,272,13,130,1,3,Powell
1.0,False,272,13,130,1,3,Powell
0.8,False,272,13,130,1,3,Powell
0.6,False,272,13,130,1,3,Powell
0.4,False,272,13,130,1,3,Powell
0.2,False,272,13,130,1,3,Powell
0.0,False,272,13,130,1,3,Powell
-0.2,False,272,13,130,1,3,Powell
-0.4,False,272,13,130,1,3,Powell
-0.6,False,272,13,130,1,3,Powell
-0.8,False,272,13,130,1,3,Powell
-1.0,False,272,13,130,1,3,Powell
-1.2,False,272,13,130,1,3,Powell
-1.4,False,272,13,130,1,3,Powell
-1.6,False,272,13,130,1,3,Powell
-1.8,False,272,13,130,1,3,Powell
-2.0,False,272,13,130,1,3,Powell
-2.2,False,272,13,130,1,3,Powell
-2.4,False,272,13,130,1,3,Powell
-2.6,False,272,13,130,1,3,Powell
-2.8,False,272,13,130,1,3,Powell
-3.0,False,272,13,130,1,3,Powell
-3.2,False,272,13,130,1,3,Powell
-3.4,False,272,13,130,1,3,Powell
-3.6,False,272,13,130,1,3,Powell
-3.8,False,272,13,130,1,3,Powell
-4.0,False,272,13,130,1,3,Powell
-4.2,False,272,13,130,1,3,Powell
-4.4,False,272,13,130,1,3,Powell
-4.6,False,272,13,130,1,3,Powell
-4.8,False,272,13,130,1,3,Powell
-5.0,False,272,13,130,1,3,Powell
-5.2,False,272,13,130,1,3,Powell
-5.4,False,272,13,130,1,3,Powell
-5.6,False,272,13,130,1,3,Powell
-5.8,False,272,13,130,1,3,Powell
-6.0,False,272,13,130,1,3,Powell
-6.2,False,272,13,130,1,3,Powell
-6.4,False,272,13,130,1,3,Powell
-6.6,False,272,13,130,1,3,Powell
-6.8,False,272,13,130,1,3,Powell
-7.0,False,272,13,130,1,3,Powell
-7.2,False,272,13,130,1,3,Powell
-7.4,False,272,13,130,1,3,Powell
-7.6,False,272,13,130,1,3,Powell
-7.8,False,272,13,130,1,3,Powell
-8.0,False,272,13,130,1,3,Powell
2.0,True,22,13,131,1,3,Powell
1.8,True,31,13,131,1,3,Powell
1.6,True,145,13,131,1,3,Powell
1.4,False,192,13,131,1,3,Powell
1.2,False,192,13,131,1,3,Powell
1.0,False,192,13,131,1,3,Powell
0.8,False,192,13,131,1,3,Powell
0.6,False,192,13,131,1,3,Powell
0.4,False,192,13,131,1,3,Powell
0.2,False,192,13,131,1,3,Powell
0.0,False,192,13,131,1,3,Powell
-0.2,False,192,13,131,1,3,Powell
-0.4,False,192,13,131,1,3,Powell
-0.6,False,192,13,131,1,3,Powell
-0.8,False,192,13,131,1,3,Powell
-1.0,False,192,13,131,1,3,Powell
-1.2,False,192,13,131,1,3,Powell
-1.4,False,192,13,131,1,3,Powell
-1.6,False,192,13,131,1,3,Powell
-1.8,False,192,13,131,1,3,Powell
-2.0,False,192,13,131,1,3,Powell
-2.2,False,192,13,131,1,3,Powell
-2.4,False,192,13,131,1,3,Powell
-2.6,False,192,13,131,1,3,Powell
-2.8,False,192,13,131,1,3,Powell
-3.0,False,192,13,131,1,3,Powell
-3.2,False,192,13,131,1,3,Powell
-3.4,False,192,13,131,1,3,Powell
-3.6,False,192,13,131,1,3,Powell
-3.8,False,192,13,131,1,3,Powell
-4.0,False,192,13,131,1,3,Powell
-4.2,False,192,13,131,1,3,Powell
-4.4,False,192,13,131,1,3,Powell
-4.6,False,192,13,131,1,3,Powell
-4.8,False,192,13,131,1,3,Powell
-5.0,False,192,13,131,1,3,Powell
-5.2,False,192,13,131,1,3,Powell
-5.4,False,192,13,131,1,3,Powell
-5.6,False,192,13,131,1,3,Powell
-5.8,False,192,13,131,1,3,Powell
-6.0,False,192,13,131,1,3,Powell
-6.2,False,192,13,131,1,3,Powell
-6.4,False,192,13,131,1,3,Powell
-6.6,False,192,13,131,1,3,Powell
-6.8,False,192,13,131,1,3,Powell
-7.0,False,192,13,131,1,3,Powell
-7.2,False,192,13,131,1,3,Powell
-7.4,False,192,13,131,1,3,Powell
-7.6,False,192,13,131,1,3,Powell
-7.8,False,192,13,131,1,3,Powell
-8.0,False,192,13,131,1,3,Powell
2.0,True,25,13,132,1,3,Powell
1.8,True,25,13,132,1,3,Powell
1.6,True,25,13,132,1,3,Powell
1.4,True,50,13,132,1,3,Powell
1.2,True,51,13,132,1,3,Powell
1.0,True,62,13,132,1,3,Powell
0.8,True,65,13,132,1,3,Powell
0.6,True,65,13,132,1,3,Powell
0.4,True,80,13,132,1,3,Powell
0.2,True,95,13,132,1,3,Powell
0.0,True,145,13,132,1,3,Powell
-0.2,False,298,13,132,1,3,Powell
-0.4,False,298,13,132,1,3,Powell
-0.6,False,298,13,132,1,3,Powell
-0.8,False,298,13,132,1,3,Powell
-1.0,False,298,13,132,1,3,Powell
-1.2,False,298,13,132,1,3,Powell
-1.4,False,298,13,132,1,3,Powell
-1.6,False,298,13,132,1,3,Powell
-1.8,False,298,13,132,1,3,Powell
-2.0,False,298,13,132,1,3,Powell
-2.2,False,298,13,132,1,3,Powell
-2.4,False,298,13,132,1,3,Powell
-2.6,False,298,13,132,1,3,Powell
-2.8,False,298,13,132,1,3,Powell
-3.0,False,298,13,132,1,3,Powell
-3.2,False,298,13,132,1,3,Powell
-3.4,False,298,13,132,1,3,Powell
-3.6,False,298,13,132,1,3,Powell
-3.8,False,298,13,132,1,3,Powell
-4.0,False,298,13,132,1,3,Powell
-4.2,False,298,13,132,1,3,Powell
-4.4,False,298,13,132,1,3,Powell
-4.6,False,298,13,132,1,3,Powell
-4.8,False,298,13,132,1,3,Powell
-5.0,False,298,13,132,1,3,Powell
-5.2,False,298,13,132,1,3,Powell
-5.4,False,298,13,132,1,3,Powell
-5.6,False,298,13,132,1,3,Powell
-5.8,False,298,13,132,1,3,Powell
-6.0,False,298,13,132,1,3,Powell
-6.2,False,298,13,132,1,3,Powell
-6.4,False,298,13,132,1,3,Powell
-6.6,False,298,13,132,1,3,Powell
-6.8,False,298,13,132,1,3,Powell
-7.0,False,298,13,132,1,3,Powell
-7.2,False,298,13,132,1,3,Powell
-7.4,False,298,13,132,1,3,Powell
-7.6,False,298,13,132,1,3,Powell
-7.8,False,298,13,132,1,3,Powell
-8.0,False,298,13,132,1,3,Powell
2.0,True,25,13,133,1,3,Powell
1.8,True,27,13,133,1,3,Powell
1.6,True,27,13,133,1,3,Powell
1.4,True,65,13,133,1,3,Powell
1.2,False,176,13,133,1,3,Powell
1.0,False,176,13,133,1,3,Powell
0.8,False,176,13,133,1,3,Powell
0.6,False,176,13,133,1,3,Powell
0.4,False,176,13,133,1,3,Powell
0.2,False,176,13,133,1,3,Powell
0.0,False,176,13,133,1,3,Powell
-0.2,False,176,13,133,1,3,Powell
-0.4,False,176,13,133,1,3,Powell
-0.6,False,176,13,133,1,3,Powell
-0.8,False,176,13,133,1,3,Powell
-1.0,False,176,13,133,1,3,Powell
-1.2,False,176,13,133,1,3,Powell
-1.4,False,176,13,133,1,3,Powell
-1.6,False,176,13,133,1,3,Powell
-1.8,False,176,13,133,1,3,Powell
-2.0,False,176,13,133,1,3,Powell
-2.2,False,176,13,133,1,3,Powell
-2.4,False,176,13,133,1,3,Powell
-2.6,False,176,13,133,1,3,Powell
-2.8,False,176,13,133,1,3,Powell
-3.0,False,176,13,133,1,3,Powell
-3.2,False,176,13,133,1,3,Powell
-3.4,False,176,13,133,1,3,Powell
-3.6,False,176,13,133,1,3,Powell
-3.8,False,176,13,133,1,3,Powell
-4.0,False,176,13,133,1,3,Powell
-4.2,False,176,13,133,1,3,Powell
-4.4,False,176,13,133,1,3,Powell
-4.6,False,176,13,133,1,3,Powell
-4.8,False,176,13,133,1,3,Powell
-5.0,False,176,13,133,1,3,Powell
-5.2,False,176,13,133,1,3,Powell
-5.4,False,176,13,133,1,3,Powell
-5.6,False,176,13,133,1,3,Powell
-5.8,False,176,13,133,1,3,Powell
-6.0,False,176,13,133,1,3,Powell
-6.2,False,176,13,133,1,3,Powell
-6.4,False,176,13,133,1,3,Powell
-6.6,False,176,13,133,1,3,Powell
-6.8,False,176,13,133,1,3,Powell
-7.0,False,176,13,133,1,3,Powell
-7.2,False,176,13,133,1,3,Powell
-7.4,False,176,13,133,1,3,Powell
-7.6,False,176,13,133,1,3,Powell
-7.8,False,176,13,133,1,3,Powell
-8.0,False,176,13,133,1,3,Powell
2.0,True,24,13,134,1,3,Powell
1.8,True,35,13,134,1,3,Powell
1.6,True,35,13,134,1,3,Powell
1.4,True,56,13,134,1,3,Powell
1.2,True,56,13,134,1,3,Powell
1.0,True,71,13,134,1,3,Powell
0.8,True,71,13,134,1,3,Powell
0.6,True,95,13,134,1,3,Powell
0.4,True,109,13,134,1,3,Powell
0.2,True,137,13,134,1,3,Powell
0.0,True,184,13,134,1,3,Powell
-0.2,False,364,13,134,1,3,Powell
-0.4,False,364,13,134,1,3,Powell
-0.6,False,364,13,134,1,3,Powell
-0.8,False,364,13,134,1,3,Powell
-1.0,False,364,13,134,1,3,Powell
-1.2,False,364,13,134,1,3,Powell
-1.4,False,364,13,134,1,3,Powell
-1.6,False,364,13,134,1,3,Powell
-1.8,False,364,13,134,1,3,Powell
-2.0,False,364,13,134,1,3,Powell
-2.2,False,364,13,134,1,3,Powell
-2.4,False,364,13,134,1,3,Powell
-2.6,False,364,13,134,1,3,Powell
-2.8,False,364,13,134,1,3,Powell
-3.0,False,364,13,134,1,3,Powell
-3.2,False,364,13,134,1,3,Powell
-3.4,False,364,13,134,1,3,Powell
-3.6,False,364,13,134,1,3,Powell
-3.8,False,364,13,134,1,3,Powell
-4.0,False,364,13,134,1,3,Powell
-4.2,False,364,13,134,1,3,Powell
-4.4,False,364,13,134,1,3,Powell
-4.6,False,364,13,134,1,3,Powell
-4.8,False,364,13,134,1,3,Powell
-5.0,False,364,13,134,1,3,Powell
-5.2,False,364,13,134,1,3,Powell
-5.4,False,364,13,134,1,3,Powell
-5.6,False,364,13,134,1,3,Powell
-5.8,False,364,13,134,1,3,Powell
-6.0,False,364,13,134,1,3,Powell
-6.2,False,364,13,134,1,3,Powell
-6.4,False,364,13,134,1,3,Powell
-6.6,False,364,13,134,1,3,Powell
-6.8,False,364,13,134,1,3,Powell
-7.0,False,364,13,134,1,3,Powell
-7.2,False,364,13,134,1,3,Powell
-7.4,False,364,13,134,1,3,Powell
-7.6,False,364,13,134,1,3,Powell
-7.8,False,364,13,134,1,3,Powell
-8.0,False,364,13,134,1,3,Powell
2.0,True,35,13,135,1,3,Powell
1.8,True,45,13,135,1,3,Powell
1.6,False,263,13,135,1,3,Powell
1.4,False,263,13,135,1,3,Powell
1.2,False,263,13,135,1,3,Powell
1.0,False,263,13,135,1,3,Powell
0.8,False,263,13,135,1,3,Powell
0.6,False,263,13,135,1,3,Powell
0.4,False,263,13,135,1,3,Powell
0.2,False,263,13,135,1,3,Powell
0.0,False,263,13,135,1,3,Powell
-0.2,False,263,13,135,1,3,Powell
-0.4,False,263,13,135,1,3,Powell
-0.6,False,263,13,135,1,3,Powell
-0.8,False,263,13,135,1,3,Powell
-1.0,False,263,13,135,1,3,Powell
-1.2,False,263,13,135,1,3,Powell
-1.4,False,263,13,135,1,3,Powell
-1.6,False,263,13,135,1,3,Powell
-1.8,False,263,13,135,1,3,Powell
-2.0,False,263,13,135,1,3,Powell
-2.2,False,263,13,135,1,3,Powell
-2.4,False,263,13,135,1,3,Powell
-2.6,False,263,13,135,1,3,Powell
-2.8,False,263,13,135,1,3,Powell
-3.0,False,263,13,135,1,3,Powell
-3.2,False,263,13,135,1,3,Powell
-3.4,False,263,13,135,1,3,Powell
-3.6,False,263,13,135,1,3,Powell
-3.8,False,263,13,135,1,3,Powell
-4.0,False,263,13,135,1,3,Powell
-4.2,False,263,13,135,1,3,Powell
-4.4,False,263,13,135,1,3,Powell
-4.6,False,263,13,135,1,3,Powell
-4.8,False,263,13,135,1,3,Powell
-5.0,False,263,13,135,1,3,Powell
-5.2,False,263,13,135,1,3,Powell
-5.4,False,263,13,135,1,3,Powell
-5.6,False,263,13,135,1,3,Powell
-5.8,False,263,13,135,1,3,Powell
-6.0,False,263,13,135,1,3,Powell
-6.2,False,263,13,135,1,3,Powell
-6.4,False,263,13,135,1,3,Powell
-6.6,False,263,13,135,1,3,Powell
-6.8,False,263,13,135,1,3,Powell
-7.0,False,263,13,135,1,3,Powell
-7.2,False,263,13,135,1,3,Powell
-7.4,False,263,13,135,1,3,Powell
-7.6,False,263,13,135,1,3,Powell
-7.8,False,263,13,135,1,3,Powell
-8.0,False,263,13,135,1,3,Powell
2.0,True,45,13,136,1,3,Powell
1.8,True,45,13,136,1,3,Powell
1.6,True,45,13,136,1,3,Powell
1.4,True,45,13,136,1,3,Powell
1.2,True,45,13,136,1,3,Powell
1.0,True,59,13,136,1,3,Powell
0.8,True,83,13,136,1,3,Powell
0.6,True,83,13,136,1,3,Powell
0.4,True,87,13,136,1,3,Powell
0.2,False,236,13,136,1,3,Powell
0.0,False,236,13,136,1,3,Powell
-0.2,False,236,13,136,1,3,Powell
-0.4,False,236,13,136,1,3,Powell
-0.6,False,236,13,136,1,3,Powell
-0.8,False,236,13,136,1,3,Powell
-1.0,False,236,13,136,1,3,Powell
-1.2,False,236,13,136,1,3,Powell
-1.4,False,236,13,136,1,3,Powell
-1.6,False,236,13,136,1,3,Powell
-1.8,False,236,13,136,1,3,Powell
-2.0,False,236,13,136,1,3,Powell
-2.2,False,236,13,136,1,3,Powell
-2.4,False,236,13,136,1,3,Powell
-2.6,False,236,13,136,1,3,Powell
-2.8,False,236,13,136,1,3,Powell
-3.0,False,236,13,136,1,3,Powell
-3.2,False,236,13,136,1,3,Powell
-3.4,False,236,13,136,1,3,Powell
-3.6,False,236,13,136,1,3,Powell
-3.8,False,236,13,136,1,3,Powell
-4.0,False,236,13,136,1,3,Powell
-4.2,False,236,13,136,1,3,Powell
-4.4,False,236,13,136,1,3,Powell
-4.6,False,236,13,136,1,3,Powell
-4.8,False,236,13,136,1,3,Powell
-5.0,False,236,13,136,1,3,Powell
-5.2,False,236,13,136,1,3,Powell
-5.4,False,236,13,136,1,3,Powell
-5.6,False,236,13,136,1,3,Powell
-5.8,False,236,13,136,1,3,Powell
-6.0,False,236,13,136,1,3,Powell
-6.2,False,236,13,136,1,3,Powell
-6.4,False,236,13,136,1,3,Powell
-6.6,False,236,13,136,1,3,Powell
-6.8,False,236,13,136,1,3,Powell
-7.0,False,236,13,136,1,3,Powell
-7.2,False,236,13,136,1,3,Powell
-7.4,False,236,13,136,1,3,Powell
-7.6,False,236,13,136,1,3,Powell
-7.8,False,236,13,136,1,3,Powell
-8.0,False,236,13,136,1,3,Powell
2.0,True,19,13,137,1,3,Powell
1.8,True,19,13,137,1,3,Powell
1.6,True,31,13,137,1,3,Powell
1.4,True,31,13,137,1,3,Powell
1.2,True,31,13,137,1,3,Powell
1.0,True,33,13,137,1,3,Powell
0.8,True,56,13,137,1,3,Powell
0.6,True,56,13,137,1,3,Powell
0.4,True,70,13,137,1,3,Powell
0.2,True,72,13,137,1,3,Powell
0.0,False,161,13,137,1,3,Powell
-0.2,False,161,13,137,1,3,Powell
-0.4,False,161,13,137,1,3,Powell
-0.6,False,161,13,137,1,3,Powell
-0.8,False,161,13,137,1,3,Powell
-1.0,False,161,13,137,1,3,Powell
-1.2,False,161,13,137,1,3,Powell
-1.4,False,161,13,137,1,3,Powell
-1.6,False,161,13,137,1,3,Powell
-1.8,False,161,13,137,1,3,Powell
-2.0,False,161,13,137,1,3,Powell
-2.2,False,161,13,137,1,3,Powell
-2.4,False,161,13,137,1,3,Powell
-2.6,False,161,13,137,1,3,Powell
-2.8,False,161,13,137,1,3,Powell
-3.0,False,161,13,137,1,3,Powell
-3.2,False,161,13,137,1,3,Powell
-3.4,False,161,13,137,1,3,Powell
-3.6,False,161,13,137,1,3,Powell
-3.8,False,161,13,137,1,3,Powell
-4.0,False,161,13,137,1,3,Powell
-4.2,False,161,13,137,1,3,Powell
-4.4,False,161,13,137,1,3,Powell
-4.6,False,161,13,137,1,3,Powell
-4.8,False,161,13,137,1,3,Powell
-5.0,False,161,13,137,1,3,Powell
-5.2,False,161,13,137,1,3,Powell
-5.4,False,161,13,137,1,3,Powell
-5.6,False,161,13,137,1,3,Powell
-5.8,False,161,13,137,1,3,Powell
-6.0,False,161,13,137,1,3,Powell
-6.2,False,161,13,137,1,3,Powell
-6.4,False,161,13,137,1,3,Powell
-6.6,False,161,13,137,1,3,Powell
-6.8,False,161,13,137,1,3,Powell
-7.0,False,161,13,137,1,3,Powell
-7.2,False,161,13,137,1,3,Powell
-7.4,False,161,13,137,1,3,Powell
-7.6,False,161,13,137,1,3,Powell
-7.8,False,161,13,137,1,3,Powell
-8.0,False,161,13,137,1,3,Powell
2.0,True,20,13,138,1,3,Powell
1.8,True,20,13,138,1,3,Powell
1.6,True,20,13,138,1,3,Powell
1.4,True,34,13,138,1,3,Powell
1.2,True,47,13,138,1,3,Powell
1.0,True,56,13,138,1,3,Powell
0.8,True,57,13,138,1,3,Powell
0.6,True,59,13,138,1,3,Powell
0.4,True,72,13,138,1,3,Powell
0.2,True,74,13,138,1,3,Powell
0.0,True,99,13,138,1,3,Powell
-0.2,True,101,13,138,1,3,Powell
-0.4,True,102,13,138,1,3,Powell
-0.6,True,155,13,138,1,3,Powell
-0.8,False,220,13,138,1,3,Powell
-1.0,False,220,13,138,1,3,Powell
-1.2,False,220,13,138,1,3,Powell
-1.4,False,220,13,138,1,3,Powell
-1.6,False,220,13,138,1,3,Powell
-1.8,False,220,13,138,1,3,Powell
-2.0,False,220,13,138,1,3,Powell
-2.2,False,220,13,138,1,3,Powell
-2.4,False,220,13,138,1,3,Powell
-2.6,False,220,13,138,1,3,Powell
-2.8,False,220,13,138,1,3,Powell
-3.0,False,220,13,138,1,3,Powell
-3.2,False,220,13,138,1,3,Powell
-3.4,False,220,13,138,1,3,Powell
-3.6,False,220,13,138,1,3,Powell
-3.8,False,220,13,138,1,3,Powell
-4.0,False,220,13,138,1,3,Powell
-4.2,False,220,13,138,1,3,Powell
-4.4,False,220,13,138,1,3,Powell
-4.6,False,220,13,138,1,3,Powell
-4.8,False,220,13,138,1,3,Powell
-5.0,False,220,13,138,1,3,Powell
-5.2,False,220,13,138,1,3,Powell
-5.4,False,220,13,138,1,3,Powell
-5.6,False,220,13,138,1,3,Powell
-5.8,False,220,13,138,1,3,Powell
-6.0,False,220,13,138,1,3,Powell
-6.2,False,220,13,138,1,3,Powell
-6.4,False,220,13,138,1,3,Powell
-6.6,False,220,13,138,1,3,Powell
-6.8,False,220,13,138,1,3,Powell
-7.0,False,220,13,138,1,3,Powell
-7.2,False,220,13,138,1,3,Powell
-7.4,False,220,13,138,1,3,Powell
-7.6,False,220,13,138,1,3,Powell
-7.8,False,220,13,138,1,3,Powell
-8.0,False,220,13,138,1,3,Powell
2.0,True,67,13,139,1,3,Powell
1.8,True,67,13,139,1,3,Powell
1.6,True,67,13,139,1,3,Powell
1.4,True,69,13,139,1,3,Powell
1.2,True,77,13,139,1,3,Powell
1.0,True,79,13,139,1,3,Powell
0.8,True,79,13,139,1,3,Powell
0.6,True,104,13,139,1,3,Powell
0.4,True,104,13,139,1,3,Powell
0.2,True,104,13,139,1,3,Powell
0.0,True,104,13,139,1,3,Powell
-0.2,True,121,13,139,1,3,Powell
-0.4,False,301,13,139,1,3,Powell
-0.6,False,301,13,139,1,3,Powell
-0.8,False,301,13,139,1,3,Powell
-1.0,False,301,13,139,1,3,Powell
-1.2,False,301,13,139,1,3,Powell
-1.4,False,301,13,139,1,3,Powell
-1.6,False,301,13,139,1,3,Powell
-1.8,False,301,13,139,1,3,Powell
-2.0,False,301,13,139,1,3,Powell
-2.2,False,301,13,139,1,3,Powell
-2.4,False,301,13,139,1,3,Powell
-2.6,False,301,13,139,1,3,Powell
-2.8,False,301,13,139,1,3,Powell
-3.0,False,301,13,139,1,3,Powell
-3.2,False,301,13,139,1,3,Powell
-3.4,False,301,13,139,1,3,Powell
-3.6,False,301,13,139,1,3,Powell
-3.8,False,301,13,139,1,3,Powell
-4.0,False,301,13,139,1,3,Powell
-4.2,False,301,13,139,1,3,Powell
-4.4,False,301,13,139,1,3,Powell
-4.6,False,301,13,139,1,3,Powell
-4.8,False,301,13,139,1,3,Powell
-5.0,False,301,13,139,1,3,Powell
-5.2,False,301,13,139,1,3,Powell
-5.4,False,301,13,139,1,3,Powell
-5.6,False,301,13,139,1,3,Powell
-5.8,False,301,13,139,1,3,Powell
-6.0,False,301,13,139,1,3,Powell
-6.2,False,301,13,139,1,3,Powell
-6.4,False,301,13,139,1,3,Powell
-6.6,False,301,13,139,1,3,Powell
-6.8,False,301,13,139,1,3,Powell
-7.0,False,301,13,139,1,3,Powell
-7.2,False,301,13,139,1,3,Powell
-7.4,False,301,13,139,1,3,Powell
-7.6,False,301,13,139,1,3,Powell
-7.8,False,301,13,139,1,3,Powell
-8.0,False,301,13,139,1,3,Powell
2.0,True,5,13,140,1,3,Powell
1.8,True,5,13,140,1,3,Powell
1.6,True,8,13,140,1,3,Powell
1.4,True,53,13,140,1,3,Powell
1.2,False,135,13,140,1,3,Powell
1.0,False,135,13,140,1,3,Powell
0.8,False,135,13,140,1,3,Powell
0.6,False,135,13,140,1,3,Powell
0.4,False,135,13,140,1,3,Powell
0.2,False,135,13,140,1,3,Powell
0.0,False,135,13,140,1,3,Powell
-0.2,False,135,13,140,1,3,Powell
-0.4,False,135,13,140,1,3,Powell
-0.6,False,135,13,140,1,3,Powell
-0.8,False,135,13,140,1,3,Powell
-1.0,False,135,13,140,1,3,Powell
-1.2,False,135,13,140,1,3,Powell
-1.4,False,135,13,140,1,3,Powell
-1.6,False,135,13,140,1,3,Powell
-1.8,False,135,13,140,1,3,Powell
-2.0,False,135,13,140,1,3,Powell
-2.2,False,135,13,140,1,3,Powell
-2.4,False,135,13,140,1,3,Powell
-2.6,False,135,13,140,1,3,Powell
-2.8,False,135,13,140,1,3,Powell
-3.0,False,135,13,140,1,3,Powell
-3.2,False,135,13,140,1,3,Powell
-3.4,False,135,13,140,1,3,Powell
-3.6,False,135,13,140,1,3,Powell
-3.8,False,135,13,140,1,3,Powell
-4.0,False,135,13,140,1,3,Powell
-4.2,False,135,13,140,1,3,Powell
-4.4,False,135,13,140,1,3,Powell
-4.6,False,135,13,140,1,3,Powell
-4.8,False,135,13,140,1,3,Powell
-5.0,False,135,13,140,1,3,Powell
-5.2,False,135,13,140,1,3,Powell
-5.4,False,135,13,140,1,3,Powell
-5.6,False,135,13,140,1,3,Powell
-5.8,False,135,13,140,1,3,Powell
-6.0,False,135,13,140,1,3,Powell
-6.2,False,135,13,140,1,3,Powell
-6.4,False,135,13,140,1,3,Powell
-6.6,False,135,13,140,1,3,Powell
-6.8,False,135,13,140,1,3,Powell
-7.0,False,135,13,140,1,3,Powell
-7.2,False,135,13,140,1,3,Powell
-7.4,False,135,13,140,1,3,Powell
-7.6,False,135,13,140,1,3,Powell
-7.8,False,135,13,140,1,3,Powell
-8.0,False,135,13,140,1,3,Powell
2.0,True,9,13,141,1,3,Powell
1.8,True,9,13,141,1,3,Powell
1.6,True,10,13,141,1,3,Powell
1.4,True,12,13,141,1,3,Powell
1.2,True,12,13,141,1,3,Powell
1.0,True,12,13,141,1,3,Powell
0.8,True,12,13,141,1,3,Powell
0.6,True,35,13,141,1,3,Powell
0.4,True,37,13,141,1,3,Powell
0.2,True,80,13,141,1,3,Powell
0.0,False,237,13,141,1,3,Powell
-0.2,False,237,13,141,1,3,Powell
-0.4,False,237,13,141,1,3,Powell
-0.6,False,237,13,141,1,3,Powell
-0.8,False,237,13,141,1,3,Powell
-1.0,False,237,13,141,1,3,Powell
-1.2,False,237,13,141,1,3,Powell
-1.4,False,237,13,141,1,3,Powell
-1.6,False,237,13,141,1,3,Powell
-1.8,False,237,13,141,1,3,Powell
-2.0,False,237,13,141,1,3,Powell
-2.2,False,237,13,141,1,3,Powell
-2.4,False,237,13,141,1,3,Powell
-2.6,False,237,13,141,1,3,Powell
-2.8,False,237,13,141,1,3,Powell
-3.0,False,237,13,141,1,3,Powell
-3.2,False,237,13,141,1,3,Powell
-3.4,False,237,13,141,1,3,Powell
-3.6,False,237,13,141,1,3,Powell
-3.8,False,237,13,141,1,3,Powell
-4.0,False,237,13,141,1,3,Powell
-4.2,False,237,13,141,1,3,Powell
-4.4,False,237,13,141,1,3,Powell
-4.6,False,237,13,141,1,3,Powell
-4.8,False,237,13,141,1,3,Powell
-5.0,False,237,13,141,1,3,Powell
-5.2,False,237,13,141,1,3,Powell
-5.4,False,237,13,141,1,3,Powell
-5.6,False,237,13,141,1,3,Powell
-5.8,False,237,13,141,1,3,Powell
-6.0,False,237,13,141,1,3,Powell
-6.2,False,237,13,141,1,3,Powell
-6.4,False,237,13,141,1,3,Powell
-6.6,False,237,13,141,1,3,Powell
-6.8,False,237,13,141,1,3,Powell
-7.0,False,237,13,141,1,3,Powell
-7.2,False,237,13,141,1,3,Powell
-7.4,False,237,13,141,1,3,Powell
-7.6,False,237,13,141,1,3,Powell
-7.8,False,237,13,141,1,3,Powell
-8.0,False,237,13,141,1,3,Powell
2.0,True,27,13,142,1,3,Powell
1.8,True,29,13,142,1,3,Powell
1.6,True,63,13,142,1,3,Powell
1.4,True,144,13,142,1,3,Powell
1.2,False,569,13,142,1,3,Powell
1.0,False,569,13,142,1,3,Powell
0.8,False,569,13,142,1,3,Powell
0.6,False,569,13,142,1,3,Powell
0.4,False,569,13,142,1,3,Powell
0.2,False,569,13,142,1,3,Powell
0.0,False,569,13,142,1,3,Powell
-0.2,False,569,13,142,1,3,Powell
-0.4,False,569,13,142,1,3,Powell
-0.6,False,569,13,142,1,3,Powell
-0.8,False,569,13,142,1,3,Powell
-1.0,False,569,13,142,1,3,Powell
-1.2,False,569,13,142,1,3,Powell
-1.4,False,569,13,142,1,3,Powell
-1.6,False,569,13,142,1,3,Powell
-1.8,False,569,13,142,1,3,Powell
-2.0,False,569,13,142,1,3,Powell
-2.2,False,569,13,142,1,3,Powell
-2.4,False,569,13,142,1,3,Powell
-2.6,False,569,13,142,1,3,Powell
-2.8,False,569,13,142,1,3,Powell
-3.0,False,569,13,142,1,3,Powell
-3.2,False,569,13,142,1,3,Powell
-3.4,False,569,13,142,1,3,Powell
-3.6,False,569,13,142,1,3,Powell
-3.8,False,569,13,142,1,3,Powell
-4.0,False,569,13,142,1,3,Powell
-4.2,False,569,13,142,1,3,Powell
-4.4,False,569,13,142,1,3,Powell
-4.6,False,569,13,142,1,3,Powell
-4.8,False,569,13,142,1,3,Powell
-5.0,False,569,13,142,1,3,Powell
-5.2,False,569,13,142,1,3,Powell
-5.4,False,569,13,142,1,3,Powell
-5.6,False,569,13,142,1,3,Powell
-5.8,False,569,13,142,1,3,Powell
-6.0,False,569,13,142,1,3,Powell
-6.2,False,569,13,142,1,3,Powell
-6.4,False,569,13,142,1,3,Powell
-6.6,False,569,13,142,1,3,Powell
-6.8,False,569,13,142,1,3,Powell
-7.0,False,569,13,142,1,3,Powell
-7.2,False,569,13,142,1,3,Powell
-7.4,False,569,13,142,1,3,Powell
-7.6,False,569,13,142,1,3,Powell
-7.8,False,569,13,142,1,3,Powell
-8.0,False,569,13,142,1,3,Powell
2.0,True,23,13,143,1,3,Powell
1.8,True,25,13,143,1,3,Powell
1.6,True,50,13,143,1,3,Powell
1.4,False,236,13,143,1,3,Powell
1.2,False,236,13,143,1,3,Powell
1.0,False,236,13,143,1,3,Powell
0.8,False,236,13,143,1,3,Powell
0.6,False,236,13,143,1,3,Powell
0.4,False,236,13,143,1,3,Powell
0.2,False,236,13,143,1,3,Powell
0.0,False,236,13,143,1,3,Powell
-0.2,False,236,13,143,1,3,Powell
-0.4,False,236,13,143,1,3,Powell
-0.6,False,236,13,143,1,3,Powell
-0.8,False,236,13,143,1,3,Powell
-1.0,False,236,13,143,1,3,Powell
-1.2,False,236,13,143,1,3,Powell
-1.4,False,236,13,143,1,3,Powell
-1.6,False,236,13,143,1,3,Powell
-1.8,False,236,13,143,1,3,Powell
-2.0,False,236,13,143,1,3,Powell
-2.2,False,236,13,143,1,3,Powell
-2.4,False,236,13,143,1,3,Powell
-2.6,False,236,13,143,1,3,Powell
-2.8,False,236,13,143,1,3,Powell
-3.0,False,236,13,143,1,3,Powell
-3.2,False,236,13,143,1,3,Powell
-3.4,False,236,13,143,1,3,Powell
-3.6,False,236,13,143,1,3,Powell
-3.8,False,236,13,143,1,3,Powell
-4.0,False,236,13,143,1,3,Powell
-4.2,False,236,13,143,1,3,Powell
-4.4,False,236,13,143,1,3,Powell
-4.6,False,236,13,143,1,3,Powell
-4.8,False,236,13,143,1,3,Powell
-5.0,False,236,13,143,1,3,Powell
-5.2,False,236,13,143,1,3,Powell
-5.4,False,236,13,143,1,3,Powell
-5.6,False,236,13,143,1,3,Powell
-5.8,False,236,13,143,1,3,Powell
-6.0,False,236,13,143,1,3,Powell
-6.2,False,236,13,143,1,3,Powell
-6.4,False,236,13,143,1,3,Powell
-6.6,False,236,13,143,1,3,Powell
-6.8,False,236,13,143,1,3,Powell
-7.0,False,236,13,143,1,3,Powell
-7.2,False,236,13,143,1,3,Powell
-7.4,False,236,13,143,1,3,Powell
-7.6,False,236,13,143,1,3,Powell
-7.8,False,236,13,143,1,3,Powell
-8.0,False,236,13,143,1,3,Powell
2.0,True,22,13,144,1,3,Powell
1.8,True,53,13,144,1,3,Powell
1.6,True,66,13,144,1,3,Powell
1.4,False,240,13,144,1,3,Powell
1.2,False,240,13,144,1,3,Powell
1.0,False,240,13,144,1,3,Powell
0.8,False,240,13,144,1,3,Powell
0.6,False,240,13,144,1,3,Powell
0.4,False,240,13,144,1,3,Powell
0.2,False,240,13,144,1,3,Powell
0.0,False,240,13,144,1,3,Powell
-0.2,False,240,13,144,1,3,Powell
-0.4,False,240,13,144,1,3,Powell
-0.6,False,240,13,144,1,3,Powell
-0.8,False,240,13,144,1,3,Powell
-1.0,False,240,13,144,1,3,Powell
-1.2,False,240,13,144,1,3,Powell
-1.4,False,240,13,144,1,3,Powell
-1.6,False,240,13,144,1,3,Powell
-1.8,False,240,13,144,1,3,Powell
-2.0,False,240,13,144,1,3,Powell
-2.2,False,240,13,144,1,3,Powell
-2.4,False,240,13,144,1,3,Powell
-2.6,False,240,13,144,1,3,Powell
-2.8,False,240,13,144,1,3,Powell
-3.0,False,240,13,144,1,3,Powell
-3.2,False,240,13,144,1,3,Powell
-3.4,False,240,13,144,1,3,Powell
-3.6,False,240,13,144,1,3,Powell
-3.8,False,240,13,144,1,3,Powell
-4.0,False,240,13,144,1,3,Powell
-4.2,False,240,13,144,1,3,Powell
-4.4,False,240,13,144,1,3,Powell
-4.6,False,240,13,144,1,3,Powell
-4.8,False,240,13,144,1,3,Powell
-5.0,False,240,13,144,1,3,Powell
-5.2,False,240,13,144,1,3,Powell
-5.4,False,240,13,144,1,3,Powell
-5.6,False,240,13,144,1,3,Powell
-5.8,False,240,13,144,1,3,Powell
-6.0,False,240,13,144,1,3,Powell
-6.2,False,240,13,144,1,3,Powell
-6.4,False,240,13,144,1,3,Powell
-6.6,False,240,13,144,1,3,Powell
-6.8,False,240,13,144,1,3,Powell
-7.0,False,240,13,144,1,3,Powell
-7.2,False,240,13,144,1,3,Powell
-7.4,False,240,13,144,1,3,Powell
-7.6,False,240,13,144,1,3,Powell
-7.8,False,240,13,144,1,3,Powell
-8.0,False,240,13,144,1,3,Powell
2.0,True,25,13,145,1,3,Powell
1.8,True,25,13,145,1,3,Powell
1.6,True,25,13,145,1,3,Powell
1.4,True,25,13,145,1,3,Powell
1.2,True,25,13,145,1,3,Powell
1.0,True,25,13,145,1,3,Powell
0.8,True,39,13,145,1,3,Powell
0.6,True,52,13,145,1,3,Powell
0.4,True,63,13,145,1,3,Powell
0.2,True,63,13,145,1,3,Powell
0.0,True,68,13,145,1,3,Powell
-0.2,True,114,13,145,1,3,Powell
-0.4,False,184,13,145,1,3,Powell
-0.6,False,184,13,145,1,3,Powell
-0.8,False,184,13,145,1,3,Powell
-1.0,False,184,13,145,1,3,Powell
-1.2,False,184,13,145,1,3,Powell
-1.4,False,184,13,145,1,3,Powell
-1.6,False,184,13,145,1,3,Powell
-1.8,False,184,13,145,1,3,Powell
-2.0,False,184,13,145,1,3,Powell
-2.2,False,184,13,145,1,3,Powell
-2.4,False,184,13,145,1,3,Powell
-2.6,False,184,13,145,1,3,Powell
-2.8,False,184,13,145,1,3,Powell
-3.0,False,184,13,145,1,3,Powell
-3.2,False,184,13,145,1,3,Powell
-3.4,False,184,13,145,1,3,Powell
-3.6,False,184,13,145,1,3,Powell
-3.8,False,184,13,145,1,3,Powell
-4.0,False,184,13,145,1,3,Powell
-4.2,False,184,13,145,1,3,Powell
-4.4,False,184,13,145,1,3,Powell
-4.6,False,184,13,145,1,3,Powell
-4.8,False,184,13,145,1,3,Powell
-5.0,False,184,13,145,1,3,Powell
-5.2,False,184,13,145,1,3,Powell
-5.4,False,184,13,145,1,3,Powell
-5.6,False,184,13,145,1,3,Powell
-5.8,False,184,13,145,1,3,Powell
-6.0,False,184,13,145,1,3,Powell
-6.2,False,184,13,145,1,3,Powell
-6.4,False,184,13,145,1,3,Powell
-6.6,False,184,13,145,1,3,Powell
-6.8,False,184,13,145,1,3,Powell
-7.0,False,184,13,145,1,3,Powell
-7.2,False,184,13,145,1,3,Powell
-7.4,False,184,13,145,1,3,Powell
-7.6,False,184,13,145,1,3,Powell
-7.8,False,184,13,145,1,3,Powell
-8.0,False,184,13,145,1,3,Powell
2.0,True,31,13,146,1,3,Powell
1.8,True,39,13,146,1,3,Powell
1.6,True,39,13,146,1,3,Powell
1.4,True,39,13,146,1,3,Powell
1.2,True,39,13,146,1,3,Powell
1.0,True,41,13,146,1,3,Powell
0.8,True,44,13,146,1,3,Powell
0.6,True,82,13,146,1,3,Powell
0.4,False,192,13,146,1,3,Powell
0.2,False,192,13,146,1,3,Powell
0.0,False,192,13,146,1,3,Powell
-0.2,False,192,13,146,1,3,Powell
-0.4,False,192,13,146,1,3,Powell
-0.6,False,192,13,146,1,3,Powell
-0.8,False,192,13,146,1,3,Powell
-1.0,False,192,13,146,1,3,Powell
-1.2,False,192,13,146,1,3,Powell
-1.4,False,192,13,146,1,3,Powell
-1.6,False,192,13,146,1,3,Powell
-1.8,False,192,13,146,1,3,Powell
-2.0,False,192,13,146,1,3,Powell
-2.2,False,192,13,146,1,3,Powell
-2.4,False,192,13,146,1,3,Powell
-2.6,False,192,13,146,1,3,Powell
-2.8,False,192,13,146,1,3,Powell
-3.0,False,192,13,146,1,3,Powell
-3.2,False,192,13,146,1,3,Powell
-3.4,False,192,13,146,1,3,Powell
-3.6,False,192,13,146,1,3,Powell
-3.8,False,192,13,146,1,3,Powell
-4.0,False,192,13,146,1,3,Powell
-4.2,False,192,13,146,1,3,Powell
-4.4,False,192,13,146,1,3,Powell
-4.6,False,192,13,146,1,3,Powell
-4.8,False,192,13,146,1,3,Powell
-5.0,False,192,13,146,1,3,Powell
-5.2,False,192,13,146,1,3,Powell
-5.4,False,192,13,146,1,3,Powell
-5.6,False,192,13,146,1,3,Powell
-5.8,False,192,13,146,1,3,Powell
-6.0,False,192,13,146,1,3,Powell
-6.2,False,192,13,146,1,3,Powell
-6.4,False,192,13,146,1,3,Powell
-6.6,False,192,13,146,1,3,Powell
-6.8,False,192,13,146,1,3,Powell
-7.0,False,192,13,146,1,3,Powell
-7.2,False,192,13,146,1,3,Powell
-7.4,False,192,13,146,1,3,Powell
-7.6,False,192,13,146,1,3,Powell
-7.8,False,192,13,146,1,3,Powell
-8.0,False,192,13,146,1,3,Powell
2.0,True,5,13,147,1,3,Powell
1.8,True,5,13,147,1,3,Powell
1.6,True,5,13,147,1,3,Powell
1.4,True,5,13,147,1,3,Powell
1.2,True,5,13,147,1,3,Powell
1.0,True,28,13,147,1,3,Powell
0.8,True,60,13,147,1,3,Powell
0.6,False,210,13,147,1,3,Powell
0.4,False,210,13,147,1,3,Powell
0.2,False,210,13,147,1,3,Powell
0.0,False,210,13,147,1,3,Powell
-0.2,False,210,13,147,1,3,Powell
-0.4,False,210,13,147,1,3,Powell
-0.6,False,210,13,147,1,3,Powell
-0.8,False,210,13,147,1,3,Powell
-1.0,False,210,13,147,1,3,Powell
-1.2,False,210,13,147,1,3,Powell
-1.4,False,210,13,147,1,3,Powell
-1.6,False,210,13,147,1,3,Powell
-1.8,False,210,13,147,1,3,Powell
-2.0,False,210,13,147,1,3,Powell
-2.2,False,210,13,147,1,3,Powell
-2.4,False,210,13,147,1,3,Powell
-2.6,False,210,13,147,1,3,Powell
-2.8,False,210,13,147,1,3,Powell
-3.0,False,210,13,147,1,3,Powell
-3.2,False,210,13,147,1,3,Powell
-3.4,False,210,13,147,1,3,Powell
-3.6,False,210,13,147,1,3,Powell
-3.8,False,210,13,147,1,3,Powell
-4.0,False,210,13,147,1,3,Powell
-4.2,False,210,13,147,1,3,Powell
-4.4,False,210,13,147,1,3,Powell
-4.6,False,210,13,147,1,3,Powell
-4.8,False,210,13,147,1,3,Powell
-5.0,False,210,13,147,1,3,Powell
-5.2,False,210,13,147,1,3,Powell
-5.4,False,210,13,147,1,3,Powell
-5.6,False,210,13,147,1,3,Powell
-5.8,False,210,13,147,1,3,Powell
-6.0,False,210,13,147,1,3,Powell
-6.2,False,210,13,147,1,3,Powell
-6.4,False,210,13,147,1,3,Powell
-6.6,False,210,13,147,1,3,Powell
-6.8,False,210,13,147,1,3,Powell
-7.0,False,210,13,147,1,3,Powell
-7.2,False,210,13,147,1,3,Powell
-7.4,False,210,13,147,1,3,Powell
-7.6,False,210,13,147,1,3,Powell
-7.8,False,210,13,147,1,3,Powell
-8.0,False,210,13,147,1,3,Powell
2.0,True,54,13,148,1,3,Powell
1.8,True,98,13,148,1,3,Powell
1.6,False,232,13,148,1,3,Powell
1.4,False,232,13,148,1,3,Powell
1.2,False,232,13,148,1,3,Powell
1.0,False,232,13,148,1,3,Powell
0.8,False,232,13,148,1,3,Powell
0.6,False,232,13,148,1,3,Powell
0.4,False,232,13,148,1,3,Powell
0.2,False,232,13,148,1,3,Powell
0.0,False,232,13,148,1,3,Powell
-0.2,False,232,13,148,1,3,Powell
-0.4,False,232,13,148,1,3,Powell
-0.6,False,232,13,148,1,3,Powell
-0.8,False,232,13,148,1,3,Powell
-1.0,False,232,13,148,1,3,Powell
-1.2,False,232,13,148,1,3,Powell
-1.4,False,232,13,148,1,3,Powell
-1.6,False,232,13,148,1,3,Powell
-1.8,False,232,13,148,1,3,Powell
-2.0,False,232,13,148,1,3,Powell
-2.2,False,232,13,148,1,3,Powell
-2.4,False,232,13,148,1,3,Powell
-2.6,False,232,13,148,1,3,Powell
-2.8,False,232,13,148,1,3,Powell
-3.0,False,232,13,148,1,3,Powell
-3.2,False,232,13,148,1,3,Powell
-3.4,False,232,13,148,1,3,Powell
-3.6,False,232,13,148,1,3,Powell
-3.8,False,232,13,148,1,3,Powell
-4.0,False,232,13,148,1,3,Powell
-4.2,False,232,13,148,1,3,Powell
-4.4,False,232,13,148,1,3,Powell
-4.6,False,232,13,148,1,3,Powell
-4.8,False,232,13,148,1,3,Powell
-5.0,False,232,13,148,1,3,Powell
-5.2,False,232,13,148,1,3,Powell
-5.4,False,232,13,148,1,3,Powell
-5.6,False,232,13,148,1,3,Powell
-5.8,False,232,13,148,1,3,Powell
-6.0,False,232,13,148,1,3,Powell
-6.2,False,232,13,148,1,3,Powell
-6.4,False,232,13,148,1,3,Powell
-6.6,False,232,13,148,1,3,Powell
-6.8,False,232,13,148,1,3,Powell
-7.0,False,232,13,148,1,3,Powell
-7.2,False,232,13,148,1,3,Powell
-7.4,False,232,13,148,1,3,Powell
-7.6,False,232,13,148,1,3,Powell
-7.8,False,232,13,148,1,3,Powell
-8.0,False,232,13,148,1,3,Powell
2.0,True,38,13,149,1,3,Powell
1.8,True,55,13,149,1,3,Powell
1.6,True,60,13,149,1,3,Powell
1.4,True,75,13,149,1,3,Powell
1.2,False,224,13,149,1,3,Powell
1.0,False,224,13,149,1,3,Powell
0.8,False,224,13,149,1,3,Powell
0.6,False,224,13,149,1,3,Powell
0.4,False,224,13,149,1,3,Powell
0.2,False,224,13,149,1,3,Powell
0.0,False,224,13,149,1,3,Powell
-0.2,False,224,13,149,1,3,Powell
-0.4,False,224,13,149,1,3,Powell
-0.6,False,224,13,149,1,3,Powell
-0.8,False,224,13,149,1,3,Powell
-1.0,False,224,13,149,1,3,Powell
-1.2,False,224,13,149,1,3,Powell
-1.4,False,224,13,149,1,3,Powell
-1.6,False,224,13,149,1,3,Powell
-1.8,False,224,13,149,1,3,Powell
-2.0,False,224,13,149,1,3,Powell
-2.2,False,224,13,149,1,3,Powell
-2.4,False,224,13,149,1,3,Powell
-2.6,False,224,13,149,1,3,Powell
-2.8,False,224,13,149,1,3,Powell
-3.0,False,224,13,149,1,3,Powell
-3.2,False,224,13,149,1,3,Powell
-3.4,False,224,13,149,1,3,Powell
-3.6,False,224,13,149,1,3,Powell
-3.8,False,224,13,149,1,3,Powell
-4.0,False,224,13,149,1,3,Powell
-4.2,False,224,13,149,1,3,Powell
-4.4,False,224,13,149,1,3,Powell
-4.6,False,224,13,149,1,3,Powell
-4.8,False,224,13,149,1,3,Powell
-5.0,False,224,13,149,1,3,Powell
-5.2,False,224,13,149,1,3,Powell
-5.4,False,224,13,149,1,3,Powell
-5.6,False,224,13,149,1,3,Powell
-5.8,False,224,13,149,1,3,Powell
-6.0,False,224,13,149,1,3,Powell
-6.2,False,224,13,149,1,3,Powell
-6.4,False,224,13,149,1,3,Powell
-6.6,False,224,13,149,1,3,Powell
-6.8,False,224,13,149,1,3,Powell
-7.0,False,224,13,149,1,3,Powell
-7.2,False,224,13,149,1,3,Powell
-7.4,False,224,13,149,1,3,Powell
-7.6,False,224,13,149,1,3,Powell
-7.8,False,224,13,149,1,3,Powell
-8.0,False,224,13,149,1,3,Powell
2.0,True,17,13,150,1,3,Powell
1.8,True,21,13,150,1,3,Powell
1.6,True,44,13,150,1,3,Powell
1.4,True,44,13,150,1,3,Powell
1.2,True,46,13,150,1,3,Powell
1.0,True,49,13,150,1,3,Powell
0.8,False,250,13,150,1,3,Powell
0.6,False,250,13,150,1,3,Powell
0.4,False,250,13,150,1,3,Powell
0.2,False,250,13,150,1,3,Powell
0.0,False,250,13,150,1,3,Powell
-0.2,False,250,13,150,1,3,Powell
-0.4,False,250,13,150,1,3,Powell
-0.6,False,250,13,150,1,3,Powell
-0.8,False,250,13,150,1,3,Powell
-1.0,False,250,13,150,1,3,Powell
-1.2,False,250,13,150,1,3,Powell
-1.4,False,250,13,150,1,3,Powell
-1.6,False,250,13,150,1,3,Powell
-1.8,False,250,13,150,1,3,Powell
-2.0,False,250,13,150,1,3,Powell
-2.2,False,250,13,150,1,3,Powell
-2.4,False,250,13,150,1,3,Powell
-2.6,False,250,13,150,1,3,Powell
-2.8,False,250,13,150,1,3,Powell
-3.0,False,250,13,150,1,3,Powell
-3.2,False,250,13,150,1,3,Powell
-3.4,False,250,13,150,1,3,Powell
-3.6,False,250,13,150,1,3,Powell
-3.8,False,250,13,150,1,3,Powell
-4.0,False,250,13,150,1,3,Powell
-4.2,False,250,13,150,1,3,Powell
-4.4,False,250,13,150,1,3,Powell
-4.6,False,250,13,150,1,3,Powell
-4.8,False,250,13,150,1,3,Powell
-5.0,False,250,13,150,1,3,Powell
-5.2,False,250,13,150,1,3,Powell
-5.4,False,250,13,150,1,3,Powell
-5.6,False,250,13,150,1,3,Powell
-5.8,False,250,13,150,1,3,Powell
-6.0,False,250,13,150,1,3,Powell
-6.2,False,250,13,150,1,3,Powell
-6.4,False,250,13,150,1,3,Powell
-6.6,False,250,13,150,1,3,Powell
-6.8,False,250,13,150,1,3,Powell
-7.0,False,250,13,150,1,3,Powell
-7.2,False,250,13,150,1,3,Powell
-7.4,False,250,13,150,1,3,Powell
-7.6,False,250,13,150,1,3,Powell
-7.8,False,250,13,150,1,3,Powell
-8.0,False,250,13,150,1,3,Powell
2.0,True,16,13,151,1,3,Powell
1.8,True,28,13,151,1,3,Powell
1.6,True,93,13,151,1,3,Powell
1.4,False,291,13,151,1,3,Powell
1.2,False,291,13,151,1,3,Powell
1.0,False,291,13,151,1,3,Powell
0.8,False,291,13,151,1,3,Powell
0.6,False,291,13,151,1,3,Powell
0.4,False,291,13,151,1,3,Powell
0.2,False,291,13,151,1,3,Powell
0.0,False,291,13,151,1,3,Powell
-0.2,False,291,13,151,1,3,Powell
-0.4,False,291,13,151,1,3,Powell
-0.6,False,291,13,151,1,3,Powell
-0.8,False,291,13,151,1,3,Powell
-1.0,False,291,13,151,1,3,Powell
-1.2,False,291,13,151,1,3,Powell
-1.4,False,291,13,151,1,3,Powell
-1.6,False,291,13,151,1,3,Powell
-1.8,False,291,13,151,1,3,Powell
-2.0,False,291,13,151,1,3,Powell
-2.2,False,291,13,151,1,3,Powell
-2.4,False,291,13,151,1,3,Powell
-2.6,False,291,13,151,1,3,Powell
-2.8,False,291,13,151,1,3,Powell
-3.0,False,291,13,151,1,3,Powell
-3.2,False,291,13,151,1,3,Powell
-3.4,False,291,13,151,1,3,Powell
-3.6,False,291,13,151,1,3,Powell
-3.8,False,291,13,151,1,3,Powell
-4.0,False,291,13,151,1,3,Powell
-4.2,False,291,13,151,1,3,Powell
-4.4,False,291,13,151,1,3,Powell
-4.6,False,291,13,151,1,3,Powell
-4.8,False,291,13,151,1,3,Powell
-5.0,False,291,13,151,1,3,Powell
-5.2,False,291,13,151,1,3,Powell
-5.4,False,291,13,151,1,3,Powell
-5.6,False,291,13,151,1,3,Powell
-5.8,False,291,13,151,1,3,Powell
-6.0,False,291,13,151,1,3,Powell
-6.2,False,291,13,151,1,3,Powell
-6.4,False,291,13,151,1,3,Powell
-6.6,False,291,13,151,1,3,Powell
-6.8,False,291,13,151,1,3,Powell
-7.0,False,291,13,151,1,3,Powell
-7.2,False,291,13,151,1,3,Powell
-7.4,False,291,13,151,1,3,Powell
-7.6,False,291,13,151,1,3,Powell
-7.8,False,291,13,151,1,3,Powell
-8.0,False,291,13,151,1,3,Powell
2.0,True,3,13,152,1,3,Powell
1.8,True,3,13,152,1,3,Powell
1.6,True,7,13,152,1,3,Powell
1.4,True,7,13,152,1,3,Powell
1.2,True,7,13,152,1,3,Powell
1.0,True,30,13,152,1,3,Powell
0.8,True,32,13,152,1,3,Powell
0.6,True,32,13,152,1,3,Powell
0.4,True,32,13,152,1,3,Powell
0.2,False,152,13,152,1,3,Powell
0.0,False,152,13,152,1,3,Powell
-0.2,False,152,13,152,1,3,Powell
-0.4,False,152,13,152,1,3,Powell
-0.6,False,152,13,152,1,3,Powell
-0.8,False,152,13,152,1,3,Powell
-1.0,False,152,13,152,1,3,Powell
-1.2,False,152,13,152,1,3,Powell
-1.4,False,152,13,152,1,3,Powell
-1.6,False,152,13,152,1,3,Powell
-1.8,False,152,13,152,1,3,Powell
-2.0,False,152,13,152,1,3,Powell
-2.2,False,152,13,152,1,3,Powell
-2.4,False,152,13,152,1,3,Powell
-2.6,False,152,13,152,1,3,Powell
-2.8,False,152,13,152,1,3,Powell
-3.0,False,152,13,152,1,3,Powell
-3.2,False,152,13,152,1,3,Powell
-3.4,False,152,13,152,1,3,Powell
-3.6,False,152,13,152,1,3,Powell
-3.8,False,152,13,152,1,3,Powell
-4.0,False,152,13,152,1,3,Powell
-4.2,False,152,13,152,1,3,Powell
-4.4,False,152,13,152,1,3,Powell
-4.6,False,152,13,152,1,3,Powell
-4.8,False,152,13,152,1,3,Powell
-5.0,False,152,13,152,1,3,Powell
-5.2,False,152,13,152,1,3,Powell
-5.4,False,152,13,152,1,3,Powell
-5.6,False,152,13,152,1,3,Powell
-5.8,False,152,13,152,1,3,Powell
-6.0,False,152,13,152,1,3,Powell
-6.2,False,152,13,152,1,3,Powell
-6.4,False,152,13,152,1,3,Powell
-6.6,False,152,13,152,1,3,Powell
-6.8,False,152,13,152,1,3,Powell
-7.0,False,152,13,152,1,3,Powell
-7.2,False,152,13,152,1,3,Powell
-7.4,False,152,13,152,1,3,Powell
-7.6,False,152,13,152,1,3,Powell
-7.8,False,152,13,152,1,3,Powell
-8.0,False,152,13,152,1,3,Powell
2.0,True,55,13,153,1,3,Powell
1.8,True,55,13,153,1,3,Powell
1.6,True,61,13,153,1,3,Powell
1.4,True,61,13,153,1,3,Powell
1.2,False,213,13,153,1,3,Powell
1.0,False,213,13,153,1,3,Powell
0.8,False,213,13,153,1,3,Powell
0.6,False,213,13,153,1,3,Powell
0.4,False,213,13,153,1,3,Powell
0.2,False,213,13,153,1,3,Powell
0.0,False,213,13,153,1,3,Powell
-0.2,False,213,13,153,1,3,Powell
-0.4,False,213,13,153,1,3,Powell
-0.6,False,213,13,153,1,3,Powell
-0.8,False,213,13,153,1,3,Powell
-1.0,False,213,13,153,1,3,Powell
-1.2,False,213,13,153,1,3,Powell
-1.4,False,213,13,153,1,3,Powell
-1.6,False,213,13,153,1,3,Powell
-1.8,False,213,13,153,1,3,Powell
-2.0,False,213,13,153,1,3,Powell
-2.2,False,213,13,153,1,3,Powell
-2.4,False,213,13,153,1,3,Powell
-2.6,False,213,13,153,1,3,Powell
-2.8,False,213,13,153,1,3,Powell
-3.0,False,213,13,153,1,3,Powell
-3.2,False,213,13,153,1,3,Powell
-3.4,False,213,13,153,1,3,Powell
-3.6,False,213,13,153,1,3,Powell
-3.8,False,213,13,153,1,3,Powell
-4.0,False,213,13,153,1,3,Powell
-4.2,False,213,13,153,1,3,Powell
-4.4,False,213,13,153,1,3,Powell
-4.6,False,213,13,153,1,3,Powell
-4.8,False,213,13,153,1,3,Powell
-5.0,False,213,13,153,1,3,Powell
-5.2,False,213,13,153,1,3,Powell
-5.4,False,213,13,153,1,3,Powell
-5.6,False,213,13,153,1,3,Powell
-5.8,False,213,13,153,1,3,Powell
-6.0,False,213,13,153,1,3,Powell
-6.2,False,213,13,153,1,3,Powell
-6.4,False,213,13,153,1,3,Powell
-6.6,False,213,13,153,1,3,Powell
-6.8,False,213,13,153,1,3,Powell
-7.0,False,213,13,153,1,3,Powell
-7.2,False,213,13,153,1,3,Powell
-7.4,False,213,13,153,1,3,Powell
-7.6,False,213,13,153,1,3,Powell
-7.8,False,213,13,153,1,3,Powell
-8.0,False,213,13,153,1,3,Powell
2.0,True,35,13,154,1,3,Powell
1.8,True,46,13,154,1,3,Powell
1.6,True,46,13,154,1,3,Powell
1.4,True,46,13,154,1,3,Powell
1.2,True,60,13,154,1,3,Powell
1.0,True,84,13,154,1,3,Powell
0.8,False,279,13,154,1,3,Powell
0.6,False,279,13,154,1,3,Powell
0.4,False,279,13,154,1,3,Powell
0.2,False,279,13,154,1,3,Powell
0.0,False,279,13,154,1,3,Powell
-0.2,False,279,13,154,1,3,Powell
-0.4,False,279,13,154,1,3,Powell
-0.6,False,279,13,154,1,3,Powell
-0.8,False,279,13,154,1,3,Powell
-1.0,False,279,13,154,1,3,Powell
-1.2,False,279,13,154,1,3,Powell
-1.4,False,279,13,154,1,3,Powell
-1.6,False,279,13,154,1,3,Powell
-1.8,False,279,13,154,1,3,Powell
-2.0,False,279,13,154,1,3,Powell
-2.2,False,279,13,154,1,3,Powell
-2.4,False,279,13,154,1,3,Powell
-2.6,False,279,13,154,1,3,Powell
-2.8,False,279,13,154,1,3,Powell
-3.0,False,279,13,154,1,3,Powell
-3.2,False,279,13,154,1,3,Powell
-3.4,False,279,13,154,1,3,Powell
-3.6,False,279,13,154,1,3,Powell
-3.8,False,279,13,154,1,3,Powell
-4.0,False,279,13,154,1,3,Powell
-4.2,False,279,13,154,1,3,Powell
-4.4,False,279,13,154,1,3,Powell
-4.6,False,279,13,154,1,3,Powell
-4.8,False,279,13,154,1,3,Powell
-5.0,False,279,13,154,1,3,Powell
-5.2,False,279,13,154,1,3,Powell
-5.4,False,279,13,154,1,3,Powell
-5.6,False,279,13,154,1,3,Powell
-5.8,False,279,13,154,1,3,Powell
-6.0,False,279,13,154,1,3,Powell
-6.2,False,279,13,154,1,3,Powell
-6.4,False,279,13,154,1,3,Powell
-6.6,False,279,13,154,1,3,Powell
-6.8,False,279,13,154,1,3,Powell
-7.0,False,279,13,154,1,3,Powell
-7.2,False,279,13,154,1,3,Powell
-7.4,False,279,13,154,1,3,Powell
-7.6,False,279,13,154,1,3,Powell
-7.8,False,279,13,154,1,3,Powell
-8.0,False,279,13,154,1,3,Powell
2.0,True,25,13,155,1,3,Powell
1.8,True,42,13,155,1,3,Powell
1.6,False,172,13,155,1,3,Powell
1.4,False,172,13,155,1,3,Powell
1.2,False,172,13,155,1,3,Powell
1.0,False,172,13,155,1,3,Powell
0.8,False,172,13,155,1,3,Powell
0.6,False,172,13,155,1,3,Powell
0.4,False,172,13,155,1,3,Powell
0.2,False,172,13,155,1,3,Powell
0.0,False,172,13,155,1,3,Powell
-0.2,False,172,13,155,1,3,Powell
-0.4,False,172,13,155,1,3,Powell
-0.6,False,172,13,155,1,3,Powell
-0.8,False,172,13,155,1,3,Powell
-1.0,False,172,13,155,1,3,Powell
-1.2,False,172,13,155,1,3,Powell
-1.4,False,172,13,155,1,3,Powell
-1.6,False,172,13,155,1,3,Powell
-1.8,False,172,13,155,1,3,Powell
-2.0,False,172,13,155,1,3,Powell
-2.2,False,172,13,155,1,3,Powell
-2.4,False,172,13,155,1,3,Powell
-2.6,False,172,13,155,1,3,Powell
-2.8,False,172,13,155,1,3,Powell
-3.0,False,172,13,155,1,3,Powell
-3.2,False,172,13,155,1,3,Powell
-3.4,False,172,13,155,1,3,Powell
-3.6,False,172,13,155,1,3,Powell
-3.8,False,172,13,155,1,3,Powell
-4.0,False,172,13,155,1,3,Powell
-4.2,False,172,13,155,1,3,Powell
-4.4,False,172,13,155,1,3,Powell
-4.6,False,172,13,155,1,3,Powell
-4.8,False,172,13,155,1,3,Powell
-5.0,False,172,13,155,1,3,Powell
-5.2,False,172,13,155,1,3,Powell
-5.4,False,172,13,155,1,3,Powell
-5.6,False,172,13,155,1,3,Powell
-5.8,False,172,13,155,1,3,Powell
-6.0,False,172,13,155,1,3,Powell
-6.2,False,172,13,155,1,3,Powell
-6.4,False,172,13,155,1,3,Powell
-6.6,False,172,13,155,1,3,Powell
-6.8,False,172,13,155,1,3,Powell
-7.0,False,172,13,155,1,3,Powell
-7.2,False,172,13,155,1,3,Powell
-7.4,False,172,13,155,1,3,Powell
-7.6,False,172,13,155,1,3,Powell
-7.8,False,172,13,155,1,3,Powell
-8.0,False,172,13,155,1,3,Powell
2.0,True,34,13,156,1,3,Powell
1.8,True,45,13,156,1,3,Powell
1.6,True,53,13,156,1,3,Powell
1.4,True,53,13,156,1,3,Powell
1.2,True,64,13,156,1,3,Powell
1.0,True,64,13,156,1,3,Powell
0.8,True,77,13,156,1,3,Powell
0.6,True,89,13,156,1,3,Powell
0.4,True,90,13,156,1,3,Powell
0.2,True,104,13,156,1,3,Powell
0.0,True,104,13,156,1,3,Powell
-0.2,True,120,13,156,1,3,Powell
-0.4,True,135,13,156,1,3,Powell
-0.6,True,135,13,156,1,3,Powell
-0.8,True,150,13,156,1,3,Powell
-1.0,True,150,13,156,1,3,Powell
-1.2,True,168,13,156,1,3,Powell
-1.4,True,184,13,156,1,3,Powell
-1.6,True,187,13,156,1,3,Powell
-1.8,True,206,13,156,1,3,Powell
-2.0,True,206,13,156,1,3,Powell
-2.2,True,226,13,156,1,3,Powell
-2.4,True,245,13,156,1,3,Powell
-2.6,True,245,13,156,1,3,Powell
-2.8,True,267,13,156,1,3,Powell
-3.0,True,267,13,156,1,3,Powell
-3.2,True,310,13,156,1,3,Powell
-3.4,True,336,13,156,1,3,Powell
-3.6,True,361,13,156,1,3,Powell
-3.8,False,390,13,156,1,3,Powell
-4.0,False,390,13,156,1,3,Powell
-4.2,False,390,13,156,1,3,Powell
-4.4,False,390,13,156,1,3,Powell
-4.6,False,390,13,156,1,3,Powell
-4.8,False,390,13,156,1,3,Powell
-5.0,False,390,13,156,1,3,Powell
-5.2,False,390,13,156,1,3,Powell
-5.4,False,390,13,156,1,3,Powell
-5.6,False,390,13,156,1,3,Powell
-5.8,False,390,13,156,1,3,Powell
-6.0,False,390,13,156,1,3,Powell
-6.2,False,390,13,156,1,3,Powell
-6.4,False,390,13,156,1,3,Powell
-6.6,False,390,13,156,1,3,Powell
-6.8,False,390,13,156,1,3,Powell
-7.0,False,390,13,156,1,3,Powell
-7.2,False,390,13,156,1,3,Powell
-7.4,False,390,13,156,1,3,Powell
-7.6,False,390,13,156,1,3,Powell
-7.8,False,390,13,156,1,3,Powell
-8.0,False,390,13,156,1,3,Powell
2.0,True,23,13,157,1,3,Powell
1.8,True,25,13,157,1,3,Powell
1.6,True,25,13,157,1,3,Powell
1.4,True,63,13,157,1,3,Powell
1.2,False,178,13,157,1,3,Powell
1.0,False,178,13,157,1,3,Powell
0.8,False,178,13,157,1,3,Powell
0.6,False,178,13,157,1,3,Powell
0.4,False,178,13,157,1,3,Powell
0.2,False,178,13,157,1,3,Powell
0.0,False,178,13,157,1,3,Powell
-0.2,False,178,13,157,1,3,Powell
-0.4,False,178,13,157,1,3,Powell
-0.6,False,178,13,157,1,3,Powell
-0.8,False,178,13,157,1,3,Powell
-1.0,False,178,13,157,1,3,Powell
-1.2,False,178,13,157,1,3,Powell
-1.4,False,178,13,157,1,3,Powell
-1.6,False,178,13,157,1,3,Powell
-1.8,False,178,13,157,1,3,Powell
-2.0,False,178,13,157,1,3,Powell
-2.2,False,178,13,157,1,3,Powell
-2.4,False,178,13,157,1,3,Powell
-2.6,False,178,13,157,1,3,Powell
-2.8,False,178,13,157,1,3,Powell
-3.0,False,178,13,157,1,3,Powell
-3.2,False,178,13,157,1,3,Powell
-3.4,False,178,13,157,1,3,Powell
-3.6,False,178,13,157,1,3,Powell
-3.8,False,178,13,157,1,3,Powell
-4.0,False,178,13,157,1,3,Powell
-4.2,False,178,13,157,1,3,Powell
-4.4,False,178,13,157,1,3,Powell
-4.6,False,178,13,157,1,3,Powell
-4.8,False,178,13,157,1,3,Powell
-5.0,False,178,13,157,1,3,Powell
-5.2,False,178,13,157,1,3,Powell
-5.4,False,178,13,157,1,3,Powell
-5.6,False,178,13,157,1,3,Powell
-5.8,False,178,13,157,1,3,Powell
-6.0,False,178,13,157,1,3,Powell
-6.2,False,178,13,157,1,3,Powell
-6.4,False,178,13,157,1,3,Powell
-6.6,False,178,13,157,1,3,Powell
-6.8,False,178,13,157,1,3,Powell
-7.0,False,178,13,157,1,3,Powell
-7.2,False,178,13,157,1,3,Powell
-7.4,False,178,13,157,1,3,Powell
-7.6,False,178,13,157,1,3,Powell
-7.8,False,178,13,157,1,3,Powell
-8.0,False,178,13,157,1,3,Powell
2.0,True,35,13,158,1,3,Powell
1.8,True,43,13,158,1,3,Powell
1.6,True,64,13,158,1,3,Powell
1.4,True,65,13,158,1,3,Powell
1.2,True,65,13,158,1,3,Powell
1.0,True,67,13,158,1,3,Powell
0.8,True,67,13,158,1,3,Powell
0.6,True,67,13,158,1,3,Powell
0.4,True,81,13,158,1,3,Powell
0.2,False,195,13,158,1,3,Powell
0.0,False,195,13,158,1,3,Powell
-0.2,False,195,13,158,1,3,Powell
-0.4,False,195,13,158,1,3,Powell
-0.6,False,195,13,158,1,3,Powell
-0.8,False,195,13,158,1,3,Powell
-1.0,False,195,13,158,1,3,Powell
-1.2,False,195,13,158,1,3,Powell
-1.4,False,195,13,158,1,3,Powell
-1.6,False,195,13,158,1,3,Powell
-1.8,False,195,13,158,1,3,Powell
-2.0,False,195,13,158,1,3,Powell
-2.2,False,195,13,158,1,3,Powell
-2.4,False,195,13,158,1,3,Powell
-2.6,False,195,13,158,1,3,Powell
-2.8,False,195,13,158,1,3,Powell
-3.0,False,195,13,158,1,3,Powell
-3.2,False,195,13,158,1,3,Powell
-3.4,False,195,13,158,1,3,Powell
-3.6,False,195,13,158,1,3,Powell
-3.8,False,195,13,158,1,3,Powell
-4.0,False,195,13,158,1,3,Powell
-4.2,False,195,13,158,1,3,Powell
-4.4,False,195,13,158,1,3,Powell
-4.6,False,195,13,158,1,3,Powell
-4.8,False,195,13,158,1,3,Powell
-5.0,False,195,13,158,1,3,Powell
-5.2,False,195,13,158,1,3,Powell
-5.4,False,195,13,158,1,3,Powell
-5.6,False,195,13,158,1,3,Powell
-5.8,False,195,13,158,1,3,Powell
-6.0,False,195,13,158,1,3,Powell
-6.2,False,195,13,158,1,3,Powell
-6.4,False,195,13,158,1,3,Powell
-6.6,False,195,13,158,1,3,Powell
-6.8,False,195,13,158,1,3,Powell
-7.0,False,195,13,158,1,3,Powell
-7.2,False,195,13,158,1,3,Powell
-7.4,False,195,13,158,1,3,Powell
-7.6,False,195,13,158,1,3,Powell
-7.8,False,195,13,158,1,3,Powell
-8.0,False,195,13,158,1,3,Powell
2.0,True,23,13,159,1,3,Powell
1.8,True,26,13,159,1,3,Powell
1.6,False,142,13,159,1,3,Powell
1.4,False,142,13,159,1,3,Powell
1.2,False,142,13,159,1,3,Powell
1.0,False,142,13,159,1,3,Powell
0.8,False,142,13,159,1,3,Powell
0.6,False,142,13,159,1,3,Powell
0.4,False,142,13,159,1,3,Powell
0.2,False,142,13,159,1,3,Powell
0.0,False,142,13,159,1,3,Powell
-0.2,False,142,13,159,1,3,Powell
-0.4,False,142,13,159,1,3,Powell
-0.6,False,142,13,159,1,3,Powell
-0.8,False,142,13,159,1,3,Powell
-1.0,False,142,13,159,1,3,Powell
-1.2,False,142,13,159,1,3,Powell
-1.4,False,142,13,159,1,3,Powell
-1.6,False,142,13,159,1,3,Powell
-1.8,False,142,13,159,1,3,Powell
-2.0,False,142,13,159,1,3,Powell
-2.2,False,142,13,159,1,3,Powell
-2.4,False,142,13,159,1,3,Powell
-2.6,False,142,13,159,1,3,Powell
-2.8,False,142,13,159,1,3,Powell
-3.0,False,142,13,159,1,3,Powell
-3.2,False,142,13,159,1,3,Powell
-3.4,False,142,13,159,1,3,Powell
-3.6,False,142,13,159,1,3,Powell
-3.8,False,142,13,159,1,3,Powell
-4.0,False,142,13,159,1,3,Powell
-4.2,False,142,13,159,1,3,Powell
-4.4,False,142,13,159,1,3,Powell
-4.6,False,142,13,159,1,3,Powell
-4.8,False,142,13,159,1,3,Powell
-5.0,False,142,13,159,1,3,Powell
-5.2,False,142,13,159,1,3,Powell
-5.4,False,142,13,159,1,3,Powell
-5.6,False,142,13,159,1,3,Powell
-5.8,False,142,13,159,1,3,Powell
-6.0,False,142,13,159,1,3,Powell
-6.2,False,142,13,159,1,3,Powell
-6.4,False,142,13,159,1,3,Powell
-6.6,False,142,13,159,1,3,Powell
-6.8,False,142,13,159,1,3,Powell
-7.0,False,142,13,159,1,3,Powell
-7.2,False,142,13,159,1,3,Powell
-7.4,False,142,13,159,1,3,Powell
-7.6,False,142,13,159,1,3,Powell
-7.8,False,142,13,159,1,3,Powell
-8.0,False,142,13,159,1,3,Powell
2.0,True,28,13,160,1,3,Powell
1.8,True,34,13,160,1,3,Powell
1.6,False,241,13,160,1,3,Powell
1.4,False,241,13,160,1,3,Powell
1.2,False,241,13,160,1,3,Powell
1.0,False,241,13,160,1,3,Powell
0.8,False,241,13,160,1,3,Powell
0.6,False,241,13,160,1,3,Powell
0.4,False,241,13,160,1,3,Powell
0.2,False,241,13,160,1,3,Powell
0.0,False,241,13,160,1,3,Powell
-0.2,False,241,13,160,1,3,Powell
-0.4,False,241,13,160,1,3,Powell
-0.6,False,241,13,160,1,3,Powell
-0.8,False,241,13,160,1,3,Powell
-1.0,False,241,13,160,1,3,Powell
-1.2,False,241,13,160,1,3,Powell
-1.4,False,241,13,160,1,3,Powell
-1.6,False,241,13,160,1,3,Powell
-1.8,False,241,13,160,1,3,Powell
-2.0,False,241,13,160,1,3,Powell
-2.2,False,241,13,160,1,3,Powell
-2.4,False,241,13,160,1,3,Powell
-2.6,False,241,13,160,1,3,Powell
-2.8,False,241,13,160,1,3,Powell
-3.0,False,241,13,160,1,3,Powell
-3.2,False,241,13,160,1,3,Powell
-3.4,False,241,13,160,1,3,Powell
-3.6,False,241,13,160,1,3,Powell
-3.8,False,241,13,160,1,3,Powell
-4.0,False,241,13,160,1,3,Powell
-4.2,False,241,13,160,1,3,Powell
-4.4,False,241,13,160,1,3,Powell
-4.6,False,241,13,160,1,3,Powell
-4.8,False,241,13,160,1,3,Powell
-5.0,False,241,13,160,1,3,Powell
-5.2,False,241,13,160,1,3,Powell
-5.4,False,241,13,160,1,3,Powell
-5.6,False,241,13,160,1,3,Powell
-5.8,False,241,13,160,1,3,Powell
-6.0,False,241,13,160,1,3,Powell
-6.2,False,241,13,160,1,3,Powell
-6.4,False,241,13,160,1,3,Powell
-6.6,False,241,13,160,1,3,Powell
-6.8,False,241,13,160,1,3,Powell
-7.0,False,241,13,160,1,3,Powell
-7.2,False,241,13,160,1,3,Powell
-7.4,False,241,13,160,1,3,Powell
-7.6,False,241,13,160,1,3,Powell
-7.8,False,241,13,160,1,3,Powell
-8.0,False,241,13,160,1,3,Powell
2.0,True,58,13,161,1,3,Powell
1.8,True,63,13,161,1,3,Powell
1.6,False,242,13,161,1,3,Powell
1.4,False,242,13,161,1,3,Powell
1.2,False,242,13,161,1,3,Powell
1.0,False,242,13,161,1,3,Powell
0.8,False,242,13,161,1,3,Powell
0.6,False,242,13,161,1,3,Powell
0.4,False,242,13,161,1,3,Powell
0.2,False,242,13,161,1,3,Powell
0.0,False,242,13,161,1,3,Powell
-0.2,False,242,13,161,1,3,Powell
-0.4,False,242,13,161,1,3,Powell
-0.6,False,242,13,161,1,3,Powell
-0.8,False,242,13,161,1,3,Powell
-1.0,False,242,13,161,1,3,Powell
-1.2,False,242,13,161,1,3,Powell
-1.4,False,242,13,161,1,3,Powell
-1.6,False,242,13,161,1,3,Powell
-1.8,False,242,13,161,1,3,Powell
-2.0,False,242,13,161,1,3,Powell
-2.2,False,242,13,161,1,3,Powell
-2.4,False,242,13,161,1,3,Powell
-2.6,False,242,13,161,1,3,Powell
-2.8,False,242,13,161,1,3,Powell
-3.0,False,242,13,161,1,3,Powell
-3.2,False,242,13,161,1,3,Powell
-3.4,False,242,13,161,1,3,Powell
-3.6,False,242,13,161,1,3,Powell
-3.8,False,242,13,161,1,3,Powell
-4.0,False,242,13,161,1,3,Powell
-4.2,False,242,13,161,1,3,Powell
-4.4,False,242,13,161,1,3,Powell
-4.6,False,242,13,161,1,3,Powell
-4.8,False,242,13,161,1,3,Powell
-5.0,False,242,13,161,1,3,Powell
-5.2,False,242,13,161,1,3,Powell
-5.4,False,242,13,161,1,3,Powell
-5.6,False,242,13,161,1,3,Powell
-5.8,False,242,13,161,1,3,Powell
-6.0,False,242,13,161,1,3,Powell
-6.2,False,242,13,161,1,3,Powell
-6.4,False,242,13,161,1,3,Powell
-6.6,False,242,13,161,1,3,Powell
-6.8,False,242,13,161,1,3,Powell
-7.0,False,242,13,161,1,3,Powell
-7.2,False,242,13,161,1,3,Powell
-7.4,False,242,13,161,1,3,Powell
-7.6,False,242,13,161,1,3,Powell
-7.8,False,242,13,161,1,3,Powell
-8.0,False,242,13,161,1,3,Powell
2.0,True,10,13,162,1,3,Powell
1.8,True,28,13,162,1,3,Powell
1.6,False,274,13,162,1,3,Powell
1.4,False,274,13,162,1,3,Powell
1.2,False,274,13,162,1,3,Powell
1.0,False,274,13,162,1,3,Powell
0.8,False,274,13,162,1,3,Powell
0.6,False,274,13,162,1,3,Powell
0.4,False,274,13,162,1,3,Powell
0.2,False,274,13,162,1,3,Powell
0.0,False,274,13,162,1,3,Powell
-0.2,False,274,13,162,1,3,Powell
-0.4,False,274,13,162,1,3,Powell
-0.6,False,274,13,162,1,3,Powell
-0.8,False,274,13,162,1,3,Powell
-1.0,False,274,13,162,1,3,Powell
-1.2,False,274,13,162,1,3,Powell
-1.4,False,274,13,162,1,3,Powell
-1.6,False,274,13,162,1,3,Powell
-1.8,False,274,13,162,1,3,Powell
-2.0,False,274,13,162,1,3,Powell
-2.2,False,274,13,162,1,3,Powell
-2.4,False,274,13,162,1,3,Powell
-2.6,False,274,13,162,1,3,Powell
-2.8,False,274,13,162,1,3,Powell
-3.0,False,274,13,162,1,3,Powell
-3.2,False,274,13,162,1,3,Powell
-3.4,False,274,13,162,1,3,Powell
-3.6,False,274,13,162,1,3,Powell
-3.8,False,274,13,162,1,3,Powell
-4.0,False,274,13,162,1,3,Powell
-4.2,False,274,13,162,1,3,Powell
-4.4,False,274,13,162,1,3,Powell
-4.6,False,274,13,162,1,3,Powell
-4.8,False,274,13,162,1,3,Powell
-5.0,False,274,13,162,1,3,Powell
-5.2,False,274,13,162,1,3,Powell
-5.4,False,274,13,162,1,3,Powell
-5.6,False,274,13,162,1,3,Powell
-5.8,False,274,13,162,1,3,Powell
-6.0,False,274,13,162,1,3,Powell
-6.2,False,274,13,162,1,3,Powell
-6.4,False,274,13,162,1,3,Powell
-6.6,False,274,13,162,1,3,Powell
-6.8,False,274,13,162,1,3,Powell
-7.0,False,274,13,162,1,3,Powell
-7.2,False,274,13,162,1,3,Powell
-7.4,False,274,13,162,1,3,Powell
-7.6,False,274,13,162,1,3,Powell
-7.8,False,274,13,162,1,3,Powell
-8.0,False,274,13,162,1,3,Powell
2.0,True,19,13,163,1,3,Powell
1.8,True,19,13,163,1,3,Powell
1.6,True,21,13,163,1,3,Powell
1.4,True,31,13,163,1,3,Powell
1.2,True,31,13,163,1,3,Powell
1.0,True,33,13,163,1,3,Powell
0.8,False,155,13,163,1,3,Powell
0.6,False,155,13,163,1,3,Powell
0.4,False,155,13,163,1,3,Powell
0.2,False,155,13,163,1,3,Powell
0.0,False,155,13,163,1,3,Powell
-0.2,False,155,13,163,1,3,Powell
-0.4,False,155,13,163,1,3,Powell
-0.6,False,155,13,163,1,3,Powell
-0.8,False,155,13,163,1,3,Powell
-1.0,False,155,13,163,1,3,Powell
-1.2,False,155,13,163,1,3,Powell
-1.4,False,155,13,163,1,3,Powell
-1.6,False,155,13,163,1,3,Powell
-1.8,False,155,13,163,1,3,Powell
-2.0,False,155,13,163,1,3,Powell
-2.2,False,155,13,163,1,3,Powell
-2.4,False,155,13,163,1,3,Powell
-2.6,False,155,13,163,1,3,Powell
-2.8,False,155,13,163,1,3,Powell
-3.0,False,155,13,163,1,3,Powell
-3.2,False,155,13,163,1,3,Powell
-3.4,False,155,13,163,1,3,Powell
-3.6,False,155,13,163,1,3,Powell
-3.8,False,155,13,163,1,3,Powell
-4.0,False,155,13,163,1,3,Powell
-4.2,False,155,13,163,1,3,Powell
-4.4,False,155,13,163,1,3,Powell
-4.6,False,155,13,163,1,3,Powell
-4.8,False,155,13,163,1,3,Powell
-5.0,False,155,13,163,1,3,Powell
-5.2,False,155,13,163,1,3,Powell
-5.4,False,155,13,163,1,3,Powell
-5.6,False,155,13,163,1,3,Powell
-5.8,False,155,13,163,1,3,Powell
-6.0,False,155,13,163,1,3,Powell
-6.2,False,155,13,163,1,3,Powell
-6.4,False,155,13,163,1,3,Powell
-6.6,False,155,13,163,1,3,Powell
-6.8,False,155,13,163,1,3,Powell
-7.0,False,155,13,163,1,3,Powell
-7.2,False,155,13,163,1,3,Powell
-7.4,False,155,13,163,1,3,Powell
-7.6,False,155,13,163,1,3,Powell
-7.8,False,155,13,163,1,3,Powell
-8.0,False,155,13,163,1,3,Powell
2.0,True,53,13,164,1,3,Powell
1.8,True,55,13,164,1,3,Powell
1.6,True,55,13,164,1,3,Powell
1.4,True,58,13,164,1,3,Powell
1.2,False,165,13,164,1,3,Powell
1.0,False,165,13,164,1,3,Powell
0.8,False,165,13,164,1,3,Powell
0.6,False,165,13,164,1,3,Powell
0.4,False,165,13,164,1,3,Powell
0.2,False,165,13,164,1,3,Powell
0.0,False,165,13,164,1,3,Powell
-0.2,False,165,13,164,1,3,Powell
-0.4,False,165,13,164,1,3,Powell
-0.6,False,165,13,164,1,3,Powell
-0.8,False,165,13,164,1,3,Powell
-1.0,False,165,13,164,1,3,Powell
-1.2,False,165,13,164,1,3,Powell
-1.4,False,165,13,164,1,3,Powell
-1.6,False,165,13,164,1,3,Powell
-1.8,False,165,13,164,1,3,Powell
-2.0,False,165,13,164,1,3,Powell
-2.2,False,165,13,164,1,3,Powell
-2.4,False,165,13,164,1,3,Powell
-2.6,False,165,13,164,1,3,Powell
-2.8,False,165,13,164,1,3,Powell
-3.0,False,165,13,164,1,3,Powell
-3.2,False,165,13,164,1,3,Powell
-3.4,False,165,13,164,1,3,Powell
-3.6,False,165,13,164,1,3,Powell
-3.8,False,165,13,164,1,3,Powell
-4.0,False,165,13,164,1,3,Powell
-4.2,False,165,13,164,1,3,Powell
-4.4,False,165,13,164,1,3,Powell
-4.6,False,165,13,164,1,3,Powell
-4.8,False,165,13,164,1,3,Powell
-5.0,False,165,13,164,1,3,Powell
-5.2,False,165,13,164,1,3,Powell
-5.4,False,165,13,164,1,3,Powell
-5.6,False,165,13,164,1,3,Powell
-5.8,False,165,13,164,1,3,Powell
-6.0,False,165,13,164,1,3,Powell
-6.2,False,165,13,164,1,3,Powell
-6.4,False,165,13,164,1,3,Powell
-6.6,False,165,13,164,1,3,Powell
-6.8,False,165,13,164,1,3,Powell
-7.0,False,165,13,164,1,3,Powell
-7.2,False,165,13,164,1,3,Powell
-7.4,False,165,13,164,1,3,Powell
-7.6,False,165,13,164,1,3,Powell
-7.8,False,165,13,164,1,3,Powell
-8.0,False,165,13,164,1,3,Powell
2.0,True,40,13,165,1,3,Powell
1.8,True,57,13,165,1,3,Powell
1.6,True,57,13,165,1,3,Powell
1.4,True,57,13,165,1,3,Powell
1.2,True,57,13,165,1,3,Powell
1.0,True,57,13,165,1,3,Powell
0.8,True,64,13,165,1,3,Powell
0.6,True,66,13,165,1,3,Powell
0.4,True,76,13,165,1,3,Powell
0.2,True,76,13,165,1,3,Powell
0.0,True,76,13,165,1,3,Powell
-0.2,True,76,13,165,1,3,Powell
-0.4,True,76,13,165,1,3,Powell
-0.6,True,76,13,165,1,3,Powell
-0.8,True,76,13,165,1,3,Powell
-1.0,True,76,13,165,1,3,Powell
-1.2,True,93,13,165,1,3,Powell
-1.4,True,129,13,165,1,3,Powell
-1.6,True,131,13,165,1,3,Powell
-1.8,True,131,13,165,1,3,Powell
-2.0,False,246,13,165,1,3,Powell
-2.2,False,246,13,165,1,3,Powell
-2.4,False,246,13,165,1,3,Powell
-2.6,False,246,13,165,1,3,Powell
-2.8,False,246,13,165,1,3,Powell
-3.0,False,246,13,165,1,3,Powell
-3.2,False,246,13,165,1,3,Powell
-3.4,False,246,13,165,1,3,Powell
-3.6,False,246,13,165,1,3,Powell
-3.8,False,246,13,165,1,3,Powell
-4.0,False,246,13,165,1,3,Powell
-4.2,False,246,13,165,1,3,Powell
-4.4,False,246,13,165,1,3,Powell
-4.6,False,246,13,165,1,3,Powell
-4.8,False,246,13,165,1,3,Powell
-5.0,False,246,13,165,1,3,Powell
-5.2,False,246,13,165,1,3,Powell
-5.4,False,246,13,165,1,3,Powell
-5.6,False,246,13,165,1,3,Powell
-5.8,False,246,13,165,1,3,Powell
-6.0,False,246,13,165,1,3,Powell
-6.2,False,246,13,165,1,3,Powell
-6.4,False,246,13,165,1,3,Powell
-6.6,False,246,13,165,1,3,Powell
-6.8,False,246,13,165,1,3,Powell
-7.0,False,246,13,165,1,3,Powell
-7.2,False,246,13,165,1,3,Powell
-7.4,False,246,13,165,1,3,Powell
-7.6,False,246,13,165,1,3,Powell
-7.8,False,246,13,165,1,3,Powell
-8.0,False,246,13,165,1,3,Powell
2.0,True,12,13,166,1,3,Powell
1.8,True,23,13,166,1,3,Powell
1.6,True,35,13,166,1,3,Powell
1.4,True,35,13,166,1,3,Powell
1.2,True,35,13,166,1,3,Powell
1.0,True,46,13,166,1,3,Powell
0.8,True,49,13,166,1,3,Powell
0.6,True,73,13,166,1,3,Powell
0.4,True,73,13,166,1,3,Powell
0.2,True,87,13,166,1,3,Powell
0.0,True,100,13,166,1,3,Powell
-0.2,True,117,13,166,1,3,Powell
-0.4,False,279,13,166,1,3,Powell
-0.6,False,279,13,166,1,3,Powell
-0.8,False,279,13,166,1,3,Powell
-1.0,False,279,13,166,1,3,Powell
-1.2,False,279,13,166,1,3,Powell
-1.4,False,279,13,166,1,3,Powell
-1.6,False,279,13,166,1,3,Powell
-1.8,False,279,13,166,1,3,Powell
-2.0,False,279,13,166,1,3,Powell
-2.2,False,279,13,166,1,3,Powell
-2.4,False,279,13,166,1,3,Powell
-2.6,False,279,13,166,1,3,Powell
-2.8,False,279,13,166,1,3,Powell
-3.0,False,279,13,166,1,3,Powell
-3.2,False,279,13,166,1,3,Powell
-3.4,False,279,13,166,1,3,Powell
-3.6,False,279,13,166,1,3,Powell
-3.8,False,279,13,166,1,3,Powell
-4.0,False,279,13,166,1,3,Powell
-4.2,False,279,13,166,1,3,Powell
-4.4,False,279,13,166,1,3,Powell
-4.6,False,279,13,166,1,3,Powell
-4.8,False,279,13,166,1,3,Powell
-5.0,False,279,13,166,1,3,Powell
-5.2,False,279,13,166,1,3,Powell
-5.4,False,279,13,166,1,3,Powell
-5.6,False,279,13,166,1,3,Powell
-5.8,False,279,13,166,1,3,Powell
-6.0,False,279,13,166,1,3,Powell
-6.2,False,279,13,166,1,3,Powell
-6.4,False,279,13,166,1,3,Powell
-6.6,False,279,13,166,1,3,Powell
-6.8,False,279,13,166,1,3,Powell
-7.0,False,279,13,166,1,3,Powell
-7.2,False,279,13,166,1,3,Powell
-7.4,False,279,13,166,1,3,Powell
-7.6,False,279,13,166,1,3,Powell
-7.8,False,279,13,166,1,3,Powell
-8.0,False,279,13,166,1,3,Powell
2.0,True,6,13,167,1,3,Powell
1.8,True,6,13,167,1,3,Powell
1.6,True,27,13,167,1,3,Powell
1.4,True,27,13,167,1,3,Powell
1.2,True,60,13,167,1,3,Powell
1.0,True,62,13,167,1,3,Powell
0.8,True,99,13,167,1,3,Powell
0.6,True,174,13,167,1,3,Powell
0.4,False,363,13,167,1,3,Powell
0.2,False,363,13,167,1,3,Powell
0.0,False,363,13,167,1,3,Powell
-0.2,False,363,13,167,1,3,Powell
-0.4,False,363,13,167,1,3,Powell
-0.6,False,363,13,167,1,3,Powell
-0.8,False,363,13,167,1,3,Powell
-1.0,False,363,13,167,1,3,Powell
-1.2,False,363,13,167,1,3,Powell
-1.4,False,363,13,167,1,3,Powell
-1.6,False,363,13,167,1,3,Powell
-1.8,False,363,13,167,1,3,Powell
-2.0,False,363,13,167,1,3,Powell
-2.2,False,363,13,167,1,3,Powell
-2.4,False,363,13,167,1,3,Powell
-2.6,False,363,13,167,1,3,Powell
-2.8,False,363,13,167,1,3,Powell
-3.0,False,363,13,167,1,3,Powell
-3.2,False,363,13,167,1,3,Powell
-3.4,False,363,13,167,1,3,Powell
-3.6,False,363,13,167,1,3,Powell
-3.8,False,363,13,167,1,3,Powell
-4.0,False,363,13,167,1,3,Powell
-4.2,False,363,13,167,1,3,Powell
-4.4,False,363,13,167,1,3,Powell
-4.6,False,363,13,167,1,3,Powell
-4.8,False,363,13,167,1,3,Powell
-5.0,False,363,13,167,1,3,Powell
-5.2,False,363,13,167,1,3,Powell
-5.4,False,363,13,167,1,3,Powell
-5.6,False,363,13,167,1,3,Powell
-5.8,False,363,13,167,1,3,Powell
-6.0,False,363,13,167,1,3,Powell
-6.2,False,363,13,167,1,3,Powell
-6.4,False,363,13,167,1,3,Powell
-6.6,False,363,13,167,1,3,Powell
-6.8,False,363,13,167,1,3,Powell
-7.0,False,363,13,167,1,3,Powell
-7.2,False,363,13,167,1,3,Powell
-7.4,False,363,13,167,1,3,Powell
-7.6,False,363,13,167,1,3,Powell
-7.8,False,363,13,167,1,3,Powell
-8.0,False,363,13,167,1,3,Powell
2.0,True,15,13,168,1,3,Powell
1.8,True,15,13,168,1,3,Powell
1.6,True,17,13,168,1,3,Powell
1.4,True,26,13,168,1,3,Powell
1.2,True,26,13,168,1,3,Powell
1.0,True,50,13,168,1,3,Powell
0.8,True,50,13,168,1,3,Powell
0.6,True,50,13,168,1,3,Powell
0.4,True,50,13,168,1,3,Powell
0.2,True,50,13,168,1,3,Powell
0.0,True,50,13,168,1,3,Powell
-0.2,True,53,13,168,1,3,Powell
-0.4,True,102,13,168,1,3,Powell
-0.6,False,206,13,168,1,3,Powell
-0.8,False,206,13,168,1,3,Powell
-1.0,False,206,13,168,1,3,Powell
-1.2,False,206,13,168,1,3,Powell
-1.4,False,206,13,168,1,3,Powell
-1.6,False,206,13,168,1,3,Powell
-1.8,False,206,13,168,1,3,Powell
-2.0,False,206,13,168,1,3,Powell
-2.2,False,206,13,168,1,3,Powell
-2.4,False,206,13,168,1,3,Powell
-2.6,False,206,13,168,1,3,Powell
-2.8,False,206,13,168,1,3,Powell
-3.0,False,206,13,168,1,3,Powell
-3.2,False,206,13,168,1,3,Powell
-3.4,False,206,13,168,1,3,Powell
-3.6,False,206,13,168,1,3,Powell
-3.8,False,206,13,168,1,3,Powell
-4.0,False,206,13,168,1,3,Powell
-4.2,False,206,13,168,1,3,Powell
-4.4,False,206,13,168,1,3,Powell
-4.6,False,206,13,168,1,3,Powell
-4.8,False,206,13,168,1,3,Powell
-5.0,False,206,13,168,1,3,Powell
-5.2,False,206,13,168,1,3,Powell
-5.4,False,206,13,168,1,3,Powell
-5.6,False,206,13,168,1,3,Powell
-5.8,False,206,13,168,1,3,Powell
-6.0,False,206,13,168,1,3,Powell
-6.2,False,206,13,168,1,3,Powell
-6.4,False,206,13,168,1,3,Powell
-6.6,False,206,13,168,1,3,Powell
-6.8,False,206,13,168,1,3,Powell
-7.0,False,206,13,168,1,3,Powell
-7.2,False,206,13,168,1,3,Powell
-7.4,False,206,13,168,1,3,Powell
-7.6,False,206,13,168,1,3,Powell
-7.8,False,206,13,168,1,3,Powell
-8.0,False,206,13,168,1,3,Powell
2.0,True,24,13,169,1,3,Powell
1.8,True,27,13,169,1,3,Powell
1.6,True,56,13,169,1,3,Powell
1.4,True,56,13,169,1,3,Powell
1.2,True,92,13,169,1,3,Powell
1.0,False,371,13,169,1,3,Powell
0.8,False,371,13,169,1,3,Powell
0.6,False,371,13,169,1,3,Powell
0.4,False,371,13,169,1,3,Powell
0.2,False,371,13,169,1,3,Powell
0.0,False,371,13,169,1,3,Powell
-0.2,False,371,13,169,1,3,Powell
-0.4,False,371,13,169,1,3,Powell
-0.6,False,371,13,169,1,3,Powell
-0.8,False,371,13,169,1,3,Powell
-1.0,False,371,13,169,1,3,Powell
-1.2,False,371,13,169,1,3,Powell
-1.4,False,371,13,169,1,3,Powell
-1.6,False,371,13,169,1,3,Powell
-1.8,False,371,13,169,1,3,Powell
-2.0,False,371,13,169,1,3,Powell
-2.2,False,371,13,169,1,3,Powell
-2.4,False,371,13,169,1,3,Powell
-2.6,False,371,13,169,1,3,Powell
-2.8,False,371,13,169,1,3,Powell
-3.0,False,371,13,169,1,3,Powell
-3.2,False,371,13,169,1,3,Powell
-3.4,False,371,13,169,1,3,Powell
-3.6,False,371,13,169,1,3,Powell
-3.8,False,371,13,169,1,3,Powell
-4.0,False,371,13,169,1,3,Powell
-4.2,False,371,13,169,1,3,Powell
-4.4,False,371,13,169,1,3,Powell
-4.6,False,371,13,169,1,3,Powell
-4.8,False,371,13,169,1,3,Powell
-5.0,False,371,13,169,1,3,Powell
-5.2,False,371,13,169,1,3,Powell
-5.4,False,371,13,169,1,3,Powell
-5.6,False,371,13,169,1,3,Powell
-5.8,False,371,13,169,1,3,Powell
-6.0,False,371,13,169,1,3,Powell
-6.2,False,371,13,169,1,3,Powell
-6.4,False,371,13,169,1,3,Powell
-6.6,False,371,13,169,1,3,Powell
-6.8,False,371,13,169,1,3,Powell
-7.0,False,371,13,169,1,3,Powell
-7.2,False,371,13,169,1,3,Powell
-7.4,False,371,13,169,1,3,Powell
-7.6,False,371,13,169,1,3,Powell
-7.8,False,371,13,169,1,3,Powell
-8.0,False,371,13,169,1,3,Powell
2.0,True,17,13,170,1,3,Powell
1.8,True,17,13,170,1,3,Powell
1.6,True,38,13,170,1,3,Powell
1.4,True,38,13,170,1,3,Powell
1.2,True,48,13,170,1,3,Powell
1.0,True,48,13,170,1,3,Powell
0.8,True,50,13,170,1,3,Powell
0.6,True,63,13,170,1,3,Powell
0.4,True,77,13,170,1,3,Powell
0.2,True,92,13,170,1,3,Powell
0.0,True,92,13,170,1,3,Powell
-0.2,True,125,13,170,1,3,Powell
-0.4,True,157,13,170,1,3,Powell
-0.6,False,288,13,170,1,3,Powell
-0.8,False,288,13,170,1,3,Powell
-1.0,False,288,13,170,1,3,Powell
-1.2,False,288,13,170,1,3,Powell
-1.4,False,288,13,170,1,3,Powell
-1.6,False,288,13,170,1,3,Powell
-1.8,False,288,13,170,1,3,Powell
-2.0,False,288,13,170,1,3,Powell
-2.2,False,288,13,170,1,3,Powell
-2.4,False,288,13,170,1,3,Powell
-2.6,False,288,13,170,1,3,Powell
-2.8,False,288,13,170,1,3,Powell
-3.0,False,288,13,170,1,3,Powell
-3.2,False,288,13,170,1,3,Powell
-3.4,False,288,13,170,1,3,Powell
-3.6,False,288,13,170,1,3,Powell
-3.8,False,288,13,170,1,3,Powell
-4.0,False,288,13,170,1,3,Powell
-4.2,False,288,13,170,1,3,Powell
-4.4,False,288,13,170,1,3,Powell
-4.6,False,288,13,170,1,3,Powell
-4.8,False,288,13,170,1,3,Powell
-5.0,False,288,13,170,1,3,Powell
-5.2,False,288,13,170,1,3,Powell
-5.4,False,288,13,170,1,3,Powell
-5.6,False,288,13,170,1,3,Powell
-5.8,False,288,13,170,1,3,Powell
-6.0,False,288,13,170,1,3,Powell
-6.2,False,288,13,170,1,3,Powell
-6.4,False,288,13,170,1,3,Powell
-6.6,False,288,13,170,1,3,Powell
-6.8,False,288,13,170,1,3,Powell
-7.0,False,288,13,170,1,3,Powell
-7.2,False,288,13,170,1,3,Powell
-7.4,False,288,13,170,1,3,Powell
-7.6,False,288,13,170,1,3,Powell
-7.8,False,288,13,170,1,3,Powell
-8.0,False,288,13,170,1,3,Powell
2.0,True,4,13,171,1,3,Powell
1.8,True,25,13,171,1,3,Powell
1.6,True,38,13,171,1,3,Powell
1.4,True,39,13,171,1,3,Powell
1.2,True,127,13,171,1,3,Powell
1.0,False,295,13,171,1,3,Powell
0.8,False,295,13,171,1,3,Powell
0.6,False,295,13,171,1,3,Powell
0.4,False,295,13,171,1,3,Powell
0.2,False,295,13,171,1,3,Powell
0.0,False,295,13,171,1,3,Powell
-0.2,False,295,13,171,1,3,Powell
-0.4,False,295,13,171,1,3,Powell
-0.6,False,295,13,171,1,3,Powell
-0.8,False,295,13,171,1,3,Powell
-1.0,False,295,13,171,1,3,Powell
-1.2,False,295,13,171,1,3,Powell
-1.4,False,295,13,171,1,3,Powell
-1.6,False,295,13,171,1,3,Powell
-1.8,False,295,13,171,1,3,Powell
-2.0,False,295,13,171,1,3,Powell
-2.2,False,295,13,171,1,3,Powell
-2.4,False,295,13,171,1,3,Powell
-2.6,False,295,13,171,1,3,Powell
-2.8,False,295,13,171,1,3,Powell
-3.0,False,295,13,171,1,3,Powell
-3.2,False,295,13,171,1,3,Powell
-3.4,False,295,13,171,1,3,Powell
-3.6,False,295,13,171,1,3,Powell
-3.8,False,295,13,171,1,3,Powell
-4.0,False,295,13,171,1,3,Powell
-4.2,False,295,13,171,1,3,Powell
-4.4,False,295,13,171,1,3,Powell
-4.6,False,295,13,171,1,3,Powell
-4.8,False,295,13,171,1,3,Powell
-5.0,False,295,13,171,1,3,Powell
-5.2,False,295,13,171,1,3,Powell
-5.4,False,295,13,171,1,3,Powell
-5.6,False,295,13,171,1,3,Powell
-5.8,False,295,13,171,1,3,Powell
-6.0,False,295,13,171,1,3,Powell
-6.2,False,295,13,171,1,3,Powell
-6.4,False,295,13,171,1,3,Powell
-6.6,False,295,13,171,1,3,Powell
-6.8,False,295,13,171,1,3,Powell
-7.0,False,295,13,171,1,3,Powell
-7.2,False,295,13,171,1,3,Powell
-7.4,False,295,13,171,1,3,Powell
-7.6,False,295,13,171,1,3,Powell
-7.8,False,295,13,171,1,3,Powell
-8.0,False,295,13,171,1,3,Powell
2.0,True,27,13,172,1,3,Powell
1.8,True,39,13,172,1,3,Powell
1.6,True,39,13,172,1,3,Powell
1.4,True,61,13,172,1,3,Powell
1.2,True,61,13,172,1,3,Powell
1.0,True,61,13,172,1,3,Powell
0.8,True,107,13,172,1,3,Powell
0.6,False,224,13,172,1,3,Powell
0.4,False,224,13,172,1,3,Powell
0.2,False,224,13,172,1,3,Powell
0.0,False,224,13,172,1,3,Powell
-0.2,False,224,13,172,1,3,Powell
-0.4,False,224,13,172,1,3,Powell
-0.6,False,224,13,172,1,3,Powell
-0.8,False,224,13,172,1,3,Powell
-1.0,False,224,13,172,1,3,Powell
-1.2,False,224,13,172,1,3,Powell
-1.4,False,224,13,172,1,3,Powell
-1.6,False,224,13,172,1,3,Powell
-1.8,False,224,13,172,1,3,Powell
-2.0,False,224,13,172,1,3,Powell
-2.2,False,224,13,172,1,3,Powell
-2.4,False,224,13,172,1,3,Powell
-2.6,False,224,13,172,1,3,Powell
-2.8,False,224,13,172,1,3,Powell
-3.0,False,224,13,172,1,3,Powell
-3.2,False,224,13,172,1,3,Powell
-3.4,False,224,13,172,1,3,Powell
-3.6,False,224,13,172,1,3,Powell
-3.8,False,224,13,172,1,3,Powell
-4.0,False,224,13,172,1,3,Powell
-4.2,False,224,13,172,1,3,Powell
-4.4,False,224,13,172,1,3,Powell
-4.6,False,224,13,172,1,3,Powell
-4.8,False,224,13,172,1,3,Powell
-5.0,False,224,13,172,1,3,Powell
-5.2,False,224,13,172,1,3,Powell
-5.4,False,224,13,172,1,3,Powell
-5.6,False,224,13,172,1,3,Powell
-5.8,False,224,13,172,1,3,Powell
-6.0,False,224,13,172,1,3,Powell
-6.2,False,224,13,172,1,3,Powell
-6.4,False,224,13,172,1,3,Powell
-6.6,False,224,13,172,1,3,Powell
-6.8,False,224,13,172,1,3,Powell
-7.0,False,224,13,172,1,3,Powell
-7.2,False,224,13,172,1,3,Powell
-7.4,False,224,13,172,1,3,Powell
-7.6,False,224,13,172,1,3,Powell
-7.8,False,224,13,172,1,3,Powell
-8.0,False,224,13,172,1,3,Powell
2.0,True,28,13,173,1,3,Powell
1.8,True,28,13,173,1,3,Powell
1.6,False,290,13,173,1,3,Powell
1.4,False,290,13,173,1,3,Powell
1.2,False,290,13,173,1,3,Powell
1.0,False,290,13,173,1,3,Powell
0.8,False,290,13,173,1,3,Powell
0.6,False,290,13,173,1,3,Powell
0.4,False,290,13,173,1,3,Powell
0.2,False,290,13,173,1,3,Powell
0.0,False,290,13,173,1,3,Powell
-0.2,False,290,13,173,1,3,Powell
-0.4,False,290,13,173,1,3,Powell
-0.6,False,290,13,173,1,3,Powell
-0.8,False,290,13,173,1,3,Powell
-1.0,False,290,13,173,1,3,Powell
-1.2,False,290,13,173,1,3,Powell
-1.4,False,290,13,173,1,3,Powell
-1.6,False,290,13,173,1,3,Powell
-1.8,False,290,13,173,1,3,Powell
-2.0,False,290,13,173,1,3,Powell
-2.2,False,290,13,173,1,3,Powell
-2.4,False,290,13,173,1,3,Powell
-2.6,False,290,13,173,1,3,Powell
-2.8,False,290,13,173,1,3,Powell
-3.0,False,290,13,173,1,3,Powell
-3.2,False,290,13,173,1,3,Powell
-3.4,False,290,13,173,1,3,Powell
-3.6,False,290,13,173,1,3,Powell
-3.8,False,290,13,173,1,3,Powell
-4.0,False,290,13,173,1,3,Powell
-4.2,False,290,13,173,1,3,Powell
-4.4,False,290,13,173,1,3,Powell
-4.6,False,290,13,173,1,3,Powell
-4.8,False,290,13,173,1,3,Powell
-5.0,False,290,13,173,1,3,Powell
-5.2,False,290,13,173,1,3,Powell
-5.4,False,290,13,173,1,3,Powell
-5.6,False,290,13,173,1,3,Powell
-5.8,False,290,13,173,1,3,Powell
-6.0,False,290,13,173,1,3,Powell
-6.2,False,290,13,173,1,3,Powell
-6.4,False,290,13,173,1,3,Powell
-6.6,False,290,13,173,1,3,Powell
-6.8,False,290,13,173,1,3,Powell
-7.0,False,290,13,173,1,3,Powell
-7.2,False,290,13,173,1,3,Powell
-7.4,False,290,13,173,1,3,Powell
-7.6,False,290,13,173,1,3,Powell
-7.8,False,290,13,173,1,3,Powell
-8.0,False,290,13,173,1,3,Powell
2.0,True,36,13,174,1,3,Powell
1.8,True,60,13,174,1,3,Powell
1.6,False,362,13,174,1,3,Powell
1.4,False,362,13,174,1,3,Powell
1.2,False,362,13,174,1,3,Powell
1.0,False,362,13,174,1,3,Powell
0.8,False,362,13,174,1,3,Powell
0.6,False,362,13,174,1,3,Powell
0.4,False,362,13,174,1,3,Powell
0.2,False,362,13,174,1,3,Powell
0.0,False,362,13,174,1,3,Powell
-0.2,False,362,13,174,1,3,Powell
-0.4,False,362,13,174,1,3,Powell
-0.6,False,362,13,174,1,3,Powell
-0.8,False,362,13,174,1,3,Powell
-1.0,False,362,13,174,1,3,Powell
-1.2,False,362,13,174,1,3,Powell
-1.4,False,362,13,174,1,3,Powell
-1.6,False,362,13,174,1,3,Powell
-1.8,False,362,13,174,1,3,Powell
-2.0,False,362,13,174,1,3,Powell
-2.2,False,362,13,174,1,3,Powell
-2.4,False,362,13,174,1,3,Powell
-2.6,False,362,13,174,1,3,Powell
-2.8,False,362,13,174,1,3,Powell
-3.0,False,362,13,174,1,3,Powell
-3.2,False,362,13,174,1,3,Powell
-3.4,False,362,13,174,1,3,Powell
-3.6,False,362,13,174,1,3,Powell
-3.8,False,362,13,174,1,3,Powell
-4.0,False,362,13,174,1,3,Powell
-4.2,False,362,13,174,1,3,Powell
-4.4,False,362,13,174,1,3,Powell
-4.6,False,362,13,174,1,3,Powell
-4.8,False,362,13,174,1,3,Powell
-5.0,False,362,13,174,1,3,Powell
-5.2,False,362,13,174,1,3,Powell
-5.4,False,362,13,174,1,3,Powell
-5.6,False,362,13,174,1,3,Powell
-5.8,False,362,13,174,1,3,Powell
-6.0,False,362,13,174,1,3,Powell
-6.2,False,362,13,174,1,3,Powell
-6.4,False,362,13,174,1,3,Powell
-6.6,False,362,13,174,1,3,Powell
-6.8,False,362,13,174,1,3,Powell
-7.0,False,362,13,174,1,3,Powell
-7.2,False,362,13,174,1,3,Powell
-7.4,False,362,13,174,1,3,Powell
-7.6,False,362,13,174,1,3,Powell
-7.8,False,362,13,174,1,3,Powell
-8.0,False,362,13,174,1,3,Powell
2.0,True,32,13,175,1,3,Powell
1.8,True,62,13,175,1,3,Powell
1.6,True,62,13,175,1,3,Powell
1.4,True,159,13,175,1,3,Powell
1.2,True,181,13,175,1,3,Powell
1.0,True,202,13,175,1,3,Powell
0.8,True,215,13,175,1,3,Powell
0.6,True,233,13,175,1,3,Powell
0.4,True,238,13,175,1,3,Powell
0.2,True,282,13,175,1,3,Powell
0.0,False,415,13,175,1,3,Powell
-0.2,False,415,13,175,1,3,Powell
-0.4,False,415,13,175,1,3,Powell
-0.6,False,415,13,175,1,3,Powell
-0.8,False,415,13,175,1,3,Powell
-1.0,False,415,13,175,1,3,Powell
-1.2,False,415,13,175,1,3,Powell
-1.4,False,415,13,175,1,3,Powell
-1.6,False,415,13,175,1,3,Powell
-1.8,False,415,13,175,1,3,Powell
-2.0,False,415,13,175,1,3,Powell
-2.2,False,415,13,175,1,3,Powell
-2.4,False,415,13,175,1,3,Powell
-2.6,False,415,13,175,1,3,Powell
-2.8,False,415,13,175,1,3,Powell
-3.0,False,415,13,175,1,3,Powell
-3.2,False,415,13,175,1,3,Powell
-3.4,False,415,13,175,1,3,Powell
-3.6,False,415,13,175,1,3,Powell
-3.8,False,415,13,175,1,3,Powell
-4.0,False,415,13,175,1,3,Powell
-4.2,False,415,13,175,1,3,Powell
-4.4,False,415,13,175,1,3,Powell
-4.6,False,415,13,175,1,3,Powell
-4.8,False,415,13,175,1,3,Powell
-5.0,False,415,13,175,1,3,Powell
-5.2,False,415,13,175,1,3,Powell
-5.4,False,415,13,175,1,3,Powell
-5.6,False,415,13,175,1,3,Powell
-5.8,False,415,13,175,1,3,Powell
-6.0,False,415,13,175,1,3,Powell
-6.2,False,415,13,175,1,3,Powell
-6.4,False,415,13,175,1,3,Powell
-6.6,False,415,13,175,1,3,Powell
-6.8,False,415,13,175,1,3,Powell
-7.0,False,415,13,175,1,3,Powell
-7.2,False,415,13,175,1,3,Powell
-7.4,False,415,13,175,1,3,Powell
-7.6,False,415,13,175,1,3,Powell
-7.8,False,415,13,175,1,3,Powell
-8.0,False,415,13,175,1,3,Powell
2.0,True,18,13,176,1,3,Powell
1.8,True,28,13,176,1,3,Powell
1.6,True,40,13,176,1,3,Powell
1.4,False,254,13,176,1,3,Powell
1.2,False,254,13,176,1,3,Powell
1.0,False,254,13,176,1,3,Powell
0.8,False,254,13,176,1,3,Powell
0.6,False,254,13,176,1,3,Powell
0.4,False,254,13,176,1,3,Powell
0.2,False,254,13,176,1,3,Powell
0.0,False,254,13,176,1,3,Powell
-0.2,False,254,13,176,1,3,Powell
-0.4,False,254,13,176,1,3,Powell
-0.6,False,254,13,176,1,3,Powell
-0.8,False,254,13,176,1,3,Powell
-1.0,False,254,13,176,1,3,Powell
-1.2,False,254,13,176,1,3,Powell
-1.4,False,254,13,176,1,3,Powell
-1.6,False,254,13,176,1,3,Powell
-1.8,False,254,13,176,1,3,Powell
-2.0,False,254,13,176,1,3,Powell
-2.2,False,254,13,176,1,3,Powell
-2.4,False,254,13,176,1,3,Powell
-2.6,False,254,13,176,1,3,Powell
-2.8,False,254,13,176,1,3,Powell
-3.0,False,254,13,176,1,3,Powell
-3.2,False,254,13,176,1,3,Powell
-3.4,False,254,13,176,1,3,Powell
-3.6,False,254,13,176,1,3,Powell
-3.8,False,254,13,176,1,3,Powell
-4.0,False,254,13,176,1,3,Powell
-4.2,False,254,13,176,1,3,Powell
-4.4,False,254,13,176,1,3,Powell
-4.6,False,254,13,176,1,3,Powell
-4.8,False,254,13,176,1,3,Powell
-5.0,False,254,13,176,1,3,Powell
-5.2,False,254,13,176,1,3,Powell
-5.4,False,254,13,176,1,3,Powell
-5.6,False,254,13,176,1,3,Powell
-5.8,False,254,13,176,1,3,Powell
-6.0,False,254,13,176,1,3,Powell
-6.2,False,254,13,176,1,3,Powell
-6.4,False,254,13,176,1,3,Powell
-6.6,False,254,13,176,1,3,Powell
-6.8,False,254,13,176,1,3,Powell
-7.0,False,254,13,176,1,3,Powell
-7.2,False,254,13,176,1,3,Powell
-7.4,False,254,13,176,1,3,Powell
-7.6,False,254,13,176,1,3,Powell
-7.8,False,254,13,176,1,3,Powell
-8.0,False,254,13,176,1,3,Powell
2.0,True,31,13,177,1,3,Powell
1.8,True,52,13,177,1,3,Powell
1.6,True,52,13,177,1,3,Powell
1.4,True,112,13,177,1,3,Powell
1.2,False,254,13,177,1,3,Powell
1.0,False,254,13,177,1,3,Powell
0.8,False,254,13,177,1,3,Powell
0.6,False,254,13,177,1,3,Powell
0.4,False,254,13,177,1,3,Powell
0.2,False,254,13,177,1,3,Powell
0.0,False,254,13,177,1,3,Powell
-0.2,False,254,13,177,1,3,Powell
-0.4,False,254,13,177,1,3,Powell
-0.6,False,254,13,177,1,3,Powell
-0.8,False,254,13,177,1,3,Powell
-1.0,False,254,13,177,1,3,Powell
-1.2,False,254,13,177,1,3,Powell
-1.4,False,254,13,177,1,3,Powell
-1.6,False,254,13,177,1,3,Powell
-1.8,False,254,13,177,1,3,Powell
-2.0,False,254,13,177,1,3,Powell
-2.2,False,254,13,177,1,3,Powell
-2.4,False,254,13,177,1,3,Powell
-2.6,False,254,13,177,1,3,Powell
-2.8,False,254,13,177,1,3,Powell
-3.0,False,254,13,177,1,3,Powell
-3.2,False,254,13,177,1,3,Powell
-3.4,False,254,13,177,1,3,Powell
-3.6,False,254,13,177,1,3,Powell
-3.8,False,254,13,177,1,3,Powell
-4.0,False,254,13,177,1,3,Powell
-4.2,False,254,13,177,1,3,Powell
-4.4,False,254,13,177,1,3,Powell
-4.6,False,254,13,177,1,3,Powell
-4.8,False,254,13,177,1,3,Powell
-5.0,False,254,13,177,1,3,Powell
-5.2,False,254,13,177,1,3,Powell
-5.4,False,254,13,177,1,3,Powell
-5.6,False,254,13,177,1,3,Powell
-5.8,False,254,13,177,1,3,Powell
-6.0,False,254,13,177,1,3,Powell
-6.2,False,254,13,177,1,3,Powell
-6.4,False,254,13,177,1,3,Powell
-6.6,False,254,13,177,1,3,Powell
-6.8,False,254,13,177,1,3,Powell
-7.0,False,254,13,177,1,3,Powell
-7.2,False,254,13,177,1,3,Powell
-7.4,False,254,13,177,1,3,Powell
-7.6,False,254,13,177,1,3,Powell
-7.8,False,254,13,177,1,3,Powell
-8.0,False,254,13,177,1,3,Powell
2.0,True,25,13,178,1,3,Powell
1.8,True,27,13,178,1,3,Powell
1.6,True,38,13,178,1,3,Powell
1.4,True,59,13,178,1,3,Powell
1.2,True,72,13,178,1,3,Powell
1.0,True,114,13,178,1,3,Powell
0.8,False,423,13,178,1,3,Powell
0.6,False,423,13,178,1,3,Powell
0.4,False,423,13,178,1,3,Powell
0.2,False,423,13,178,1,3,Powell
0.0,False,423,13,178,1,3,Powell
-0.2,False,423,13,178,1,3,Powell
-0.4,False,423,13,178,1,3,Powell
-0.6,False,423,13,178,1,3,Powell
-0.8,False,423,13,178,1,3,Powell
-1.0,False,423,13,178,1,3,Powell
-1.2,False,423,13,178,1,3,Powell
-1.4,False,423,13,178,1,3,Powell
-1.6,False,423,13,178,1,3,Powell
-1.8,False,423,13,178,1,3,Powell
-2.0,False,423,13,178,1,3,Powell
-2.2,False,423,13,178,1,3,Powell
-2.4,False,423,13,178,1,3,Powell
-2.6,False,423,13,178,1,3,Powell
-2.8,False,423,13,178,1,3,Powell
-3.0,False,423,13,178,1,3,Powell
-3.2,False,423,13,178,1,3,Powell
-3.4,False,423,13,178,1,3,Powell
-3.6,False,423,13,178,1,3,Powell
-3.8,False,423,13,178,1,3,Powell
-4.0,False,423,13,178,1,3,Powell
-4.2,False,423,13,178,1,3,Powell
-4.4,False,423,13,178,1,3,Powell
-4.6,False,423,13,178,1,3,Powell
-4.8,False,423,13,178,1,3,Powell
-5.0,False,423,13,178,1,3,Powell
-5.2,False,423,13,178,1,3,Powell
-5.4,False,423,13,178,1,3,Powell
-5.6,False,423,13,178,1,3,Powell
-5.8,False,423,13,178,1,3,Powell
-6.0,False,423,13,178,1,3,Powell
-6.2,False,423,13,178,1,3,Powell
-6.4,False,423,13,178,1,3,Powell
-6.6,False,423,13,178,1,3,Powell
-6.8,False,423,13,178,1,3,Powell
-7.0,False,423,13,178,1,3,Powell
-7.2,False,423,13,178,1,3,Powell
-7.4,False,423,13,178,1,3,Powell
-7.6,False,423,13,178,1,3,Powell
-7.8,False,423,13,178,1,3,Powell
-8.0,False,423,13,178,1,3,Powell
2.0,True,13,13,179,1,3,Powell
1.8,True,25,13,179,1,3,Powell
1.6,True,25,13,179,1,3,Powell
1.4,True,25,13,179,1,3,Powell
1.2,True,60,13,179,1,3,Powell
1.0,True,217,13,179,1,3,Powell
0.8,False,222,13,179,1,3,Powell
0.6,False,222,13,179,1,3,Powell
0.4,False,222,13,179,1,3,Powell
0.2,False,222,13,179,1,3,Powell
0.0,False,222,13,179,1,3,Powell
-0.2,False,222,13,179,1,3,Powell
-0.4,False,222,13,179,1,3,Powell
-0.6,False,222,13,179,1,3,Powell
-0.8,False,222,13,179,1,3,Powell
-1.0,False,222,13,179,1,3,Powell
-1.2,False,222,13,179,1,3,Powell
-1.4,False,222,13,179,1,3,Powell
-1.6,False,222,13,179,1,3,Powell
-1.8,False,222,13,179,1,3,Powell
-2.0,False,222,13,179,1,3,Powell
-2.2,False,222,13,179,1,3,Powell
-2.4,False,222,13,179,1,3,Powell
-2.6,False,222,13,179,1,3,Powell
-2.8,False,222,13,179,1,3,Powell
-3.0,False,222,13,179,1,3,Powell
-3.2,False,222,13,179,1,3,Powell
-3.4,False,222,13,179,1,3,Powell
-3.6,False,222,13,179,1,3,Powell
-3.8,False,222,13,179,1,3,Powell
-4.0,False,222,13,179,1,3,Powell
-4.2,False,222,13,179,1,3,Powell
-4.4,False,222,13,179,1,3,Powell
-4.6,False,222,13,179,1,3,Powell
-4.8,False,222,13,179,1,3,Powell
-5.0,False,222,13,179,1,3,Powell
-5.2,False,222,13,179,1,3,Powell
-5.4,False,222,13,179,1,3,Powell
-5.6,False,222,13,179,1,3,Powell
-5.8,False,222,13,179,1,3,Powell
-6.0,False,222,13,179,1,3,Powell
-6.2,False,222,13,179,1,3,Powell
-6.4,False,222,13,179,1,3,Powell
-6.6,False,222,13,179,1,3,Powell
-6.8,False,222,13,179,1,3,Powell
-7.0,False,222,13,179,1,3,Powell
-7.2,False,222,13,179,1,3,Powell
-7.4,False,222,13,179,1,3,Powell
-7.6,False,222,13,179,1,3,Powell
-7.8,False,222,13,179,1,3,Powell
-8.0,False,222,13,179,1,3,Powell
2.0,True,21,13,180,1,3,Powell
1.8,True,21,13,180,1,3,Powell
1.6,True,33,13,180,1,3,Powell
1.4,True,43,13,180,1,3,Powell
1.2,True,44,13,180,1,3,Powell
1.0,True,46,13,180,1,3,Powell
0.8,True,55,13,180,1,3,Powell
0.6,True,69,13,180,1,3,Powell
0.4,True,81,13,180,1,3,Powell
0.2,True,81,13,180,1,3,Powell
0.0,True,83,13,180,1,3,Powell
-0.2,True,94,13,180,1,3,Powell
-0.4,True,96,13,180,1,3,Powell
-0.6,True,126,13,180,1,3,Powell
-0.8,True,128,13,180,1,3,Powell
-1.0,True,128,13,180,1,3,Powell
-1.2,True,142,13,180,1,3,Powell
-1.4,True,142,13,180,1,3,Powell
-1.6,True,161,13,180,1,3,Powell
-1.8,True,178,13,180,1,3,Powell
-2.0,True,179,13,180,1,3,Powell
-2.2,True,182,13,180,1,3,Powell
-2.4,True,199,13,180,1,3,Powell
-2.6,False,203,13,180,1,3,Powell
-2.8,False,203,13,180,1,3,Powell
-3.0,False,203,13,180,1,3,Powell
-3.2,False,203,13,180,1,3,Powell
-3.4,False,203,13,180,1,3,Powell
-3.6,False,203,13,180,1,3,Powell
-3.8,False,203,13,180,1,3,Powell
-4.0,False,203,13,180,1,3,Powell
-4.2,False,203,13,180,1,3,Powell
-4.4,False,203,13,180,1,3,Powell
-4.6,False,203,13,180,1,3,Powell
-4.8,False,203,13,180,1,3,Powell
-5.0,False,203,13,180,1,3,Powell
-5.2,False,203,13,180,1,3,Powell
-5.4,False,203,13,180,1,3,Powell
-5.6,False,203,13,180,1,3,Powell
-5.8,False,203,13,180,1,3,Powell
-6.0,False,203,13,180,1,3,Powell
-6.2,False,203,13,180,1,3,Powell
-6.4,False,203,13,180,1,3,Powell
-6.6,False,203,13,180,1,3,Powell
-6.8,False,203,13,180,1,3,Powell
-7.0,False,203,13,180,1,3,Powell
-7.2,False,203,13,180,1,3,Powell
-7.4,False,203,13,180,1,3,Powell
-7.6,False,203,13,180,1,3,Powell
-7.8,False,203,13,180,1,3,Powell
-8.0,False,203,13,180,1,3,Powell
2.0,True,27,13,181,1,3,Powell
1.8,True,27,13,181,1,3,Powell
1.6,True,41,13,181,1,3,Powell
1.4,False,143,13,181,1,3,Powell
1.2,False,143,13,181,1,3,Powell
1.0,False,143,13,181,1,3,Powell
0.8,False,143,13,181,1,3,Powell
0.6,False,143,13,181,1,3,Powell
0.4,False,143,13,181,1,3,Powell
0.2,False,143,13,181,1,3,Powell
0.0,False,143,13,181,1,3,Powell
-0.2,False,143,13,181,1,3,Powell
-0.4,False,143,13,181,1,3,Powell
-0.6,False,143,13,181,1,3,Powell
-0.8,False,143,13,181,1,3,Powell
-1.0,False,143,13,181,1,3,Powell
-1.2,False,143,13,181,1,3,Powell
-1.4,False,143,13,181,1,3,Powell
-1.6,False,143,13,181,1,3,Powell
-1.8,False,143,13,181,1,3,Powell
-2.0,False,143,13,181,1,3,Powell
-2.2,False,143,13,181,1,3,Powell
-2.4,False,143,13,181,1,3,Powell
-2.6,False,143,13,181,1,3,Powell
-2.8,False,143,13,181,1,3,Powell
-3.0,False,143,13,181,1,3,Powell
-3.2,False,143,13,181,1,3,Powell
-3.4,False,143,13,181,1,3,Powell
-3.6,False,143,13,181,1,3,Powell
-3.8,False,143,13,181,1,3,Powell
-4.0,False,143,13,181,1,3,Powell
-4.2,False,143,13,181,1,3,Powell
-4.4,False,143,13,181,1,3,Powell
-4.6,False,143,13,181,1,3,Powell
-4.8,False,143,13,181,1,3,Powell
-5.0,False,143,13,181,1,3,Powell
-5.2,False,143,13,181,1,3,Powell
-5.4,False,143,13,181,1,3,Powell
-5.6,False,143,13,181,1,3,Powell
-5.8,False,143,13,181,1,3,Powell
-6.0,False,143,13,181,1,3,Powell
-6.2,False,143,13,181,1,3,Powell
-6.4,False,143,13,181,1,3,Powell
-6.6,False,143,13,181,1,3,Powell
-6.8,False,143,13,181,1,3,Powell
-7.0,False,143,13,181,1,3,Powell
-7.2,False,143,13,181,1,3,Powell
-7.4,False,143,13,181,1,3,Powell
-7.6,False,143,13,181,1,3,Powell
-7.8,False,143,13,181,1,3,Powell
-8.0,False,143,13,181,1,3,Powell
2.0,True,56,13,182,1,3,Powell
1.8,True,61,13,182,1,3,Powell
1.6,False,189,13,182,1,3,Powell
1.4,False,189,13,182,1,3,Powell
1.2,False,189,13,182,1,3,Powell
1.0,False,189,13,182,1,3,Powell
0.8,False,189,13,182,1,3,Powell
0.6,False,189,13,182,1,3,Powell
0.4,False,189,13,182,1,3,Powell
0.2,False,189,13,182,1,3,Powell
0.0,False,189,13,182,1,3,Powell
-0.2,False,189,13,182,1,3,Powell
-0.4,False,189,13,182,1,3,Powell
-0.6,False,189,13,182,1,3,Powell
-0.8,False,189,13,182,1,3,Powell
-1.0,False,189,13,182,1,3,Powell
-1.2,False,189,13,182,1,3,Powell
-1.4,False,189,13,182,1,3,Powell
-1.6,False,189,13,182,1,3,Powell
-1.8,False,189,13,182,1,3,Powell
-2.0,False,189,13,182,1,3,Powell
-2.2,False,189,13,182,1,3,Powell
-2.4,False,189,13,182,1,3,Powell
-2.6,False,189,13,182,1,3,Powell
-2.8,False,189,13,182,1,3,Powell
-3.0,False,189,13,182,1,3,Powell
-3.2,False,189,13,182,1,3,Powell
-3.4,False,189,13,182,1,3,Powell
-3.6,False,189,13,182,1,3,Powell
-3.8,False,189,13,182,1,3,Powell
-4.0,False,189,13,182,1,3,Powell
-4.2,False,189,13,182,1,3,Powell
-4.4,False,189,13,182,1,3,Powell
-4.6,False,189,13,182,1,3,Powell
-4.8,False,189,13,182,1,3,Powell
-5.0,False,189,13,182,1,3,Powell
-5.2,False,189,13,182,1,3,Powell
-5.4,False,189,13,182,1,3,Powell
-5.6,False,189,13,182,1,3,Powell
-5.8,False,189,13,182,1,3,Powell
-6.0,False,189,13,182,1,3,Powell
-6.2,False,189,13,182,1,3,Powell
-6.4,False,189,13,182,1,3,Powell
-6.6,False,189,13,182,1,3,Powell
-6.8,False,189,13,182,1,3,Powell
-7.0,False,189,13,182,1,3,Powell
-7.2,False,189,13,182,1,3,Powell
-7.4,False,189,13,182,1,3,Powell
-7.6,False,189,13,182,1,3,Powell
-7.8,False,189,13,182,1,3,Powell
-8.0,False,189,13,182,1,3,Powell
2.0,True,21,13,183,1,3,Powell
1.8,True,35,13,183,1,3,Powell
1.6,False,306,13,183,1,3,Powell
1.4,False,306,13,183,1,3,Powell
1.2,False,306,13,183,1,3,Powell
1.0,False,306,13,183,1,3,Powell
0.8,False,306,13,183,1,3,Powell
0.6,False,306,13,183,1,3,Powell
0.4,False,306,13,183,1,3,Powell
0.2,False,306,13,183,1,3,Powell
0.0,False,306,13,183,1,3,Powell
-0.2,False,306,13,183,1,3,Powell
-0.4,False,306,13,183,1,3,Powell
-0.6,False,306,13,183,1,3,Powell
-0.8,False,306,13,183,1,3,Powell
-1.0,False,306,13,183,1,3,Powell
-1.2,False,306,13,183,1,3,Powell
-1.4,False,306,13,183,1,3,Powell
-1.6,False,306,13,183,1,3,Powell
-1.8,False,306,13,183,1,3,Powell
-2.0,False,306,13,183,1,3,Powell
-2.2,False,306,13,183,1,3,Powell
-2.4,False,306,13,183,1,3,Powell
-2.6,False,306,13,183,1,3,Powell
-2.8,False,306,13,183,1,3,Powell
-3.0,False,306,13,183,1,3,Powell
-3.2,False,306,13,183,1,3,Powell
-3.4,False,306,13,183,1,3,Powell
-3.6,False,306,13,183,1,3,Powell
-3.8,False,306,13,183,1,3,Powell
-4.0,False,306,13,183,1,3,Powell
-4.2,False,306,13,183,1,3,Powell
-4.4,False,306,13,183,1,3,Powell
-4.6,False,306,13,183,1,3,Powell
-4.8,False,306,13,183,1,3,Powell
-5.0,False,306,13,183,1,3,Powell
-5.2,False,306,13,183,1,3,Powell
-5.4,False,306,13,183,1,3,Powell
-5.6,False,306,13,183,1,3,Powell
-5.8,False,306,13,183,1,3,Powell
-6.0,False,306,13,183,1,3,Powell
-6.2,False,306,13,183,1,3,Powell
-6.4,False,306,13,183,1,3,Powell
-6.6,False,306,13,183,1,3,Powell
-6.8,False,306,13,183,1,3,Powell
-7.0,False,306,13,183,1,3,Powell
-7.2,False,306,13,183,1,3,Powell
-7.4,False,306,13,183,1,3,Powell
-7.6,False,306,13,183,1,3,Powell
-7.8,False,306,13,183,1,3,Powell
-8.0,False,306,13,183,1,3,Powell
2.0,True,21,13,184,1,3,Powell
1.8,True,27,13,184,1,3,Powell
1.6,True,37,13,184,1,3,Powell
1.4,True,47,13,184,1,3,Powell
1.2,True,57,13,184,1,3,Powell
1.0,True,58,13,184,1,3,Powell
0.8,True,58,13,184,1,3,Powell
0.6,True,73,13,184,1,3,Powell
0.4,True,87,13,184,1,3,Powell
0.2,True,100,13,184,1,3,Powell
0.0,True,102,13,184,1,3,Powell
-0.2,True,121,13,184,1,3,Powell
-0.4,True,212,13,184,1,3,Powell
-0.6,False,361,13,184,1,3,Powell
-0.8,False,361,13,184,1,3,Powell
-1.0,False,361,13,184,1,3,Powell
-1.2,False,361,13,184,1,3,Powell
-1.4,False,361,13,184,1,3,Powell
-1.6,False,361,13,184,1,3,Powell
-1.8,False,361,13,184,1,3,Powell
-2.0,False,361,13,184,1,3,Powell
-2.2,False,361,13,184,1,3,Powell
-2.4,False,361,13,184,1,3,Powell
-2.6,False,361,13,184,1,3,Powell
-2.8,False,361,13,184,1,3,Powell
-3.0,False,361,13,184,1,3,Powell
-3.2,False,361,13,184,1,3,Powell
-3.4,False,361,13,184,1,3,Powell
-3.6,False,361,13,184,1,3,Powell
-3.8,False,361,13,184,1,3,Powell
-4.0,False,361,13,184,1,3,Powell
-4.2,False,361,13,184,1,3,Powell
-4.4,False,361,13,184,1,3,Powell
-4.6,False,361,13,184,1,3,Powell
-4.8,False,361,13,184,1,3,Powell
-5.0,False,361,13,184,1,3,Powell
-5.2,False,361,13,184,1,3,Powell
-5.4,False,361,13,184,1,3,Powell
-5.6,False,361,13,184,1,3,Powell
-5.8,False,361,13,184,1,3,Powell
-6.0,False,361,13,184,1,3,Powell
-6.2,False,361,13,184,1,3,Powell
-6.4,False,361,13,184,1,3,Powell
-6.6,False,361,13,184,1,3,Powell
-6.8,False,361,13,184,1,3,Powell
-7.0,False,361,13,184,1,3,Powell
-7.2,False,361,13,184,1,3,Powell
-7.4,False,361,13,184,1,3,Powell
-7.6,False,361,13,184,1,3,Powell
-7.8,False,361,13,184,1,3,Powell
-8.0,False,361,13,184,1,3,Powell
2.0,True,58,13,185,1,3,Powell
1.8,True,136,13,185,1,3,Powell
1.6,True,140,13,185,1,3,Powell
1.4,True,158,13,185,1,3,Powell
1.2,True,163,13,185,1,3,Powell
1.0,True,194,13,185,1,3,Powell
0.8,True,218,13,185,1,3,Powell
0.6,False,454,13,185,1,3,Powell
0.4,False,454,13,185,1,3,Powell
0.2,False,454,13,185,1,3,Powell
0.0,False,454,13,185,1,3,Powell
-0.2,False,454,13,185,1,3,Powell
-0.4,False,454,13,185,1,3,Powell
-0.6,False,454,13,185,1,3,Powell
-0.8,False,454,13,185,1,3,Powell
-1.0,False,454,13,185,1,3,Powell
-1.2,False,454,13,185,1,3,Powell
-1.4,False,454,13,185,1,3,Powell
-1.6,False,454,13,185,1,3,Powell
-1.8,False,454,13,185,1,3,Powell
-2.0,False,454,13,185,1,3,Powell
-2.2,False,454,13,185,1,3,Powell
-2.4,False,454,13,185,1,3,Powell
-2.6,False,454,13,185,1,3,Powell
-2.8,False,454,13,185,1,3,Powell
-3.0,False,454,13,185,1,3,Powell
-3.2,False,454,13,185,1,3,Powell
-3.4,False,454,13,185,1,3,Powell
-3.6,False,454,13,185,1,3,Powell
-3.8,False,454,13,185,1,3,Powell
-4.0,False,454,13,185,1,3,Powell
-4.2,False,454,13,185,1,3,Powell
-4.4,False,454,13,185,1,3,Powell
-4.6,False,454,13,185,1,3,Powell
-4.8,False,454,13,185,1,3,Powell
-5.0,False,454,13,185,1,3,Powell
-5.2,False,454,13,185,1,3,Powell
-5.4,False,454,13,185,1,3,Powell
-5.6,False,454,13,185,1,3,Powell
-5.8,False,454,13,185,1,3,Powell
-6.0,False,454,13,185,1,3,Powell
-6.2,False,454,13,185,1,3,Powell
-6.4,False,454,13,185,1,3,Powell
-6.6,False,454,13,185,1,3,Powell
-6.8,False,454,13,185,1,3,Powell
-7.0,False,454,13,185,1,3,Powell
-7.2,False,454,13,185,1,3,Powell
-7.4,False,454,13,185,1,3,Powell
-7.6,False,454,13,185,1,3,Powell
-7.8,False,454,13,185,1,3,Powell
-8.0,False,454,13,185,1,3,Powell
2.0,True,35,13,186,1,3,Powell
1.8,True,45,13,186,1,3,Powell
1.6,True,47,13,186,1,3,Powell
1.4,True,47,13,186,1,3,Powell
1.2,True,70,13,186,1,3,Powell
1.0,True,81,13,186,1,3,Powell
0.8,True,125,13,186,1,3,Powell
0.6,False,263,13,186,1,3,Powell
0.4,False,263,13,186,1,3,Powell
0.2,False,263,13,186,1,3,Powell
0.0,False,263,13,186,1,3,Powell
-0.2,False,263,13,186,1,3,Powell
-0.4,False,263,13,186,1,3,Powell
-0.6,False,263,13,186,1,3,Powell
-0.8,False,263,13,186,1,3,Powell
-1.0,False,263,13,186,1,3,Powell
-1.2,False,263,13,186,1,3,Powell
-1.4,False,263,13,186,1,3,Powell
-1.6,False,263,13,186,1,3,Powell
-1.8,False,263,13,186,1,3,Powell
-2.0,False,263,13,186,1,3,Powell
-2.2,False,263,13,186,1,3,Powell
-2.4,False,263,13,186,1,3,Powell
-2.6,False,263,13,186,1,3,Powell
-2.8,False,263,13,186,1,3,Powell
-3.0,False,263,13,186,1,3,Powell
-3.2,False,263,13,186,1,3,Powell
-3.4,False,263,13,186,1,3,Powell
-3.6,False,263,13,186,1,3,Powell
-3.8,False,263,13,186,1,3,Powell
-4.0,False,263,13,186,1,3,Powell
-4.2,False,263,13,186,1,3,Powell
-4.4,False,263,13,186,1,3,Powell
-4.6,False,263,13,186,1,3,Powell
-4.8,False,263,13,186,1,3,Powell
-5.0,False,263,13,186,1,3,Powell
-5.2,False,263,13,186,1,3,Powell
-5.4,False,263,13,186,1,3,Powell
-5.6,False,263,13,186,1,3,Powell
-5.8,False,263,13,186,1,3,Powell
-6.0,False,263,13,186,1,3,Powell
-6.2,False,263,13,186,1,3,Powell
-6.4,False,263,13,186,1,3,Powell
-6.6,False,263,13,186,1,3,Powell
-6.8,False,263,13,186,1,3,Powell
-7.0,False,263,13,186,1,3,Powell
-7.2,False,263,13,186,1,3,Powell
-7.4,False,263,13,186,1,3,Powell
-7.6,False,263,13,186,1,3,Powell
-7.8,False,263,13,186,1,3,Powell
-8.0,False,263,13,186,1,3,Powell
2.0,True,53,13,187,1,3,Powell
1.8,True,58,13,187,1,3,Powell
1.6,True,58,13,187,1,3,Powell
1.4,True,58,13,187,1,3,Powell
1.2,True,60,13,187,1,3,Powell
1.0,False,248,13,187,1,3,Powell
0.8,False,248,13,187,1,3,Powell
0.6,False,248,13,187,1,3,Powell
0.4,False,248,13,187,1,3,Powell
0.2,False,248,13,187,1,3,Powell
0.0,False,248,13,187,1,3,Powell
-0.2,False,248,13,187,1,3,Powell
-0.4,False,248,13,187,1,3,Powell
-0.6,False,248,13,187,1,3,Powell
-0.8,False,248,13,187,1,3,Powell
-1.0,False,248,13,187,1,3,Powell
-1.2,False,248,13,187,1,3,Powell
-1.4,False,248,13,187,1,3,Powell
-1.6,False,248,13,187,1,3,Powell
-1.8,False,248,13,187,1,3,Powell
-2.0,False,248,13,187,1,3,Powell
-2.2,False,248,13,187,1,3,Powell
-2.4,False,248,13,187,1,3,Powell
-2.6,False,248,13,187,1,3,Powell
-2.8,False,248,13,187,1,3,Powell
-3.0,False,248,13,187,1,3,Powell
-3.2,False,248,13,187,1,3,Powell
-3.4,False,248,13,187,1,3,Powell
-3.6,False,248,13,187,1,3,Powell
-3.8,False,248,13,187,1,3,Powell
-4.0,False,248,13,187,1,3,Powell
-4.2,False,248,13,187,1,3,Powell
-4.4,False,248,13,187,1,3,Powell
-4.6,False,248,13,187,1,3,Powell
-4.8,False,248,13,187,1,3,Powell
-5.0,False,248,13,187,1,3,Powell
-5.2,False,248,13,187,1,3,Powell
-5.4,False,248,13,187,1,3,Powell
-5.6,False,248,13,187,1,3,Powell
-5.8,False,248,13,187,1,3,Powell
-6.0,False,248,13,187,1,3,Powell
-6.2,False,248,13,187,1,3,Powell
-6.4,False,248,13,187,1,3,Powell
-6.6,False,248,13,187,1,3,Powell
-6.8,False,248,13,187,1,3,Powell
-7.0,False,248,13,187,1,3,Powell
-7.2,False,248,13,187,1,3,Powell
-7.4,False,248,13,187,1,3,Powell
-7.6,False,248,13,187,1,3,Powell
-7.8,False,248,13,187,1,3,Powell
-8.0,False,248,13,187,1,3,Powell
2.0,True,22,13,188,1,3,Powell
1.8,True,42,13,188,1,3,Powell
1.6,True,50,13,188,1,3,Powell
1.4,True,74,13,188,1,3,Powell
1.2,True,87,13,188,1,3,Powell
1.0,True,129,13,188,1,3,Powell
0.8,False,461,13,188,1,3,Powell
0.6,False,461,13,188,1,3,Powell
0.4,False,461,13,188,1,3,Powell
0.2,False,461,13,188,1,3,Powell
0.0,False,461,13,188,1,3,Powell
-0.2,False,461,13,188,1,3,Powell
-0.4,False,461,13,188,1,3,Powell
-0.6,False,461,13,188,1,3,Powell
-0.8,False,461,13,188,1,3,Powell
-1.0,False,461,13,188,1,3,Powell
-1.2,False,461,13,188,1,3,Powell
-1.4,False,461,13,188,1,3,Powell
-1.6,False,461,13,188,1,3,Powell
-1.8,False,461,13,188,1,3,Powell
-2.0,False,461,13,188,1,3,Powell
-2.2,False,461,13,188,1,3,Powell
-2.4,False,461,13,188,1,3,Powell
-2.6,False,461,13,188,1,3,Powell
-2.8,False,461,13,188,1,3,Powell
-3.0,False,461,13,188,1,3,Powell
-3.2,False,461,13,188,1,3,Powell
-3.4,False,461,13,188,1,3,Powell
-3.6,False,461,13,188,1,3,Powell
-3.8,False,461,13,188,1,3,Powell
-4.0,False,461,13,188,1,3,Powell
-4.2,False,461,13,188,1,3,Powell
-4.4,False,461,13,188,1,3,Powell
-4.6,False,461,13,188,1,3,Powell
-4.8,False,461,13,188,1,3,Powell
-5.0,False,461,13,188,1,3,Powell
-5.2,False,461,13,188,1,3,Powell
-5.4,False,461,13,188,1,3,Powell
-5.6,False,461,13,188,1,3,Powell
-5.8,False,461,13,188,1,3,Powell
-6.0,False,461,13,188,1,3,Powell
-6.2,False,461,13,188,1,3,Powell
-6.4,False,461,13,188,1,3,Powell
-6.6,False,461,13,188,1,3,Powell
-6.8,False,461,13,188,1,3,Powell
-7.0,False,461,13,188,1,3,Powell
-7.2,False,461,13,188,1,3,Powell
-7.4,False,461,13,188,1,3,Powell
-7.6,False,461,13,188,1,3,Powell
-7.8,False,461,13,188,1,3,Powell
-8.0,False,461,13,188,1,3,Powell
2.0,True,55,13,189,1,3,Powell
1.8,True,60,13,189,1,3,Powell
1.6,True,60,13,189,1,3,Powell
1.4,True,60,13,189,1,3,Powell
1.2,True,73,13,189,1,3,Powell
1.0,False,234,13,189,1,3,Powell
0.8,False,234,13,189,1,3,Powell
0.6,False,234,13,189,1,3,Powell
0.4,False,234,13,189,1,3,Powell
0.2,False,234,13,189,1,3,Powell
0.0,False,234,13,189,1,3,Powell
-0.2,False,234,13,189,1,3,Powell
-0.4,False,234,13,189,1,3,Powell
-0.6,False,234,13,189,1,3,Powell
-0.8,False,234,13,189,1,3,Powell
-1.0,False,234,13,189,1,3,Powell
-1.2,False,234,13,189,1,3,Powell
-1.4,False,234,13,189,1,3,Powell
-1.6,False,234,13,189,1,3,Powell
-1.8,False,234,13,189,1,3,Powell
-2.0,False,234,13,189,1,3,Powell
-2.2,False,234,13,189,1,3,Powell
-2.4,False,234,13,189,1,3,Powell
-2.6,False,234,13,189,1,3,Powell
-2.8,False,234,13,189,1,3,Powell
-3.0,False,234,13,189,1,3,Powell
-3.2,False,234,13,189,1,3,Powell
-3.4,False,234,13,189,1,3,Powell
-3.6,False,234,13,189,1,3,Powell
-3.8,False,234,13,189,1,3,Powell
-4.0,False,234,13,189,1,3,Powell
-4.2,False,234,13,189,1,3,Powell
-4.4,False,234,13,189,1,3,Powell
-4.6,False,234,13,189,1,3,Powell
-4.8,False,234,13,189,1,3,Powell
-5.0,False,234,13,189,1,3,Powell
-5.2,False,234,13,189,1,3,Powell
-5.4,False,234,13,189,1,3,Powell
-5.6,False,234,13,189,1,3,Powell
-5.8,False,234,13,189,1,3,Powell
-6.0,False,234,13,189,1,3,Powell
-6.2,False,234,13,189,1,3,Powell
-6.4,False,234,13,189,1,3,Powell
-6.6,False,234,13,189,1,3,Powell
-6.8,False,234,13,189,1,3,Powell
-7.0,False,234,13,189,1,3,Powell
-7.2,False,234,13,189,1,3,Powell
-7.4,False,234,13,189,1,3,Powell
-7.6,False,234,13,189,1,3,Powell
-7.8,False,234,13,189,1,3,Powell
-8.0,False,234,13,189,1,3,Powell
2.0,True,8,13,190,1,3,Powell
1.8,True,8,13,190,1,3,Powell
1.6,True,8,13,190,1,3,Powell
1.4,True,8,13,190,1,3,Powell
1.2,True,8,13,190,1,3,Powell
1.0,True,9,13,190,1,3,Powell
0.8,True,21,13,190,1,3,Powell
0.6,True,21,13,190,1,3,Powell
0.4,True,33,13,190,1,3,Powell
0.2,True,33,13,190,1,3,Powell
0.0,True,78,13,190,1,3,Powell
-0.2,False,145,13,190,1,3,Powell
-0.4,False,145,13,190,1,3,Powell
-0.6,False,145,13,190,1,3,Powell
-0.8,False,145,13,190,1,3,Powell
-1.0,False,145,13,190,1,3,Powell
-1.2,False,145,13,190,1,3,Powell
-1.4,False,145,13,190,1,3,Powell
-1.6,False,145,13,190,1,3,Powell
-1.8,False,145,13,190,1,3,Powell
-2.0,False,145,13,190,1,3,Powell
-2.2,False,145,13,190,1,3,Powell
-2.4,False,145,13,190,1,3,Powell
-2.6,False,145,13,190,1,3,Powell
-2.8,False,145,13,190,1,3,Powell
-3.0,False,145,13,190,1,3,Powell
-3.2,False,145,13,190,1,3,Powell
-3.4,False,145,13,190,1,3,Powell
-3.6,False,145,13,190,1,3,Powell
-3.8,False,145,13,190,1,3,Powell
-4.0,False,145,13,190,1,3,Powell
-4.2,False,145,13,190,1,3,Powell
-4.4,False,145,13,190,1,3,Powell
-4.6,False,145,13,190,1,3,Powell
-4.8,False,145,13,190,1,3,Powell
-5.0,False,145,13,190,1,3,Powell
-5.2,False,145,13,190,1,3,Powell
-5.4,False,145,13,190,1,3,Powell
-5.6,False,145,13,190,1,3,Powell
-5.8,False,145,13,190,1,3,Powell
-6.0,False,145,13,190,1,3,Powell
-6.2,False,145,13,190,1,3,Powell
-6.4,False,145,13,190,1,3,Powell
-6.6,False,145,13,190,1,3,Powell
-6.8,False,145,13,190,1,3,Powell
-7.0,False,145,13,190,1,3,Powell
-7.2,False,145,13,190,1,3,Powell
-7.4,False,145,13,190,1,3,Powell
-7.6,False,145,13,190,1,3,Powell
-7.8,False,145,13,190,1,3,Powell
-8.0,False,145,13,190,1,3,Powell
2.0,False,189,13,191,1,3,Powell
1.8,False,189,13,191,1,3,Powell
1.6,False,189,13,191,1,3,Powell
1.4,False,189,13,191,1,3,Powell
1.2,False,189,13,191,1,3,Powell
1.0,False,189,13,191,1,3,Powell
0.8,False,189,13,191,1,3,Powell
0.6,False,189,13,191,1,3,Powell
0.4,False,189,13,191,1,3,Powell
0.2,False,189,13,191,1,3,Powell
0.0,False,189,13,191,1,3,Powell
-0.2,False,189,13,191,1,3,Powell
-0.4,False,189,13,191,1,3,Powell
-0.6,False,189,13,191,1,3,Powell
-0.8,False,189,13,191,1,3,Powell
-1.0,False,189,13,191,1,3,Powell
-1.2,False,189,13,191,1,3,Powell
-1.4,False,189,13,191,1,3,Powell
-1.6,False,189,13,191,1,3,Powell
-1.8,False,189,13,191,1,3,Powell
-2.0,False,189,13,191,1,3,Powell
-2.2,False,189,13,191,1,3,Powell
-2.4,False,189,13,191,1,3,Powell
-2.6,False,189,13,191,1,3,Powell
-2.8,False,189,13,191,1,3,Powell
-3.0,False,189,13,191,1,3,Powell
-3.2,False,189,13,191,1,3,Powell
-3.4,False,189,13,191,1,3,Powell
-3.6,False,189,13,191,1,3,Powell
-3.8,False,189,13,191,1,3,Powell
-4.0,False,189,13,191,1,3,Powell
-4.2,False,189,13,191,1,3,Powell
-4.4,False,189,13,191,1,3,Powell
-4.6,False,189,13,191,1,3,Powell
-4.8,False,189,13,191,1,3,Powell
-5.0,False,189,13,191,1,3,Powell
-5.2,False,189,13,191,1,3,Powell
-5.4,False,189,13,191,1,3,Powell
-5.6,False,189,13,191,1,3,Powell
-5.8,False,189,13,191,1,3,Powell
-6.0,False,189,13,191,1,3,Powell
-6.2,False,189,13,191,1,3,Powell
-6.4,False,189,13,191,1,3,Powell
-6.6,False,189,13,191,1,3,Powell
-6.8,False,189,13,191,1,3,Powell
-7.0,False,189,13,191,1,3,Powell
-7.2,False,189,13,191,1,3,Powell
-7.4,False,189,13,191,1,3,Powell
-7.6,False,189,13,191,1,3,Powell
-7.8,False,189,13,191,1,3,Powell
-8.0,False,189,13,191,1,3,Powell
2.0,True,271,13,192,1,3,Powell
1.8,True,272,13,192,1,3,Powell
1.6,True,272,13,192,1,3,Powell
1.4,True,272,13,192,1,3,Powell
1.2,True,272,13,192,1,3,Powell
1.0,True,272,13,192,1,3,Powell
0.8,True,276,13,192,1,3,Powell
0.6,True,276,13,192,1,3,Powell
0.4,True,276,13,192,1,3,Powell
0.2,True,295,13,192,1,3,Powell
0.0,True,296,13,192,1,3,Powell
-0.2,True,297,13,192,1,3,Powell
-0.4,True,319,13,192,1,3,Powell
-0.6,True,321,13,192,1,3,Powell
-0.8,True,322,13,192,1,3,Powell
-1.0,True,334,13,192,1,3,Powell
-1.2,True,334,13,192,1,3,Powell
-1.4,True,363,13,192,1,3,Powell
-1.6,True,363,13,192,1,3,Powell
-1.8,True,382,13,192,1,3,Powell
-2.0,False,468,13,192,1,3,Powell
-2.2,False,468,13,192,1,3,Powell
-2.4,False,468,13,192,1,3,Powell
-2.6,False,468,13,192,1,3,Powell
-2.8,False,468,13,192,1,3,Powell
-3.0,False,468,13,192,1,3,Powell
-3.2,False,468,13,192,1,3,Powell
-3.4,False,468,13,192,1,3,Powell
-3.6,False,468,13,192,1,3,Powell
-3.8,False,468,13,192,1,3,Powell
-4.0,False,468,13,192,1,3,Powell
-4.2,False,468,13,192,1,3,Powell
-4.4,False,468,13,192,1,3,Powell
-4.6,False,468,13,192,1,3,Powell
-4.8,False,468,13,192,1,3,Powell
-5.0,False,468,13,192,1,3,Powell
-5.2,False,468,13,192,1,3,Powell
-5.4,False,468,13,192,1,3,Powell
-5.6,False,468,13,192,1,3,Powell
-5.8,False,468,13,192,1,3,Powell
-6.0,False,468,13,192,1,3,Powell
-6.2,False,468,13,192,1,3,Powell
-6.4,False,468,13,192,1,3,Powell
-6.6,False,468,13,192,1,3,Powell
-6.8,False,468,13,192,1,3,Powell
-7.0,False,468,13,192,1,3,Powell
-7.2,False,468,13,192,1,3,Powell
-7.4,False,468,13,192,1,3,Powell
-7.6,False,468,13,192,1,3,Powell
-7.8,False,468,13,192,1,3,Powell
-8.0,False,468,13,192,1,3,Powell
2.0,False,341,13,193,1,3,Powell
1.8,False,341,13,193,1,3,Powell
1.6,False,341,13,193,1,3,Powell
1.4,False,341,13,193,1,3,Powell
1.2,False,341,13,193,1,3,Powell
1.0,False,341,13,193,1,3,Powell
0.8,False,341,13,193,1,3,Powell
0.6,False,341,13,193,1,3,Powell
0.4,False,341,13,193,1,3,Powell
0.2,False,341,13,193,1,3,Powell
0.0,False,341,13,193,1,3,Powell
-0.2,False,341,13,193,1,3,Powell
-0.4,False,341,13,193,1,3,Powell
-0.6,False,341,13,193,1,3,Powell
-0.8,False,341,13,193,1,3,Powell
-1.0,False,341,13,193,1,3,Powell
-1.2,False,341,13,193,1,3,Powell
-1.4,False,341,13,193,1,3,Powell
-1.6,False,341,13,193,1,3,Powell
-1.8,False,341,13,193,1,3,Powell
-2.0,False,341,13,193,1,3,Powell
-2.2,False,341,13,193,1,3,Powell
-2.4,False,341,13,193,1,3,Powell
-2.6,False,341,13,193,1,3,Powell
-2.8,False,341,13,193,1,3,Powell
-3.0,False,341,13,193,1,3,Powell
-3.2,False,341,13,193,1,3,Powell
-3.4,False,341,13,193,1,3,Powell
-3.6,False,341,13,193,1,3,Powell
-3.8,False,341,13,193,1,3,Powell
-4.0,False,341,13,193,1,3,Powell
-4.2,False,341,13,193,1,3,Powell
-4.4,False,341,13,193,1,3,Powell
-4.6,False,341,13,193,1,3,Powell
-4.8,False,341,13,193,1,3,Powell
-5.0,False,341,13,193,1,3,Powell
-5.2,False,341,13,193,1,3,Powell
-5.4,False,341,13,193,1,3,Powell
-5.6,False,341,13,193,1,3,Powell
-5.8,False,341,13,193,1,3,Powell
-6.0,False,341,13,193,1,3,Powell
-6.2,False,341,13,193,1,3,Powell
-6.4,False,341,13,193,1,3,Powell
-6.6,False,341,13,193,1,3,Powell
-6.8,False,341,13,193,1,3,Powell
-7.0,False,341,13,193,1,3,Powell
-7.2,False,341,13,193,1,3,Powell
-7.4,False,341,13,193,1,3,Powell
-7.6,False,341,13,193,1,3,Powell
-7.8,False,341,13,193,1,3,Powell
-8.0,False,341,13,193,1,3,Powell
2.0,True,36,13,194,1,3,Powell
1.8,True,38,13,194,1,3,Powell
1.6,False,187,13,194,1,3,Powell
1.4,False,187,13,194,1,3,Powell
1.2,False,187,13,194,1,3,Powell
1.0,False,187,13,194,1,3,Powell
0.8,False,187,13,194,1,3,Powell
0.6,False,187,13,194,1,3,Powell
0.4,False,187,13,194,1,3,Powell
0.2,False,187,13,194,1,3,Powell
0.0,False,187,13,194,1,3,Powell
-0.2,False,187,13,194,1,3,Powell
-0.4,False,187,13,194,1,3,Powell
-0.6,False,187,13,194,1,3,Powell
-0.8,False,187,13,194,1,3,Powell
-1.0,False,187,13,194,1,3,Powell
-1.2,False,187,13,194,1,3,Powell
-1.4,False,187,13,194,1,3,Powell
-1.6,False,187,13,194,1,3,Powell
-1.8,False,187,13,194,1,3,Powell
-2.0,False,187,13,194,1,3,Powell
-2.2,False,187,13,194,1,3,Powell
-2.4,False,187,13,194,1,3,Powell
-2.6,False,187,13,194,1,3,Powell
-2.8,False,187,13,194,1,3,Powell
-3.0,False,187,13,194,1,3,Powell
-3.2,False,187,13,194,1,3,Powell
-3.4,False,187,13,194,1,3,Powell
-3.6,False,187,13,194,1,3,Powell
-3.8,False,187,13,194,1,3,Powell
-4.0,False,187,13,194,1,3,Powell
-4.2,False,187,13,194,1,3,Powell
-4.4,False,187,13,194,1,3,Powell
-4.6,False,187,13,194,1,3,Powell
-4.8,False,187,13,194,1,3,Powell
-5.0,False,187,13,194,1,3,Powell
-5.2,False,187,13,194,1,3,Powell
-5.4,False,187,13,194,1,3,Powell
-5.6,False,187,13,194,1,3,Powell
-5.8,False,187,13,194,1,3,Powell
-6.0,False,187,13,194,1,3,Powell
-6.2,False,187,13,194,1,3,Powell
-6.4,False,187,13,194,1,3,Powell
-6.6,False,187,13,194,1,3,Powell
-6.8,False,187,13,194,1,3,Powell
-7.0,False,187,13,194,1,3,Powell
-7.2,False,187,13,194,1,3,Powell
-7.4,False,187,13,194,1,3,Powell
-7.6,False,187,13,194,1,3,Powell
-7.8,False,187,13,194,1,3,Powell
-8.0,False,187,13,194,1,3,Powell
2.0,True,35,13,195,1,3,Powell
1.8,True,35,13,195,1,3,Powell
1.6,True,49,13,195,1,3,Powell
1.4,False,269,13,195,1,3,Powell
1.2,False,269,13,195,1,3,Powell
1.0,False,269,13,195,1,3,Powell
0.8,False,269,13,195,1,3,Powell
0.6,False,269,13,195,1,3,Powell
0.4,False,269,13,195,1,3,Powell
0.2,False,269,13,195,1,3,Powell
0.0,False,269,13,195,1,3,Powell
-0.2,False,269,13,195,1,3,Powell
-0.4,False,269,13,195,1,3,Powell
-0.6,False,269,13,195,1,3,Powell
-0.8,False,269,13,195,1,3,Powell
-1.0,False,269,13,195,1,3,Powell
-1.2,False,269,13,195,1,3,Powell
-1.4,False,269,13,195,1,3,Powell
-1.6,False,269,13,195,1,3,Powell
-1.8,False,269,13,195,1,3,Powell
-2.0,False,269,13,195,1,3,Powell
-2.2,False,269,13,195,1,3,Powell
-2.4,False,269,13,195,1,3,Powell
-2.6,False,269,13,195,1,3,Powell
-2.8,False,269,13,195,1,3,Powell
-3.0,False,269,13,195,1,3,Powell
-3.2,False,269,13,195,1,3,Powell
-3.4,False,269,13,195,1,3,Powell
-3.6,False,269,13,195,1,3,Powell
-3.8,False,269,13,195,1,3,Powell
-4.0,False,269,13,195,1,3,Powell
-4.2,False,269,13,195,1,3,Powell
-4.4,False,269,13,195,1,3,Powell
-4.6,False,269,13,195,1,3,Powell
-4.8,False,269,13,195,1,3,Powell
-5.0,False,269,13,195,1,3,Powell
-5.2,False,269,13,195,1,3,Powell
-5.4,False,269,13,195,1,3,Powell
-5.6,False,269,13,195,1,3,Powell
-5.8,False,269,13,195,1,3,Powell
-6.0,False,269,13,195,1,3,Powell
-6.2,False,269,13,195,1,3,Powell
-6.4,False,269,13,195,1,3,Powell
-6.6,False,269,13,195,1,3,Powell
-6.8,False,269,13,195,1,3,Powell
-7.0,False,269,13,195,1,3,Powell
-7.2,False,269,13,195,1,3,Powell
-7.4,False,269,13,195,1,3,Powell
-7.6,False,269,13,195,1,3,Powell
-7.8,False,269,13,195,1,3,Powell
-8.0,False,269,13,195,1,3,Powell
2.0,True,27,13,196,1,3,Powell
1.8,True,33,13,196,1,3,Powell
1.6,False,206,13,196,1,3,Powell
1.4,False,206,13,196,1,3,Powell
1.2,False,206,13,196,1,3,Powell
1.0,False,206,13,196,1,3,Powell
0.8,False,206,13,196,1,3,Powell
0.6,False,206,13,196,1,3,Powell
0.4,False,206,13,196,1,3,Powell
0.2,False,206,13,196,1,3,Powell
0.0,False,206,13,196,1,3,Powell
-0.2,False,206,13,196,1,3,Powell
-0.4,False,206,13,196,1,3,Powell
-0.6,False,206,13,196,1,3,Powell
-0.8,False,206,13,196,1,3,Powell
-1.0,False,206,13,196,1,3,Powell
-1.2,False,206,13,196,1,3,Powell
-1.4,False,206,13,196,1,3,Powell
-1.6,False,206,13,196,1,3,Powell
-1.8,False,206,13,196,1,3,Powell
-2.0,False,206,13,196,1,3,Powell
-2.2,False,206,13,196,1,3,Powell
-2.4,False,206,13,196,1,3,Powell
-2.6,False,206,13,196,1,3,Powell
-2.8,False,206,13,196,1,3,Powell
-3.0,False,206,13,196,1,3,Powell
-3.2,False,206,13,196,1,3,Powell
-3.4,False,206,13,196,1,3,Powell
-3.6,False,206,13,196,1,3,Powell
-3.8,False,206,13,196,1,3,Powell
-4.0,False,206,13,196,1,3,Powell
-4.2,False,206,13,196,1,3,Powell
-4.4,False,206,13,196,1,3,Powell
-4.6,False,206,13,196,1,3,Powell
-4.8,False,206,13,196,1,3,Powell
-5.0,False,206,13,196,1,3,Powell
-5.2,False,206,13,196,1,3,Powell
-5.4,False,206,13,196,1,3,Powell
-5.6,False,206,13,196,1,3,Powell
-5.8,False,206,13,196,1,3,Powell
-6.0,False,206,13,196,1,3,Powell
-6.2,False,206,13,196,1,3,Powell
-6.4,False,206,13,196,1,3,Powell
-6.6,False,206,13,196,1,3,Powell
-6.8,False,206,13,196,1,3,Powell
-7.0,False,206,13,196,1,3,Powell
-7.2,False,206,13,196,1,3,Powell
-7.4,False,206,13,196,1,3,Powell
-7.6,False,206,13,196,1,3,Powell
-7.8,False,206,13,196,1,3,Powell
-8.0,False,206,13,196,1,3,Powell
2.0,True,47,13,197,1,3,Powell
1.8,False,189,13,197,1,3,Powell
1.6,False,189,13,197,1,3,Powell
1.4,False,189,13,197,1,3,Powell
1.2,False,189,13,197,1,3,Powell
1.0,False,189,13,197,1,3,Powell
0.8,False,189,13,197,1,3,Powell
0.6,False,189,13,197,1,3,Powell
0.4,False,189,13,197,1,3,Powell
0.2,False,189,13,197,1,3,Powell
0.0,False,189,13,197,1,3,Powell
-0.2,False,189,13,197,1,3,Powell
-0.4,False,189,13,197,1,3,Powell
-0.6,False,189,13,197,1,3,Powell
-0.8,False,189,13,197,1,3,Powell
-1.0,False,189,13,197,1,3,Powell
-1.2,False,189,13,197,1,3,Powell
-1.4,False,189,13,197,1,3,Powell
-1.6,False,189,13,197,1,3,Powell
-1.8,False,189,13,197,1,3,Powell
-2.0,False,189,13,197,1,3,Powell
-2.2,False,189,13,197,1,3,Powell
-2.4,False,189,13,197,1,3,Powell
-2.6,False,189,13,197,1,3,Powell
-2.8,False,189,13,197,1,3,Powell
-3.0,False,189,13,197,1,3,Powell
-3.2,False,189,13,197,1,3,Powell
-3.4,False,189,13,197,1,3,Powell
-3.6,False,189,13,197,1,3,Powell
-3.8,False,189,13,197,1,3,Powell
-4.0,False,189,13,197,1,3,Powell
-4.2,False,189,13,197,1,3,Powell
-4.4,False,189,13,197,1,3,Powell
-4.6,False,189,13,197,1,3,Powell
-4.8,False,189,13,197,1,3,Powell
-5.0,False,189,13,197,1,3,Powell
-5.2,False,189,13,197,1,3,Powell
-5.4,False,189,13,197,1,3,Powell
-5.6,False,189,13,197,1,3,Powell
-5.8,False,189,13,197,1,3,Powell
-6.0,False,189,13,197,1,3,Powell
-6.2,False,189,13,197,1,3,Powell
-6.4,False,189,13,197,1,3,Powell
-6.6,False,189,13,197,1,3,Powell
-6.8,False,189,13,197,1,3,Powell
-7.0,False,189,13,197,1,3,Powell
-7.2,False,189,13,197,1,3,Powell
-7.4,False,189,13,197,1,3,Powell
-7.6,False,189,13,197,1,3,Powell
-7.8,False,189,13,197,1,3,Powell
-8.0,False,189,13,197,1,3,Powell
2.0,True,49,13,198,1,3,Powell
1.8,True,49,13,198,1,3,Powell
1.6,True,68,13,198,1,3,Powell
1.4,True,77,13,198,1,3,Powell
1.2,True,78,13,198,1,3,Powell
1.0,True,100,13,198,1,3,Powell
0.8,True,102,13,198,1,3,Powell
0.6,True,116,13,198,1,3,Powell
0.4,True,142,13,198,1,3,Powell
0.2,True,142,13,198,1,3,Powell
0.0,True,157,13,198,1,3,Powell
-0.2,True,186,13,198,1,3,Powell
-0.4,True,203,13,198,1,3,Powell
-0.6,True,251,13,198,1,3,Powell
-0.8,False,368,13,198,1,3,Powell
-1.0,False,368,13,198,1,3,Powell
-1.2,False,368,13,198,1,3,Powell
-1.4,False,368,13,198,1,3,Powell
-1.6,False,368,13,198,1,3,Powell
-1.8,False,368,13,198,1,3,Powell
-2.0,False,368,13,198,1,3,Powell
-2.2,False,368,13,198,1,3,Powell
-2.4,False,368,13,198,1,3,Powell
-2.6,False,368,13,198,1,3,Powell
-2.8,False,368,13,198,1,3,Powell
-3.0,False,368,13,198,1,3,Powell
-3.2,False,368,13,198,1,3,Powell
-3.4,False,368,13,198,1,3,Powell
-3.6,False,368,13,198,1,3,Powell
-3.8,False,368,13,198,1,3,Powell
-4.0,False,368,13,198,1,3,Powell
-4.2,False,368,13,198,1,3,Powell
-4.4,False,368,13,198,1,3,Powell
-4.6,False,368,13,198,1,3,Powell
-4.8,False,368,13,198,1,3,Powell
-5.0,False,368,13,198,1,3,Powell
-5.2,False,368,13,198,1,3,Powell
-5.4,False,368,13,198,1,3,Powell
-5.6,False,368,13,198,1,3,Powell
-5.8,False,368,13,198,1,3,Powell
-6.0,False,368,13,198,1,3,Powell
-6.2,False,368,13,198,1,3,Powell
-6.4,False,368,13,198,1,3,Powell
-6.6,False,368,13,198,1,3,Powell
-6.8,False,368,13,198,1,3,Powell
-7.0,False,368,13,198,1,3,Powell
-7.2,False,368,13,198,1,3,Powell
-7.4,False,368,13,198,1,3,Powell
-7.6,False,368,13,198,1,3,Powell
-7.8,False,368,13,198,1,3,Powell
-8.0,False,368,13,198,1,3,Powell
2.0,False,278,13,199,1,3,Powell
1.8,False,278,13,199,1,3,Powell
1.6,False,278,13,199,1,3,Powell
1.4,False,278,13,199,1,3,Powell
1.2,False,278,13,199,1,3,Powell
1.0,False,278,13,199,1,3,Powell
0.8,False,278,13,199,1,3,Powell
0.6,False,278,13,199,1,3,Powell
0.4,False,278,13,199,1,3,Powell
0.2,False,278,13,199,1,3,Powell
0.0,False,278,13,199,1,3,Powell
-0.2,False,278,13,199,1,3,Powell
-0.4,False,278,13,199,1,3,Powell
-0.6,False,278,13,199,1,3,Powell
-0.8,False,278,13,199,1,3,Powell
-1.0,False,278,13,199,1,3,Powell
-1.2,False,278,13,199,1,3,Powell
-1.4,False,278,13,199,1,3,Powell
-1.6,False,278,13,199,1,3,Powell
-1.8,False,278,13,199,1,3,Powell
-2.0,False,278,13,199,1,3,Powell
-2.2,False,278,13,199,1,3,Powell
-2.4,False,278,13,199,1,3,Powell
-2.6,False,278,13,199,1,3,Powell
-2.8,False,278,13,199,1,3,Powell
-3.0,False,278,13,199,1,3,Powell
-3.2,False,278,13,199,1,3,Powell
-3.4,False,278,13,199,1,3,Powell
-3.6,False,278,13,199,1,3,Powell
-3.8,False,278,13,199,1,3,Powell
-4.0,False,278,13,199,1,3,Powell
-4.2,False,278,13,199,1,3,Powell
-4.4,False,278,13,199,1,3,Powell
-4.6,False,278,13,199,1,3,Powell
-4.8,False,278,13,199,1,3,Powell
-5.0,False,278,13,199,1,3,Powell
-5.2,False,278,13,199,1,3,Powell
-5.4,False,278,13,199,1,3,Powell
-5.6,False,278,13,199,1,3,Powell
-5.8,False,278,13,199,1,3,Powell
-6.0,False,278,13,199,1,3,Powell
-6.2,False,278,13,199,1,3,Powell
-6.4,False,278,13,199,1,3,Powell
-6.6,False,278,13,199,1,3,Powell
-6.8,False,278,13,199,1,3,Powell
-7.0,False,278,13,199,1,3,Powell
-7.2,False,278,13,199,1,3,Powell
-7.4,False,278,13,199,1,3,Powell
-7.6,False,278,13,199,1,3,Powell
-7.8,False,278,13,199,1,3,Powell
-8.0,False,278,13,199,1,3,Powell
2.0,True,35,13,200,1,3,Powell
1.8,True,46,13,200,1,3,Powell
1.6,True,122,13,200,1,3,Powell
1.4,False,413,13,200,1,3,Powell
1.2,False,413,13,200,1,3,Powell
1.0,False,413,13,200,1,3,Powell
0.8,False,413,13,200,1,3,Powell
0.6,False,413,13,200,1,3,Powell
0.4,False,413,13,200,1,3,Powell
0.2,False,413,13,200,1,3,Powell
0.0,False,413,13,200,1,3,Powell
-0.2,False,413,13,200,1,3,Powell
-0.4,False,413,13,200,1,3,Powell
-0.6,False,413,13,200,1,3,Powell
-0.8,False,413,13,200,1,3,Powell
-1.0,False,413,13,200,1,3,Powell
-1.2,False,413,13,200,1,3,Powell
-1.4,False,413,13,200,1,3,Powell
-1.6,False,413,13,200,1,3,Powell
-1.8,False,413,13,200,1,3,Powell
-2.0,False,413,13,200,1,3,Powell
-2.2,False,413,13,200,1,3,Powell
-2.4,False,413,13,200,1,3,Powell
-2.6,False,413,13,200,1,3,Powell
-2.8,False,413,13,200,1,3,Powell
-3.0,False,413,13,200,1,3,Powell
-3.2,False,413,13,200,1,3,Powell
-3.4,False,413,13,200,1,3,Powell
-3.6,False,413,13,200,1,3,Powell
-3.8,False,413,13,200,1,3,Powell
-4.0,False,413,13,200,1,3,Powell
-4.2,False,413,13,200,1,3,Powell
-4.4,False,413,13,200,1,3,Powell
-4.6,False,413,13,200,1,3,Powell
-4.8,False,413,13,200,1,3,Powell
-5.0,False,413,13,200,1,3,Powell
-5.2,False,413,13,200,1,3,Powell
-5.4,False,413,13,200,1,3,Powell
-5.6,False,413,13,200,1,3,Powell
-5.8,False,413,13,200,1,3,Powell
-6.0,False,413,13,200,1,3,Powell
-6.2,False,413,13,200,1,3,Powell
-6.4,False,413,13,200,1,3,Powell
-6.6,False,413,13,200,1,3,Powell
-6.8,False,413,13,200,1,3,Powell
-7.0,False,413,13,200,1,3,Powell
-7.2,False,413,13,200,1,3,Powell
-7.4,False,413,13,200,1,3,Powell
-7.6,False,413,13,200,1,3,Powell
-7.8,False,413,13,200,1,3,Powell
-8.0,False,413,13,200,1,3,Powell
