log10_target,solved,evaluations,fid,iid,rep,dim,param_id
2.0,True,12,13,101,1,2,Powell
1.8,True,12,13,101,1,2,Powell
1.6,False,118,13,101,1,2,Powell
1.4,False,118,13,101,1,2,Powell
1.2,False,118,13,101,1,2,Powell
1.0,False,118,13,101,1,2,Powell
0.8,False,118,13,101,1,2,Powell
0.6,False,118,13,101,1,2,Powell
0.4,False,118,13,101,1,2,Powell
0.2,False,118,13,101,1,2,Powell
0.0,False,118,13,101,1,2,Powell
-0.2,False,118,13,101,1,2,Powell
-0.4,False,118,13,101,1,2,Powell
-0.6,False,118,13,101,1,2,Powell
-0.8,False,118,13,101,1,2,Powell
-1.0,False,118,13,101,1,2,Powell
-1.2,False,118,13,101,1,2,Powell
-1.4,False,118,13,101,1,2,Powell
-1.6,False,118,13,101,1,2,Powell
-1.8,False,118,13,101,1,2,Powell
-2.0,False,118,13,101,1,2,Powell
-2.2,False,118,13,101,1,2,Powell
-2.4,False,118,13,101,1,2,Powell
-2.6,False,118,13,101,1,2,Powell
-2.8,False,118,13,101,1,2,Powell
-3.0,False,118,13,101,1,2,Powell
-3.2,False,118,13,101,1,2,Powell
-3.4,False,118,13,101,1,2,Powell
-3.6,False,118,13,101,1,2,Powell
-3.8,False,118,13,101,1,2,Powell
-4.0,False,118,13,101,1,2,Powell
-4.2,False,118,13,101,1,2,Powell
-4.4,False,118,13,101,1,2,Powell
-4.6,False,118,13,101,1,2,Powell
-4.8,False,118,13,101,1,2,Powell
-5.0,False,118,13,101,1,2,Powell
-5.2,False,118,13,101,1,2,Powell
-5.4,False,118,13,101,1,2,Powell
-5.6,False,118,13,101,1,2,Powell
-5.8,False,118,13,101,1,2,Powell
-6.0,False,118,13,101,1,2,Powell
-6.2,False,118,13,101,1,2,Powell
-6.4,False,118,13,101,1,2,Powell
-6.6,False,118,13,101,1,2,Powell
-6.8,False,118,13,101,1,2,Powell
-7.0,False,118,13,101,1,2,Powell
-7.2,False,118,13,101,1,2,Powell
-7.4,False,118,13,101,1,2,Powell
-7.6,False,118,13,101,1,2,Powell
-7.8,False,118,13,101,1,2,Powell
-8.0,False,118,13,101,1,2,Powell
2.0,True,1,13,102,1,2,Powell
1.8,True,5,13,102,1,2,Powell
1.6,True,5,13,102,1,2,Powell
1.4,True,7,13,102,1,2,Powell
1.2,True,7,13,102,1,2,Powell
1.0,True,8,13,102,1,2,Powell
0.8,True,9,13,102,1,2,Powell
0.6,False,115,13,102,1,2,Powell
0.4,False,115,13,102,1,2,Powell
0.2,False,115,13,102,1,2,Powell
0.0,False,115,13,102,1,2,Powell
-0.2,False,115,13,102,1,2,Powell
-0.4,False,115,13,102,1,2,Powell
-0.6,False,115,13,102,1,2,Powell
-0.8,False,115,13,102,1,2,Powell
-1.0,False,115,13,102,1,2,Powell
-1.2,False,115,13,102,1,2,Powell
-1.4,False,115,13,102,1,2,Powell
-1.6,False,115,13,102,1,2,Powell
-1.8,False,115,13,102,1,2,Powell
-2.0,False,115,13,102,1,2,Powell
-2.2,False,115,13,102,1,2,Powell
-2.4,False,115,13,102,1,2,Powell
-2.6,False,115,13,102,1,2,Powell
-2.8,False,115,13,102,1,2,Powell
-3.0,False,115,13,102,1,2,Powell
-3.2,False,115,13,102,1,2,Powell
-3.4,False,115,13,102,1,2,Powell
-3.6,False,115,13,102,1,2,Powell
-3.8,False,115,13,102,1,2,Powell
-4.0,False,115,13,102,1,2,Powell
-4.2,False,115,13,102,1,2,Powell
-4.4,False,115,13,102,1,2,Powell
-4.6,False,115,13,102,1,2,Powell
-4.8,False,115,13,102,1,2,Powell
-5.0,False,115,13,102,1,2,Powell
-5.2,False,115,13,102,1,2,Powell
-5.4,False,115,13,102,1,2,Powell
-5.6,False,115,13,102,1,2,Powell
-5.8,False,115,13,102,1,2,Powell
-6.0,False,115,13,102,1,2,Powell
-6.2,False,115,13,102,1,2,Powell
-6.4,False,115,13,102,1,2,Powell
-6.6,False,115,13,102,1,2,Powell
-6.8,False,115,13,102,1,2,Powell
-7.0,False,115,13,102,1,2,Powell
-7.2,False,115,13,102,1,2,Powell
-7.4,False,115,13,102,1,2,Powell
-7.6,False,115,13,102,1,2,Powell
-7.8,False,115,13,102,1,2,Powell
-8.0,False,115,13,102,1,2,Powell
2.0,True,7,13,103,1,2,Powell
1.8,False,113,13,103,1,2,Powell
1.6,False,113,13,103,1,2,Powell
1.4,False,113,13,103,1,2,Powell
1.2,False,113,13,103,1,2,Powell
1.0,False,113,13,103,1,2,Powell
0.8,False,113,13,103,1,2,Powell
0.6,False,113,13,103,1,2,Powell
0.4,False,113,13,103,1,2,Powell
0.2,False,113,13,103,1,2,Powell
0.0,False,113,13,103,1,2,Powell
-0.2,False,113,13,103,1,2,Powell
-0.4,False,113,13,103,1,2,Powell
-0.6,False,113,13,103,1,2,Powell
-0.8,False,113,13,103,1,2,Powell
-1.0,False,113,13,103,1,2,Powell
-1.2,False,113,13,103,1,2,Powell
-1.4,False,113,13,103,1,2,Powell
-1.6,False,113,13,103,1,2,Powell
-1.8,False,113,13,103,1,2,Powell
-2.0,False,113,13,103,1,2,Powell
-2.2,False,113,13,103,1,2,Powell
-2.4,False,113,13,103,1,2,Powell
-2.6,False,113,13,103,1,2,Powell
-2.8,False,113,13,103,1,2,Powell
-3.0,False,113,13,103,1,2,Powell
-3.2,False,113,13,103,1,2,Powell
-3.4,False,113,13,103,1,2,Powell
-3.6,False,113,13,103,1,2,Powell
-3.8,False,113,13,103,1,2,Powell
-4.0,False,113,13,103,1,2,Powell
-4.2,False,113,13,103,1,2,Powell
-4.4,False,113,13,103,1,2,Powell
-4.6,False,113,13,103,1,2,Powell
-4.8,False,113,13,103,1,2,Powell
-5.0,False,113,13,103,1,2,Powell
-5.2,False,113,13,103,1,2,Powell
-5.4,False,113,13,103,1,2,Powell
-5.6,False,113,13,103,1,2,Powell
-5.8,False,113,13,103,1,2,Powell
-6.0,False,113,13,103,1,2,Powell
-6.2,False,113,13,103,1,2,Powell
-6.4,False,113,13,103,1,2,Powell
-6.6,False,113,13,103,1,2,Powell
-6.8,False,113,13,103,1,2,Powell
-7.0,False,113,13,103,1,2,Powell
-7.2,False,113,13,103,1,2,Powell
-7.4,False,113,13,103,1,2,Powell
-7.6,False,113,13,103,1,2,Powell
-7.8,False,113,13,103,1,2,Powell
-8.0,False,113,13,103,1,2,Powell
2.0,True,9,13,104,1,2,Powell
1.8,True,9,13,104,1,2,Powell
1.6,True,9,13,104,1,2,Powell
1.4,True,22,13,104,1,2,Powell
1.2,False,82,13,104,1,2,Powell
1.0,False,82,13,104,1,2,Powell
0.8,False,82,13,104,1,2,Powell
0.6,False,82,13,104,1,2,Powell
0.4,False,82,13,104,1,2,Powell
0.2,False,82,13,104,1,2,Powell
0.0,False,82,13,104,1,2,Powell
-0.2,False,82,13,104,1,2,Powell
-0.4,False,82,13,104,1,2,Powell
-0.6,False,82,13,104,1,2,Powell
-0.8,False,82,13,104,1,2,Powell
-1.0,False,82,13,104,1,2,Powell
-1.2,False,82,13,104,1,2,Powell
-1.4,False,82,13,104,1,2,Powell
-1.6,False,82,13,104,1,2,Powell
-1.8,False,82,13,104,1,2,Powell
-2.0,False,82,13,104,1,2,Powell
-2.2,False,82,13,104,1,2,Powell
-2.4,False,82,13,104,1,2,Powell
-2.6,False,82,13,104,1,2,Powell
-2.8,False,82,13,104,1,2,Powell
-3.0,False,82,13,104,1,2,Powell
-3.2,False,82,13,104,1,2,Powell
-3.4,False,82,13,104,1,2,Powell
-3.6,False,82,13,104,1,2,Powell
-3.8,False,82,13,104,1,2,Powell
-4.0,False,82,13,104,1,2,Powell
-4.2,False,82,13,104,1,2,Powell
-4.4,False,82,13,104,1,2,Powell
-4.6,False,82,13,104,1,2,Powell
-4.8,False,82,13,104,1,2,Powell
-5.0,False,82,13,104,1,2,Powell
-5.2,False,82,13,104,1,2,Powell
-5.4,False,82,13,104,1,2,Powell
-5.6,False,82,13,104,1,2,Powell
-5.8,False,82,13,104,1,2,Powell
-6.0,False,82,13,104,1,2,Powell
-6.2,False,82,13,104,1,2,Powell
-6.4,False,82,13,104,1,2,Powell
-6.6,False,82,13,104,1,2,Powell
-6.8,False,82,13,104,1,2,Powell
-7.0,False,82,13,104,1,2,Powell
-7.2,False,82,13,104,1,2,Powell
-7.4,False,82,13,104,1,2,Powell
-7.6,False,82,13,104,1,2,Powell
-7.8,False,82,13,104,1,2,Powell
-8.0,False,82,13,104,1,2,Powell
2.0,True,3,13,105,1,2,Powell
1.8,True,3,13,105,1,2,Powell
1.6,True,3,13,105,1,2,Powell
1.4,True,3,13,105,1,2,Powell
1.2,True,7,13,105,1,2,Powell
1.0,True,7,13,105,1,2,Powell
0.8,True,7,13,105,1,2,Powell
0.6,True,7,13,105,1,2,Powell
0.4,True,13,13,105,1,2,Powell
0.2,True,13,13,105,1,2,Powell
0.0,False,108,13,105,1,2,Powell
-0.2,False,108,13,105,1,2,Powell
-0.4,False,108,13,105,1,2,Powell
-0.6,False,108,13,105,1,2,Powell
-0.8,False,108,13,105,1,2,Powell
-1.0,False,108,13,105,1,2,Powell
-1.2,False,108,13,105,1,2,Powell
-1.4,False,108,13,105,1,2,Powell
-1.6,False,108,13,105,1,2,Powell
-1.8,False,108,13,105,1,2,Powell
-2.0,False,108,13,105,1,2,Powell
-2.2,False,108,13,105,1,2,Powell
-2.4,False,108,13,105,1,2,Powell
-2.6,False,108,13,105,1,2,Powell
-2.8,False,108,13,105,1,2,Powell
-3.0,False,108,13,105,1,2,Powell
-3.2,False,108,13,105,1,2,Powell
-3.4,False,108,13,105,1,2,Powell
-3.6,False,108,13,105,1,2,Powell
-3.8,False,108,13,105,1,2,Powell
-4.0,False,108,13,105,1,2,Powell
-4.2,False,108,13,105,1,2,Powell
-4.4,False,108,13,105,1,2,Powell
-4.6,False,108,13,105,1,2,Powell
-4.8,False,108,13,105,1,2,Powell
-5.0,False,108,13,105,1,2,Powell
-5.2,False,108,13,105,1,2,Powell
-5.4,False,108,13,105,1,2,Powell
-5.6,False,108,13,105,1,2,Powell
-5.8,False,108,13,105,1,2,Powell
-6.0,False,108,13,105,1,2,Powell
-6.2,False,108,13,105,1,2,Powell
-6.4,False,108,13,105,1,2,Powell
-6.6,False,108,13,105,1,2,Powell
-6.8,False,108,13,105,1,2,Powell
-7.0,False,108,13,105,1,2,Powell
-7.2,False,108,13,105,1,2,Powell
-7.4,False,108,13,105,1,2,Powell
-7.6,False,108,13,105,1,2,Powell
-7.8,False,108,13,105,1,2,Powell
-8.0,False,108,13,105,1,2,Powell
2.0,False,97,13,106,1,2,Powell
1.8,False,97,13,106,1,2,Powell
1.6,False,97,13,106,1,2,Powell
1.4,False,97,13,106,1,2,Powell
1.2,False,97,13,106,1,2,Powell
1.0,False,97,13,106,1,2,Powell
0.8,False,97,13,106,1,2,Powell
0.6,False,97,13,106,1,2,Powell
0.4,False,97,13,106,1,2,Powell
0.2,False,97,13,106,1,2,Powell
0.0,False,97,13,106,1,2,Powell
-0.2,False,97,13,106,1,2,Powell
-0.4,False,97,13,106,1,2,Powell
-0.6,False,97,13,106,1,2,Powell
-0.8,False,97,13,106,1,2,Powell
-1.0,False,97,13,106,1,2,Powell
-1.2,False,97,13,106,1,2,Powell
-1.4,False,97,13,106,1,2,Powell
-1.6,False,97,13,106,1,2,Powell
-1.8,False,97,13,106,1,2,Powell
-2.0,False,97,13,106,1,2,Powell
-2.2,False,97,13,106,1,2,Powell
-2.4,False,97,13,106,1,2,Powell
-2.6,False,97,13,106,1,2,Powell
-2.8,False,97,13,106,1,2,Powell
-3.0,False,97,13,106,1,2,Powell
-3.2,False,97,13,106,1,2,Powell
-3.4,False,97,13,106,1,2,Powell
-3.6,False,97,13,106,1,2,Powell
-3.8,False,97,13,106,1,2,Powell
-4.0,False,97,13,106,1,2,Powell
-4.2,False,97,13,106,1,2,Powell
-4.4,False,97,13,106,1,2,Powell
-4.6,False,97,13,106,1,2,Powell
-4.8,False,97,13,106,1,2,Powell
-5.0,False,97,13,106,1,2,Powell
-5.2,False,97,13,106,1,2,Powell
-5.4,False,97,13,106,1,2,Powell
-5.6,False,97,13,106,1,2,Powell
-5.8,False,97,13,106,1,2,Powell
-6.0,False,97,13,106,1,2,Powell
-6.2,False,97,13,106,1,2,Powell
-6.4,False,97,13,106,1,2,Powell
-6.6,False,97,13,106,1,2,Powell
-6.8,False,97,13,106,1,2,Powell
-7.0,False,97,13,106,1,2,Powell
-7.2,False,97,13,106,1,2,Powell
-7.4,False,97,13,106,1,2,Powell
-7.6,False,97,13,106,1,2,Powell
-7.8,False,97,13,106,1,2,Powell
-8.0,False,97,13,106,1,2,Powell
2.0,True,8,13,107,1,2,Powell
1.8,True,8,13,107,1,2,Powell
1.6,True,8,13,107,1,2,Powell
1.4,True,10,13,107,1,2,Powell
1.2,True,10,13,107,1,2,Powell
1.0,True,20,13,107,1,2,Powell
0.8,False,78,13,107,1,2,Powell
0.6,False,78,13,107,1,2,Powell
0.4,False,78,13,107,1,2,Powell
0.2,False,78,13,107,1,2,Powell
0.0,False,78,13,107,1,2,Powell
-0.2,False,78,13,107,1,2,Powell
-0.4,False,78,13,107,1,2,Powell
-0.6,False,78,13,107,1,2,Powell
-0.8,False,78,13,107,1,2,Powell
-1.0,False,78,13,107,1,2,Powell
-1.2,False,78,13,107,1,2,Powell
-1.4,False,78,13,107,1,2,Powell
-1.6,False,78,13,107,1,2,Powell
-1.8,False,78,13,107,1,2,Powell
-2.0,False,78,13,107,1,2,Powell
-2.2,False,78,13,107,1,2,Powell
-2.4,False,78,13,107,1,2,Powell
-2.6,False,78,13,107,1,2,Powell
-2.8,False,78,13,107,1,2,Powell
-3.0,False,78,13,107,1,2,Powell
-3.2,False,78,13,107,1,2,Powell
-3.4,False,78,13,107,1,2,Powell
-3.6,False,78,13,107,1,2,Powell
-3.8,False,78,13,107,1,2,Powell
-4.0,False,78,13,107,1,2,Powell
-4.2,False,78,13,107,1,2,Powell
-4.4,False,78,13,107,1,2,Powell
-4.6,False,78,13,107,1,2,Powell
-4.8,False,78,13,107,1,2,Powell
-5.0,False,78,13,107,1,2,Powell
-5.2,False,78,13,107,1,2,Powell
-5.4,False,78,13,107,1,2,Powell
-5.6,False,78,13,107,1,2,Powell
-5.8,False,78,13,107,1,2,Powell
-6.0,False,78,13,107,1,2,Powell
-6.2,False,78,13,107,1,2,Powell
-6.4,False,78,13,107,1,2,Powell
-6.6,False,78,13,107,1,2,Powell
-6.8,False,78,13,107,1,2,Powell
-7.0,False,78,13,107,1,2,Powell
-7.2,False,78,13,107,1,2,Powell
-7.4,False,78,13,107,1,2,Powell
-7.6,False,78,13,107,1,2,Powell
-7.8,False,78,13,107,1,2,Powell
-8.0,False,78,13,107,1,2,Powell
2.0,True,9,13,108,1,2,Powell
1.8,True,9,13,108,1,2,Powell
1.6,True,9,13,108,1,2,Powell
1.4,True,13,13,108,1,2,Powell
1.2,False,83,13,108,1,2,Powell
1.0,False,83,13,108,1,2,Powell
0.8,False,83,13,108,1,2,Powell
0.6,False,83,13,108,1,2,Powell
0.4,False,83,13,108,1,2,Powell
0.2,False,83,13,108,1,2,Powell
0.0,False,83,13,108,1,2,Powell
-0.2,False,83,13,108,1,2,Powell
-0.4,False,83,13,108,1,2,Powell
-0.6,False,83,13,108,1,2,Powell
-0.8,False,83,13,108,1,2,Powell
-1.0,False,83,13,108,1,2,Powell
-1.2,False,83,13,108,1,2,Powell
-1.4,False,83,13,108,1,2,Powell
-1.6,False,83,13,108,1,2,Powell
-1.8,False,83,13,108,1,2,Powell
-2.0,False,83,13,108,1,2,Powell
-2.2,False,83,13,108,1,2,Powell
-2.4,False,83,13,108,1,2,Powell
-2.6,False,83,13,108,1,2,Powell
-2.8,False,83,13,108,1,2,Powell
-3.0,False,83,13,108,1,2,Powell
-3.2,False,83,13,108,1,2,Powell
-3.4,False,83,13,108,1,2,Powell
-3.6,False,83,13,108,1,2,Powell
-3.8,False,83,13,108,1,2,Powell
-4.0,False,83,13,108,1,2,Powell
-4.2,False,83,13,108,1,2,Powell
-4.4,False,83,13,108,1,2,Powell
-4.6,False,83,13,108,1,2,Powell
-4.8,False,83,13,108,1,2,Powell
-5.0,False,83,13,108,1,2,Powell
-5.2,False,83,13,108,1,2,Powell
-5.4,False,83,13,108,1,2,Powell
-5.6,False,83,13,108,1,2,Powell
-5.8,False,83,13,108,1,2,Powell
-6.0,False,83,13,108,1,2,Powell
-6.2,False,83,13,108,1,2,Powell
-6.4,False,83,13,108,1,2,Powell
-6.6,False,83,13,108,1,2,Powell
-6.8,False,83,13,108,1,2,Powell
-7.0,False,83,13,108,1,2,Powell
-7.2,False,83,13,108,1,2,Powell
-7.4,False,83,13,108,1,2,Powell
-7.6,False,83,13,108,1,2,Powell
-7.8,False,83,13,108,1,2,Powell
-8.0,False,83,13,108,1,2,Powell
2.0,True,1,13,109,1,2,Powell
1.8,True,7,13,109,1,2,Powell
1.6,True,7,13,109,1,2,Powell
1.4,True,7,13,109,1,2,Powell
1.2,True,8,13,109,1,2,Powell
1.0,False,91,13,109,1,2,Powell
0.8,False,91,13,109,1,2,Powell
0.6,False,91,13,109,1,2,Powell
0.4,False,91,13,109,1,2,Powell
0.2,False,91,13,109,1,2,Powell
0.0,False,91,13,109,1,2,Powell
-0.2,False,91,13,109,1,2,Powell
-0.4,False,91,13,109,1,2,Powell
-0.6,False,91,13,109,1,2,Powell
-0.8,False,91,13,109,1,2,Powell
-1.0,False,91,13,109,1,2,Powell
-1.2,False,91,13,109,1,2,Powell
-1.4,False,91,13,109,1,2,Powell
-1.6,False,91,13,109,1,2,Powell
-1.8,False,91,13,109,1,2,Powell
-2.0,False,91,13,109,1,2,Powell
-2.2,False,91,13,109,1,2,Powell
-2.4,False,91,13,109,1,2,Powell
-2.6,False,91,13,109,1,2,Powell
-2.8,False,91,13,109,1,2,Powell
-3.0,False,91,13,109,1,2,Powell
-3.2,False,91,13,109,1,2,Powell
-3.4,False,91,13,109,1,2,Powell
-3.6,False,91,13,109,1,2,Powell
-3.8,False,91,13,109,1,2,Powell
-4.0,False,91,13,109,1,2,Powell
-4.2,False,91,13,109,1,2,Powell
-4.4,False,91,13,109,1,2,Powell
-4.6,False,91,13,109,1,2,Powell
-4.8,False,91,13,109,1,2,Powell
-5.0,False,91,13,109,1,2,Powell
-5.2,False,91,13,109,1,2,Powell
-5.4,False,91,13,109,1,2,Powell
-5.6,False,91,13,109,1,2,Powell
-5.8,False,91,13,109,1,2,Powell
-6.0,False,91,13,109,1,2,Powell
-6.2,False,91,13,109,1,2,Powell
-6.4,False,91,13,109,1,2,Powell
-6.6,False,91,13,109,1,2,Powell
-6.8,False,91,13,109,1,2,Powell
-7.0,False,91,13,109,1,2,Powell
-7.2,False,91,13,109,1,2,Powell
-7.4,False,91,13,109,1,2,Powell
-7.6,False,91,13,109,1,2,Powell
-7.8,False,91,13,109,1,2,Powell
-8.0,False,91,13,109,1,2,Powell
2.0,True,3,13,110,1,2,Powell
1.8,True,7,13,110,1,2,Powell
1.6,True,7,13,110,1,2,Powell
1.4,True,8,13,110,1,2,Powell
1.2,False,84,13,110,1,2,Powell
1.0,False,84,13,110,1,2,Powell
0.8,False,84,13,110,1,2,Powell
0.6,False,84,13,110,1,2,Powell
0.4,False,84,13,110,1,2,Powell
0.2,False,84,13,110,1,2,Powell
0.0,False,84,13,110,1,2,Powell
-0.2,False,84,13,110,1,2,Powell
-0.4,False,84,13,110,1,2,Powell
-0.6,False,84,13,110,1,2,Powell
-0.8,False,84,13,110,1,2,Powell
-1.0,False,84,13,110,1,2,Powell
-1.2,False,84,13,110,1,2,Powell
-1.4,False,84,13,110,1,2,Powell
-1.6,False,84,13,110,1,2,Powell
-1.8,False,84,13,110,1,2,Powell
-2.0,False,84,13,110,1,2,Powell
-2.2,False,84,13,110,1,2,Powell
-2.4,False,84,13,110,1,2,Powell
-2.6,False,84,13,110,1,2,Powell
-2.8,False,84,13,110,1,2,Powell
-3.0,False,84,13,110,1,2,Powell
-3.2,False,84,13,110,1,2,Powell
-3.4,False,84,13,110,1,2,Powell
-3.6,False,84,13,110,1,2,Powell
-3.8,False,84,13,110,1,2,Powell
-4.0,False,84,13,110,1,2,Powell
-4.2,False,84,13,110,1,2,Powell
-4.4,False,84,13,110,1,2,Powell
-4.6,False,84,13,110,1,2,Powell
-4.8,False,84,13,110,1,2,Powell
-5.0,False,84,13,110,1,2,Powell
-5.2,False,84,13,110,1,2,Powell
-5.4,False,84,13,110,1,2,Powell
-5.6,False,84,13,110,1,2,Powell
-5.8,False,84,13,110,1,2,Powell
-6.0,False,84,13,110,1,2,Powell
-6.2,False,84,13,110,1,2,Powell
-6.4,False,84,13,110,1,2,Powell
-6.6,False,84,13,110,1,2,Powell
-6.8,False,84,13,110,1,2,Powell
-7.0,False,84,13,110,1,2,Powell
-7.2,False,84,13,110,1,2,Powell
-7.4,False,84,13,110,1,2,Powell
-7.6,False,84,13,110,1,2,Powell
-7.8,False,84,13,110,1,2,Powell
-8.0,False,84,13,110,1,2,Powell
2.0,True,11,13,111,1,2,Powell
1.8,True,11,13,111,1,2,Powell
1.6,True,15,13,111,1,2,Powell
1.4,True,15,13,111,1,2,Powell
1.2,True,27,13,111,1,2,Powell
1.0,True,44,13,111,1,2,Powell
0.8,True,47,13,111,1,2,Powell
0.6,True,48,13,111,1,2,Powell
0.4,True,48,13,111,1,2,Powell
0.2,True,48,13,111,1,2,Powell
0.0,True,48,13,111,1,2,Powell
-0.2,True,48,13,111,1,2,Powell
-0.4,True,62,13,111,1,2,Powell
-0.6,True,62,13,111,1,2,Powell
-0.8,True,62,13,111,1,2,Powell
-1.0,True,62,13,111,1,2,Powell
-1.2,True,62,13,111,1,2,Powell
-1.4,True,62,13,111,1,2,Powell
-1.6,True,62,13,111,1,2,Powell
-1.8,True,62,13,111,1,2,Powell
-2.0,True,62,13,111,1,2,Powell
-2.2,True,62,13,111,1,2,Powell
-2.4,True,70,13,111,1,2,Powell
-2.6,True,70,13,111,1,2,Powell
-2.8,True,70,13,111,1,2,Powell
-3.0,True,70,13,111,1,2,Powell
-3.2,True,70,13,111,1,2,Powell
-3.4,True,70,13,111,1,2,Powell
-3.6,True,70,13,111,1,2,Powell
-3.8,True,80,13,111,1,2,Powell
-4.0,True,80,13,111,1,2,Powell
-4.2,True,80,13,111,1,2,Powell
-4.4,True,81,13,111,1,2,Powell
-4.6,True,81,13,111,1,2,Powell
-4.8,True,83,13,111,1,2,Powell
-5.0,True,86,13,111,1,2,Powell
-5.2,True,86,13,111,1,2,Powell
-5.4,True,86,13,111,1,2,Powell
-5.6,False,149,13,111,1,2,Powell
-5.8,False,149,13,111,1,2,Powell
-6.0,False,149,13,111,1,2,Powell
-6.2,False,149,13,111,1,2,Powell
-6.4,False,149,13,111,1,2,Powell
-6.6,False,149,13,111,1,2,Powell
-6.8,False,149,13,111,1,2,Powell
-7.0,False,149,13,111,1,2,Powell
-7.2,False,149,13,111,1,2,Powell
-7.4,False,149,13,111,1,2,Powell
-7.6,False,149,13,111,1,2,Powell
-7.8,False,149,13,111,1,2,Powell
-8.0,False,149,13,111,1,2,Powell
2.0,True,3,13,112,1,2,Powell
1.8,True,3,13,112,1,2,Powell
1.6,True,7,13,112,1,2,Powell
1.4,False,114,13,112,1,2,Powell
1.2,False,114,13,112,1,2,Powell
1.0,False,114,13,112,1,2,Powell
0.8,False,114,13,112,1,2,Powell
0.6,False,114,13,112,1,2,Powell
0.4,False,114,13,112,1,2,Powell
0.2,False,114,13,112,1,2,Powell
0.0,False,114,13,112,1,2,Powell
-0.2,False,114,13,112,1,2,Powell
-0.4,False,114,13,112,1,2,Powell
-0.6,False,114,13,112,1,2,Powell
-0.8,False,114,13,112,1,2,Powell
-1.0,False,114,13,112,1,2,Powell
-1.2,False,114,13,112,1,2,Powell
-1.4,False,114,13,112,1,2,Powell
-1.6,False,114,13,112,1,2,Powell
-1.8,False,114,13,112,1,2,Powell
-2.0,False,114,13,112,1,2,Powell
-2.2,False,114,13,112,1,2,Powell
-2.4,False,114,13,112,1,2,Powell
-2.6,False,114,13,112,1,2,Powell
-2.8,False,114,13,112,1,2,Powell
-3.0,False,114,13,112,1,2,Powell
-3.2,False,114,13,112,1,2,Powell
-3.4,False,114,13,112,1,2,Powell
-3.6,False,114,13,112,1,2,Powell
-3.8,False,114,13,112,1,2,Powell
-4.0,False,114,13,112,1,2,Powell
-4.2,False,114,13,112,1,2,Powell
-4.4,False,114,13,112,1,2,Powell
-4.6,False,114,13,112,1,2,Powell
-4.8,False,114,13,112,1,2,Powell
-5.0,False,114,13,112,1,2,Powell
-5.2,False,114,13,112,1,2,Powell
-5.4,False,114,13,112,1,2,Powell
-5.6,False,114,13,112,1,2,Powell
-5.8,False,114,13,112,1,2,Powell
-6.0,False,114,13,112,1,2,Powell
-6.2,False,114,13,112,1,2,Powell
-6.4,False,114,13,112,1,2,Powell
-6.6,False,114,13,112,1,2,Powell
-6.8,False,114,13,112,1,2,Powell
-7.0,False,114,13,112,1,2,Powell
-7.2,False,114,13,112,1,2,Powell
-7.4,False,114,13,112,1,2,Powell
-7.6,False,114,13,112,1,2,Powell
-7.8,False,114,13,112,1,2,Powell
-8.0,False,114,13,112,1,2,Powell
2.0,True,11,13,113,1,2,Powell
1.8,True,15,13,113,1,2,Powell
1.6,True,16,13,113,1,2,Powell
1.4,True,23,13,113,1,2,Powell
1.2,True,36,13,113,1,2,Powell
1.0,True,47,13,113,1,2,Powell
0.8,True,47,13,113,1,2,Powell
0.6,True,47,13,113,1,2,Powell
0.4,True,47,13,113,1,2,Powell
0.2,True,53,13,113,1,2,Powell
0.0,True,62,13,113,1,2,Powell
-0.2,True,62,13,113,1,2,Powell
-0.4,True,62,13,113,1,2,Powell
-0.6,True,66,13,113,1,2,Powell
-0.8,True,75,13,113,1,2,Powell
-1.0,True,89,13,113,1,2,Powell
-1.2,True,91,13,113,1,2,Powell
-1.4,False,148,13,113,1,2,Powell
-1.6,False,148,13,113,1,2,Powell
-1.8,False,148,13,113,1,2,Powell
-2.0,False,148,13,113,1,2,Powell
-2.2,False,148,13,113,1,2,Powell
-2.4,False,148,13,113,1,2,Powell
-2.6,False,148,13,113,1,2,Powell
-2.8,False,148,13,113,1,2,Powell
-3.0,False,148,13,113,1,2,Powell
-3.2,False,148,13,113,1,2,Powell
-3.4,False,148,13,113,1,2,Powell
-3.6,False,148,13,113,1,2,Powell
-3.8,False,148,13,113,1,2,Powell
-4.0,False,148,13,113,1,2,Powell
-4.2,False,148,13,113,1,2,Powell
-4.4,False,148,13,113,1,2,Powell
-4.6,False,148,13,113,1,2,Powell
-4.8,False,148,13,113,1,2,Powell
-5.0,False,148,13,113,1,2,Powell
-5.2,False,148,13,113,1,2,Powell
-5.4,False,148,13,113,1,2,Powell
-5.6,False,148,13,113,1,2,Powell
-5.8,False,148,13,113,1,2,Powell
-6.0,False,148,13,113,1,2,Powell
-6.2,False,148,13,113,1,2,Powell
-6.4,False,148,13,113,1,2,Powell
-6.6,False,148,13,113,1,2,Powell
-6.8,False,148,13,113,1,2,Powell
-7.0,False,148,13,113,1,2,Powell
-7.2,False,148,13,113,1,2,Powell
-7.4,False,148,13,113,1,2,Powell
-7.6,False,148,13,113,1,2,Powell
-7.8,False,148,13,113,1,2,Powell
-8.0,False,148,13,113,1,2,Powell
2.0,False,92,13,114,1,2,Powell
1.8,False,92,13,114,1,2,Powell
1.6,False,92,13,114,1,2,Powell
1.4,False,92,13,114,1,2,Powell
1.2,False,92,13,114,1,2,Powell
1.0,False,92,13,114,1,2,Powell
0.8,False,92,13,114,1,2,Powell
0.6,False,92,13,114,1,2,Powell
0.4,False,92,13,114,1,2,Powell
0.2,False,92,13,114,1,2,Powell
0.0,False,92,13,114,1,2,Powell
-0.2,False,92,13,114,1,2,Powell
-0.4,False,92,13,114,1,2,Powell
-0.6,False,92,13,114,1,2,Powell
-0.8,False,92,13,114,1,2,Powell
-1.0,False,92,13,114,1,2,Powell
-1.2,False,92,13,114,1,2,Powell
-1.4,False,92,13,114,1,2,Powell
-1.6,False,92,13,114,1,2,Powell
-1.8,False,92,13,114,1,2,Powell
-2.0,False,92,13,114,1,2,Powell
-2.2,False,92,13,114,1,2,Powell
-2.4,False,92,13,114,1,2,Powell
-2.6,False,92,13,114,1,2,Powell
-2.8,False,92,13,114,1,2,Powell
-3.0,False,92,13,114,1,2,Powell
-3.2,False,92,13,114,1,2,Powell
-3.4,False,92,13,114,1,2,Powell
-3.6,False,92,13,114,1,2,Powell
-3.8,False,92,13,114,1,2,Powell
-4.0,False,92,13,114,1,2,Powell
-4.2,False,92,13,114,1,2,Powell
-4.4,False,92,13,114,1,2,Powell
-4.6,False,92,13,114,1,2,Powell
-4.8,False,92,13,114,1,2,Powell
-5.0,False,92,13,114,1,2,Powell
-5.2,False,92,13,114,1,2,Powell
-5.4,False,92,13,114,1,2,Powell
-5.6,False,92,13,114,1,2,Powell
-5.8,False,92,13,114,1,2,Powell
-6.0,False,92,13,114,1,2,Powell
-6.2,False,92,13,114,1,2,Powell
-6.4,False,92,13,114,1,2,Powell
-6.6,False,92,13,114,1,2,Powell
-6.8,False,92,13,114,1,2,Powell
-7.0,False,92,13,114,1,2,Powell
-7.2,False,92,13,114,1,2,Powell
-7.4,False,92,13,114,1,2,Powell
-7.6,False,92,13,114,1,2,Powell
-7.8,False,92,13,114,1,2,Powell
-8.0,False,92,13,114,1,2,Powell
2.0,True,10,13,115,1,2,Powell
1.8,True,10,13,115,1,2,Powell
1.6,True,12,13,115,1,2,Powell
1.4,True,14,13,115,1,2,Powell
1.2,False,90,13,115,1,2,Powell
1.0,False,90,13,115,1,2,Powell
0.8,False,90,13,115,1,2,Powell
0.6,False,90,13,115,1,2,Powell
0.4,False,90,13,115,1,2,Powell
0.2,False,90,13,115,1,2,Powell
0.0,False,90,13,115,1,2,Powell
-0.2,False,90,13,115,1,2,Powell
-0.4,False,90,13,115,1,2,Powell
-0.6,False,90,13,115,1,2,Powell
-0.8,False,90,13,115,1,2,Powell
-1.0,False,90,13,115,1,2,Powell
-1.2,False,90,13,115,1,2,Powell
-1.4,False,90,13,115,1,2,Powell
-1.6,False,90,13,115,1,2,Powell
-1.8,False,90,13,115,1,2,Powell
-2.0,False,90,13,115,1,2,Powell
-2.2,False,90,13,115,1,2,Powell
-2.4,False,90,13,115,1,2,Powell
-2.6,False,90,13,115,1,2,Powell
-2.8,False,90,13,115,1,2,Powell
-3.0,False,90,13,115,1,2,Powell
-3.2,False,90,13,115,1,2,Powell
-3.4,False,90,13,115,1,2,Powell
-3.6,False,90,13,115,1,2,Powell
-3.8,False,90,13,115,1,2,Powell
-4.0,False,90,13,115,1,2,Powell
-4.2,False,90,13,115,1,2,Powell
-4.4,False,90,13,115,1,2,Powell
-4.6,False,90,13,115,1,2,Powell
-4.8,False,90,13,115,1,2,Powell
-5.0,False,90,13,115,1,2,Powell
-5.2,False,90,13,115,1,2,Powell
-5.4,False,90,13,115,1,2,Powell
-5.6,False,90,13,115,1,2,Powell
-5.8,False,90,13,115,1,2,Powell
-6.0,False,90,13,115,1,2,Powell
-6.2,False,90,13,115,1,2,Powell
-6.4,False,90,13,115,1,2,Powell
-6.6,False,90,13,115,1,2,Powell
-6.8,False,90,13,115,1,2,Powell
-7.0,False,90,13,115,1,2,Powell
-7.2,False,90,13,115,1,2,Powell
-7.4,False,90,13,115,1,2,Powell
-7.6,False,90,13,115,1,2,Powell
-7.8,False,90,13,115,1,2,Powell
-8.0,False,90,13,115,1,2,Powell
2.0,True,11,13,116,1,2,Powell
1.8,True,12,13,116,1,2,Powell
1.6,True,12,13,116,1,2,Powell
1.4,True,13,13,116,1,2,Powell
1.2,True,14,13,116,1,2,Powell
1.0,True,14,13,116,1,2,Powell
0.8,True,16,13,116,1,2,Powell
0.6,True,16,13,116,1,2,Powell
0.4,True,16,13,116,1,2,Powell
0.2,True,16,13,116,1,2,Powell
0.0,True,25,13,116,1,2,Powell
-0.2,True,25,13,116,1,2,Powell
-0.4,True,25,13,116,1,2,Powell
-0.6,True,30,13,116,1,2,Powell
-0.8,False,79,13,116,1,2,Powell
-1.0,False,79,13,116,1,2,Powell
-1.2,False,79,13,116,1,2,Powell
-1.4,False,79,13,116,1,2,Powell
-1.6,False,79,13,116,1,2,Powell
-1.8,False,79,13,116,1,2,Powell
-2.0,False,79,13,116,1,2,Powell
-2.2,False,79,13,116,1,2,Powell
-2.4,False,79,13,116,1,2,Powell
-2.6,False,79,13,116,1,2,Powell
-2.8,False,79,13,116,1,2,Powell
-3.0,False,79,13,116,1,2,Powell
-3.2,False,79,13,116,1,2,Powell
-3.4,False,79,13,116,1,2,Powell
-3.6,False,79,13,116,1,2,Powell
-3.8,False,79,13,116,1,2,Powell
-4.0,False,79,13,116,1,2,Powell
-4.2,False,79,13,116,1,2,Powell
-4.4,False,79,13,116,1,2,Powell
-4.6,False,79,13,116,1,2,Powell
-4.8,False,79,13,116,1,2,Powell
-5.0,False,79,13,116,1,2,Powell
-5.2,False,79,13,116,1,2,Powell
-5.4,False,79,13,116,1,2,Powell
-5.6,False,79,13,116,1,2,Powell
-5.8,False,79,13,116,1,2,Powell
-6.0,False,79,13,116,1,2,Powell
-6.2,False,79,13,116,1,2,Powell
-6.4,False,79,13,116,1,2,Powell
-6.6,False,79,13,116,1,2,Powell
-6.8,False,79,13,116,1,2,Powell
-7.0,False,79,13,116,1,2,Powell
-7.2,False,79,13,116,1,2,Powell
-7.4,False,79,13,116,1,2,Powell
-7.6,False,79,13,116,1,2,Powell
-7.8,False,79,13,116,1,2,Powell
-8.0,False,79,13,116,1,2,Powell
2.0,True,11,13,117,1,2,Powell
1.8,True,11,13,117,1,2,Powell
1.6,True,11,13,117,1,2,Powell
1.4,True,11,13,117,1,2,Powell
1.2,True,25,13,117,1,2,Powell
1.0,True,35,13,117,1,2,Powell
0.8,True,35,13,117,1,2,Powell
0.6,True,44,13,117,1,2,Powell
0.4,True,44,13,117,1,2,Powell
0.2,True,44,13,117,1,2,Powell
0.0,True,44,13,117,1,2,Powell
-0.2,True,44,13,117,1,2,Powell
-0.4,True,50,13,117,1,2,Powell
-0.6,True,59,13,117,1,2,Powell
-0.8,True,60,13,117,1,2,Powell
-1.0,True,60,13,117,1,2,Powell
-1.2,True,60,13,117,1,2,Powell
-1.4,True,60,13,117,1,2,Powell
-1.6,True,60,13,117,1,2,Powell
-1.8,True,60,13,117,1,2,Powell
-2.0,True,60,13,117,1,2,Powell
-2.2,True,63,13,117,1,2,Powell
-2.4,True,63,13,117,1,2,Powell
-2.6,True,63,13,117,1,2,Powell
-2.8,True,72,13,117,1,2,Powell
-3.0,True,72,13,117,1,2,Powell
-3.2,True,72,13,117,1,2,Powell
-3.4,True,72,13,117,1,2,Powell
-3.6,True,75,13,117,1,2,Powell
-3.8,True,75,13,117,1,2,Powell
-4.0,False,139,13,117,1,2,Powell
-4.2,False,139,13,117,1,2,Powell
-4.4,False,139,13,117,1,2,Powell
-4.6,False,139,13,117,1,2,Powell
-4.8,False,139,13,117,1,2,Powell
-5.0,False,139,13,117,1,2,Powell
-5.2,False,139,13,117,1,2,Powell
-5.4,False,139,13,117,1,2,Powell
-5.6,False,139,13,117,1,2,Powell
-5.8,False,139,13,117,1,2,Powell
-6.0,False,139,13,117,1,2,Powell
-6.2,False,139,13,117,1,2,Powell
-6.4,False,139,13,117,1,2,Powell
-6.6,False,139,13,117,1,2,Powell
-6.8,False,139,13,117,1,2,Powell
-7.0,False,139,13,117,1,2,Powell
-7.2,False,139,13,117,1,2,Powell
-7.4,False,139,13,117,1,2,Powell
-7.6,False,139,13,117,1,2,Powell
-7.8,False,139,13,117,1,2,Powell
-8.0,False,139,13,117,1,2,Powell
2.0,True,4,13,118,1,2,Powell
1.8,True,11,13,118,1,2,Powell
1.6,True,11,13,118,1,2,Powell
1.4,True,11,13,118,1,2,Powell
1.2,True,19,13,118,1,2,Powell
1.0,False,96,13,118,1,2,Powell
0.8,False,96,13,118,1,2,Powell
0.6,False,96,13,118,1,2,Powell
0.4,False,96,13,118,1,2,Powell
0.2,False,96,13,118,1,2,Powell
0.0,False,96,13,118,1,2,Powell
-0.2,False,96,13,118,1,2,Powell
-0.4,False,96,13,118,1,2,Powell
-0.6,False,96,13,118,1,2,Powell
-0.8,False,96,13,118,1,2,Powell
-1.0,False,96,13,118,1,2,Powell
-1.2,False,96,13,118,1,2,Powell
-1.4,False,96,13,118,1,2,Powell
-1.6,False,96,13,118,1,2,Powell
-1.8,False,96,13,118,1,2,Powell
-2.0,False,96,13,118,1,2,Powell
-2.2,False,96,13,118,1,2,Powell
-2.4,False,96,13,118,1,2,Powell
-2.6,False,96,13,118,1,2,Powell
-2.8,False,96,13,118,1,2,Powell
-3.0,False,96,13,118,1,2,Powell
-3.2,False,96,13,118,1,2,Powell
-3.4,False,96,13,118,1,2,Powell
-3.6,False,96,13,118,1,2,Powell
-3.8,False,96,13,118,1,2,Powell
-4.0,False,96,13,118,1,2,Powell
-4.2,False,96,13,118,1,2,Powell
-4.4,False,96,13,118,1,2,Powell
-4.6,False,96,13,118,1,2,Powell
-4.8,False,96,13,118,1,2,Powell
-5.0,False,96,13,118,1,2,Powell
-5.2,False,96,13,118,1,2,Powell
-5.4,False,96,13,118,1,2,Powell
-5.6,False,96,13,118,1,2,Powell
-5.8,False,96,13,118,1,2,Powell
-6.0,False,96,13,118,1,2,Powell
-6.2,False,96,13,118,1,2,Powell
-6.4,False,96,13,118,1,2,Powell
-6.6,False,96,13,118,1,2,Powell
-6.8,False,96,13,118,1,2,Powell
-7.0,False,96,13,118,1,2,Powell
-7.2,False,96,13,118,1,2,Powell
-7.4,False,96,13,118,1,2,Powell
-7.6,False,96,13,118,1,2,Powell
-7.8,False,96,13,118,1,2,Powell
-8.0,False,96,13,118,1,2,Powell
2.0,True,9,13,119,1,2,Powell
1.8,False,152,13,119,1,2,Powell
1.6,False,152,13,119,1,2,Powell
1.4,False,152,13,119,1,2,Powell
1.2,False,152,13,119,1,2,Powell
1.0,False,152,13,119,1,2,Powell
0.8,False,152,13,119,1,2,Powell
0.6,False,152,13,119,1,2,Powell
0.4,False,152,13,119,1,2,Powell
0.2,False,152,13,119,1,2,Powell
0.0,False,152,13,119,1,2,Powell
-0.2,False,152,13,119,1,2,Powell
-0.4,False,152,13,119,1,2,Powell
-0.6,False,152,13,119,1,2,Powell
-0.8,False,152,13,119,1,2,Powell
-1.0,False,152,13,119,1,2,Powell
-1.2,False,152,13,119,1,2,Powell
-1.4,False,152,13,119,1,2,Powell
-1.6,False,152,13,119,1,2,Powell
-1.8,False,152,13,119,1,2,Powell
-2.0,False,152,13,119,1,2,Powell
-2.2,False,152,13,119,1,2,Powell
-2.4,False,152,13,119,1,2,Powell
-2.6,False,152,13,119,1,2,Powell
-2.8,False,152,13,119,1,2,Powell
-3.0,False,152,13,119,1,2,Powell
-3.2,False,152,13,119,1,2,Powell
-3.4,False,152,13,119,1,2,Powell
-3.6,False,152,13,119,1,2,Powell
-3.8,False,152,13,119,1,2,Powell
-4.0,False,152,13,119,1,2,Powell
-4.2,False,152,13,119,1,2,Powell
-4.4,False,152,13,119,1,2,Powell
-4.6,False,152,13,119,1,2,Powell
-4.8,False,152,13,119,1,2,Powell
-5.0,False,152,13,119,1,2,Powell
-5.2,False,152,13,119,1,2,Powell
-5.4,False,152,13,119,1,2,Powell
-5.6,False,152,13,119,1,2,Powell
-5.8,False,152,13,119,1,2,Powell
-6.0,False,152,13,119,1,2,Powell
-6.2,False,152,13,119,1,2,Powell
-6.4,False,152,13,119,1,2,Powell
-6.6,False,152,13,119,1,2,Powell
-6.8,False,152,13,119,1,2,Powell
-7.0,False,152,13,119,1,2,Powell
-7.2,False,152,13,119,1,2,Powell
-7.4,False,152,13,119,1,2,Powell
-7.6,False,152,13,119,1,2,Powell
-7.8,False,152,13,119,1,2,Powell
-8.0,False,152,13,119,1,2,Powell
2.0,True,10,13,120,1,2,Powell
1.8,False,91,13,120,1,2,Powell
1.6,False,91,13,120,1,2,Powell
1.4,False,91,13,120,1,2,Powell
1.2,False,91,13,120,1,2,Powell
1.0,False,91,13,120,1,2,Powell
0.8,False,91,13,120,1,2,Powell
0.6,False,91,13,120,1,2,Powell
0.4,False,91,13,120,1,2,Powell
0.2,False,91,13,120,1,2,Powell
0.0,False,91,13,120,1,2,Powell
-0.2,False,91,13,120,1,2,Powell
-0.4,False,91,13,120,1,2,Powell
-0.6,False,91,13,120,1,2,Powell
-0.8,False,91,13,120,1,2,Powell
-1.0,False,91,13,120,1,2,Powell
-1.2,False,91,13,120,1,2,Powell
-1.4,False,91,13,120,1,2,Powell
-1.6,False,91,13,120,1,2,Powell
-1.8,False,91,13,120,1,2,Powell
-2.0,False,91,13,120,1,2,Powell
-2.2,False,91,13,120,1,2,Powell
-2.4,False,91,13,120,1,2,Powell
-2.6,False,91,13,120,1,2,Powell
-2.8,False,91,13,120,1,2,Powell
-3.0,False,91,13,120,1,2,Powell
-3.2,False,91,13,120,1,2,Powell
-3.4,False,91,13,120,1,2,Powell
-3.6,False,91,13,120,1,2,Powell
-3.8,False,91,13,120,1,2,Powell
-4.0,False,91,13,120,1,2,Powell
-4.2,False,91,13,120,1,2,Powell
-4.4,False,91,13,120,1,2,Powell
-4.6,False,91,13,120,1,2,Powell
-4.8,False,91,13,120,1,2,Powell
-5.0,False,91,13,120,1,2,Powell
-5.2,False,91,13,120,1,2,Powell
-5.4,False,91,13,120,1,2,Powell
-5.6,False,91,13,120,1,2,Powell
-5.8,False,91,13,120,1,2,Powell
-6.0,False,91,13,120,1,2,Powell
-6.2,False,91,13,120,1,2,Powell
-6.4,False,91,13,120,1,2,Powell
-6.6,False,91,13,120,1,2,Powell
-6.8,False,91,13,120,1,2,Powell
-7.0,False,91,13,120,1,2,Powell
-7.2,False,91,13,120,1,2,Powell
-7.4,False,91,13,120,1,2,Powell
-7.6,False,91,13,120,1,2,Powell
-7.8,False,91,13,120,1,2,Powell
-8.0,False,91,13,120,1,2,Powell
2.0,True,5,13,121,1,2,Powell
1.8,True,5,13,121,1,2,Powell
1.6,True,5,13,121,1,2,Powell
1.4,True,5,13,121,1,2,Powell
1.2,True,5,13,121,1,2,Powell
1.0,True,5,13,121,1,2,Powell
0.8,True,5,13,121,1,2,Powell
0.6,True,5,13,121,1,2,Powell
0.4,True,9,13,121,1,2,Powell
0.2,True,9,13,121,1,2,Powell
0.0,True,9,13,121,1,2,Powell
-0.2,True,20,13,121,1,2,Powell
-0.4,False,88,13,121,1,2,Powell
-0.6,False,88,13,121,1,2,Powell
-0.8,False,88,13,121,1,2,Powell
-1.0,False,88,13,121,1,2,Powell
-1.2,False,88,13,121,1,2,Powell
-1.4,False,88,13,121,1,2,Powell
-1.6,False,88,13,121,1,2,Powell
-1.8,False,88,13,121,1,2,Powell
-2.0,False,88,13,121,1,2,Powell
-2.2,False,88,13,121,1,2,Powell
-2.4,False,88,13,121,1,2,Powell
-2.6,False,88,13,121,1,2,Powell
-2.8,False,88,13,121,1,2,Powell
-3.0,False,88,13,121,1,2,Powell
-3.2,False,88,13,121,1,2,Powell
-3.4,False,88,13,121,1,2,Powell
-3.6,False,88,13,121,1,2,Powell
-3.8,False,88,13,121,1,2,Powell
-4.0,False,88,13,121,1,2,Powell
-4.2,False,88,13,121,1,2,Powell
-4.4,False,88,13,121,1,2,Powell
-4.6,False,88,13,121,1,2,Powell
-4.8,False,88,13,121,1,2,Powell
-5.0,False,88,13,121,1,2,Powell
-5.2,False,88,13,121,1,2,Powell
-5.4,False,88,13,121,1,2,Powell
-5.6,False,88,13,121,1,2,Powell
-5.8,False,88,13,121,1,2,Powell
-6.0,False,88,13,121,1,2,Powell
-6.2,False,88,13,121,1,2,Powell
-6.4,False,88,13,121,1,2,Powell
-6.6,False,88,13,121,1,2,Powell
-6.8,False,88,13,121,1,2,Powell
-7.0,False,88,13,121,1,2,Powell
-7.2,False,88,13,121,1,2,Powell
-7.4,False,88,13,121,1,2,Powell
-7.6,False,88,13,121,1,2,Powell
-7.8,False,88,13,121,1,2,Powell
-8.0,False,88,13,121,1,2,Powell
2.0,True,4,13,122,1,2,Powell
1.8,True,4,13,122,1,2,Powell
1.6,True,4,13,122,1,2,Powell
1.4,True,10,13,122,1,2,Powell
1.2,True,13,13,122,1,2,Powell
1.0,True,13,13,122,1,2,Powell
0.8,False,93,13,122,1,2,Powell
0.6,False,93,13,122,1,2,Powell
0.4,False,93,13,122,1,2,Powell
0.2,False,93,13,122,1,2,Powell
0.0,False,93,13,122,1,2,Powell
-0.2,False,93,13,122,1,2,Powell
-0.4,False,93,13,122,1,2,Powell
-0.6,False,93,13,122,1,2,Powell
-0.8,False,93,13,122,1,2,Powell
-1.0,False,93,13,122,1,2,Powell
-1.2,False,93,13,122,1,2,Powell
-1.4,False,93,13,122,1,2,Powell
-1.6,False,93,13,122,1,2,Powell
-1.8,False,93,13,122,1,2,Powell
-2.0,False,93,13,122,1,2,Powell
-2.2,False,93,13,122,1,2,Powell
-2.4,False,93,13,122,1,2,Powell
-2.6,False,93,13,122,1,2,Powell
-2.8,False,93,13,122,1,2,Powell
-3.0,False,93,13,122,1,2,Powell
-3.2,False,93,13,122,1,2,Powell
-3.4,False,93,13,122,1,2,Powell
-3.6,False,93,13,122,1,2,Powell
-3.8,False,93,13,122,1,2,Powell
-4.0,False,93,13,122,1,2,Powell
-4.2,False,93,13,122,1,2,Powell
-4.4,False,93,13,122,1,2,Powell
-4.6,False,93,13,122,1,2,Powell
-4.8,False,93,13,122,1,2,Powell
-5.0,False,93,13,122,1,2,Powell
-5.2,False,93,13,122,1,2,Powell
-5.4,False,93,13,122,1,2,Powell
-5.6,False,93,13,122,1,2,Powell
-5.8,False,93,13,122,1,2,Powell
-6.0,False,93,13,122,1,2,Powell
-6.2,False,93,13,122,1,2,Powell
-6.4,False,93,13,122,1,2,Powell
-6.6,False,93,13,122,1,2,Powell
-6.8,False,93,13,122,1,2,Powell
-7.0,False,93,13,122,1,2,Powell
-7.2,False,93,13,122,1,2,Powell
-7.4,False,93,13,122,1,2,Powell
-7.6,False,93,13,122,1,2,Powell
-7.8,False,93,13,122,1,2,Powell
-8.0,False,93,13,122,1,2,Powell
2.0,True,11,13,123,1,2,Powell
1.8,True,13,13,123,1,2,Powell
1.6,False,86,13,123,1,2,Powell
1.4,False,86,13,123,1,2,Powell
1.2,False,86,13,123,1,2,Powell
1.0,False,86,13,123,1,2,Powell
0.8,False,86,13,123,1,2,Powell
0.6,False,86,13,123,1,2,Powell
0.4,False,86,13,123,1,2,Powell
0.2,False,86,13,123,1,2,Powell
0.0,False,86,13,123,1,2,Powell
-0.2,False,86,13,123,1,2,Powell
-0.4,False,86,13,123,1,2,Powell
-0.6,False,86,13,123,1,2,Powell
-0.8,False,86,13,123,1,2,Powell
-1.0,False,86,13,123,1,2,Powell
-1.2,False,86,13,123,1,2,Powell
-1.4,False,86,13,123,1,2,Powell
-1.6,False,86,13,123,1,2,Powell
-1.8,False,86,13,123,1,2,Powell
-2.0,False,86,13,123,1,2,Powell
-2.2,False,86,13,123,1,2,Powell
-2.4,False,86,13,123,1,2,Powell
-2.6,False,86,13,123,1,2,Powell
-2.8,False,86,13,123,1,2,Powell
-3.0,False,86,13,123,1,2,Powell
-3.2,False,86,13,123,1,2,Powell
-3.4,False,86,13,123,1,2,Powell
-3.6,False,86,13,123,1,2,Powell
-3.8,False,86,13,123,1,2,Powell
-4.0,False,86,13,123,1,2,Powell
-4.2,False,86,13,123,1,2,Powell
-4.4,False,86,13,123,1,2,Powell
-4.6,False,86,13,123,1,2,Powell
-4.8,False,86,13,123,1,2,Powell
-5.0,False,86,13,123,1,2,Powell
-5.2,False,86,13,123,1,2,Powell
-5.4,False,86,13,123,1,2,Powell
-5.6,False,86,13,123,1,2,Powell
-5.8,False,86,13,123,1,2,Powell
-6.0,False,86,13,123,1,2,Powell
-6.2,False,86,13,123,1,2,Powell
-6.4,False,86,13,123,1,2,Powell
-6.6,False,86,13,123,1,2,Powell
-6.8,False,86,13,123,1,2,Powell
-7.0,False,86,13,123,1,2,Powell
-7.2,False,86,13,123,1,2,Powell
-7.4,False,86,13,123,1,2,Powell
-7.6,False,86,13,123,1,2,Powell
-7.8,False,86,13,123,1,2,Powell
-8.0,False,86,13,123,1,2,Powell
2.0,True,6,13,124,1,2,Powell
1.8,False,136,13,124,1,2,Powell
1.6,False,136,13,124,1,2,Powell
1.4,False,136,13,124,1,2,Powell
1.2,False,136,13,124,1,2,Powell
1.0,False,136,13,124,1,2,Powell
0.8,False,136,13,124,1,2,Powell
0.6,False,136,13,124,1,2,Powell
0.4,False,136,13,124,1,2,Powell
0.2,False,136,13,124,1,2,Powell
0.0,False,136,13,124,1,2,Powell
-0.2,False,136,13,124,1,2,Powell
-0.4,False,136,13,124,1,2,Powell
-0.6,False,136,13,124,1,2,Powell
-0.8,False,136,13,124,1,2,Powell
-1.0,False,136,13,124,1,2,Powell
-1.2,False,136,13,124,1,2,Powell
-1.4,False,136,13,124,1,2,Powell
-1.6,False,136,13,124,1,2,Powell
-1.8,False,136,13,124,1,2,Powell
-2.0,False,136,13,124,1,2,Powell
-2.2,False,136,13,124,1,2,Powell
-2.4,False,136,13,124,1,2,Powell
-2.6,False,136,13,124,1,2,Powell
-2.8,False,136,13,124,1,2,Powell
-3.0,False,136,13,124,1,2,Powell
-3.2,False,136,13,124,1,2,Powell
-3.4,False,136,13,124,1,2,Powell
-3.6,False,136,13,124,1,2,Powell
-3.8,False,136,13,124,1,2,Powell
-4.0,False,136,13,124,1,2,Powell
-4.2,False,136,13,124,1,2,Powell
-4.4,False,136,13,124,1,2,Powell
-4.6,False,136,13,124,1,2,Powell
-4.8,False,136,13,124,1,2,Powell
-5.0,False,136,13,124,1,2,Powell
-5.2,False,136,13,124,1,2,Powell
-5.4,False,136,13,124,1,2,Powell
-5.6,False,136,13,124,1,2,Powell
-5.8,False,136,13,124,1,2,Powell
-6.0,False,136,13,124,1,2,Powell
-6.2,False,136,13,124,1,2,Powell
-6.4,False,136,13,124,1,2,Powell
-6.6,False,136,13,124,1,2,Powell
-6.8,False,136,13,124,1,2,Powell
-7.0,False,136,13,124,1,2,Powell
-7.2,False,136,13,124,1,2,Powell
-7.4,False,136,13,124,1,2,Powell
-7.6,False,136,13,124,1,2,Powell
-7.8,False,136,13,124,1,2,Powell
-8.0,False,136,13,124,1,2,Powell
2.0,True,11,13,125,1,2,Powell
1.8,True,11,13,125,1,2,Powell
1.6,True,11,13,125,1,2,Powell
1.4,True,13,13,125,1,2,Powell
1.2,True,15,13,125,1,2,Powell
1.0,True,22,13,125,1,2,Powell
0.8,True,22,13,125,1,2,Powell
0.6,True,28,13,125,1,2,Powell
0.4,False,147,13,125,1,2,Powell
0.2,False,147,13,125,1,2,Powell
0.0,False,147,13,125,1,2,Powell
-0.2,False,147,13,125,1,2,Powell
-0.4,False,147,13,125,1,2,Powell
-0.6,False,147,13,125,1,2,Powell
-0.8,False,147,13,125,1,2,Powell
-1.0,False,147,13,125,1,2,Powell
-1.2,False,147,13,125,1,2,Powell
-1.4,False,147,13,125,1,2,Powell
-1.6,False,147,13,125,1,2,Powell
-1.8,False,147,13,125,1,2,Powell
-2.0,False,147,13,125,1,2,Powell
-2.2,False,147,13,125,1,2,Powell
-2.4,False,147,13,125,1,2,Powell
-2.6,False,147,13,125,1,2,Powell
-2.8,False,147,13,125,1,2,Powell
-3.0,False,147,13,125,1,2,Powell
-3.2,False,147,13,125,1,2,Powell
-3.4,False,147,13,125,1,2,Powell
-3.6,False,147,13,125,1,2,Powell
-3.8,False,147,13,125,1,2,Powell
-4.0,False,147,13,125,1,2,Powell
-4.2,False,147,13,125,1,2,Powell
-4.4,False,147,13,125,1,2,Powell
-4.6,False,147,13,125,1,2,Powell
-4.8,False,147,13,125,1,2,Powell
-5.0,False,147,13,125,1,2,Powell
-5.2,False,147,13,125,1,2,Powell
-5.4,False,147,13,125,1,2,Powell
-5.6,False,147,13,125,1,2,Powell
-5.8,False,147,13,125,1,2,Powell
-6.0,False,147,13,125,1,2,Powell
-6.2,False,147,13,125,1,2,Powell
-6.4,False,147,13,125,1,2,Powell
-6.6,False,147,13,125,1,2,Powell
-6.8,False,147,13,125,1,2,Powell
-7.0,False,147,13,125,1,2,Powell
-7.2,False,147,13,125,1,2,Powell
-7.4,False,147,13,125,1,2,Powell
-7.6,False,147,13,125,1,2,Powell
-7.8,False,147,13,125,1,2,Powell
-8.0,False,147,13,125,1,2,Powell
2.0,True,5,13,126,1,2,Powell
1.8,True,7,13,126,1,2,Powell
1.6,True,7,13,126,1,2,Powell
1.4,True,8,13,126,1,2,Powell
1.2,True,8,13,126,1,2,Powell
1.0,False,78,13,126,1,2,Powell
0.8,False,78,13,126,1,2,Powell
0.6,False,78,13,126,1,2,Powell
0.4,False,78,13,126,1,2,Powell
0.2,False,78,13,126,1,2,Powell
0.0,False,78,13,126,1,2,Powell
-0.2,False,78,13,126,1,2,Powell
-0.4,False,78,13,126,1,2,Powell
-0.6,False,78,13,126,1,2,Powell
-0.8,False,78,13,126,1,2,Powell
-1.0,False,78,13,126,1,2,Powell
-1.2,False,78,13,126,1,2,Powell
-1.4,False,78,13,126,1,2,Powell
-1.6,False,78,13,126,1,2,Powell
-1.8,False,78,13,126,1,2,Powell
-2.0,False,78,13,126,1,2,Powell
-2.2,False,78,13,126,1,2,Powell
-2.4,False,78,13,126,1,2,Powell
-2.6,False,78,13,126,1,2,Powell
-2.8,False,78,13,126,1,2,Powell
-3.0,False,78,13,126,1,2,Powell
-3.2,False,78,13,126,1,2,Powell
-3.4,False,78,13,126,1,2,Powell
-3.6,False,78,13,126,1,2,Powell
-3.8,False,78,13,126,1,2,Powell
-4.0,False,78,13,126,1,2,Powell
-4.2,False,78,13,126,1,2,Powell
-4.4,False,78,13,126,1,2,Powell
-4.6,False,78,13,126,1,2,Powell
-4.8,False,78,13,126,1,2,Powell
-5.0,False,78,13,126,1,2,Powell
-5.2,False,78,13,126,1,2,Powell
-5.4,False,78,13,126,1,2,Powell
-5.6,False,78,13,126,1,2,Powell
-5.8,False,78,13,126,1,2,Powell
-6.0,False,78,13,126,1,2,Powell
-6.2,False,78,13,126,1,2,Powell
-6.4,False,78,13,126,1,2,Powell
-6.6,False,78,13,126,1,2,Powell
-6.8,False,78,13,126,1,2,Powell
-7.0,False,78,13,126,1,2,Powell
-7.2,False,78,13,126,1,2,Powell
-7.4,False,78,13,126,1,2,Powell
-7.6,False,78,13,126,1,2,Powell
-7.8,False,78,13,126,1,2,Powell
-8.0,False,78,13,126,1,2,Powell
2.0,True,38,13,127,1,2,Powell
1.8,True,40,13,127,1,2,Powell
1.6,True,48,13,127,1,2,Powell
1.4,True,48,13,127,1,2,Powell
1.2,True,48,13,127,1,2,Powell
1.0,True,48,13,127,1,2,Powell
0.8,True,52,13,127,1,2,Powell
0.6,True,61,13,127,1,2,Powell
0.4,True,62,13,127,1,2,Powell
0.2,True,62,13,127,1,2,Powell
0.0,True,62,13,127,1,2,Powell
-0.2,True,63,13,127,1,2,Powell
-0.4,True,63,13,127,1,2,Powell
-0.6,True,63,13,127,1,2,Powell
-0.8,True,65,13,127,1,2,Powell
-1.0,True,67,13,127,1,2,Powell
-1.2,True,67,13,127,1,2,Powell
-1.4,True,67,13,127,1,2,Powell
-1.6,True,68,13,127,1,2,Powell
-1.8,True,68,13,127,1,2,Powell
-2.0,True,77,13,127,1,2,Powell
-2.2,True,77,13,127,1,2,Powell
-2.4,True,79,13,127,1,2,Powell
-2.6,True,79,13,127,1,2,Powell
-2.8,True,79,13,127,1,2,Powell
-3.0,False,139,13,127,1,2,Powell
-3.2,False,139,13,127,1,2,Powell
-3.4,False,139,13,127,1,2,Powell
-3.6,False,139,13,127,1,2,Powell
-3.8,False,139,13,127,1,2,Powell
-4.0,False,139,13,127,1,2,Powell
-4.2,False,139,13,127,1,2,Powell
-4.4,False,139,13,127,1,2,Powell
-4.6,False,139,13,127,1,2,Powell
-4.8,False,139,13,127,1,2,Powell
-5.0,False,139,13,127,1,2,Powell
-5.2,False,139,13,127,1,2,Powell
-5.4,False,139,13,127,1,2,Powell
-5.6,False,139,13,127,1,2,Powell
-5.8,False,139,13,127,1,2,Powell
-6.0,False,139,13,127,1,2,Powell
-6.2,False,139,13,127,1,2,Powell
-6.4,False,139,13,127,1,2,Powell
-6.6,False,139,13,127,1,2,Powell
-6.8,False,139,13,127,1,2,Powell
-7.0,False,139,13,127,1,2,Powell
-7.2,False,139,13,127,1,2,Powell
-7.4,False,139,13,127,1,2,Powell
-7.6,False,139,13,127,1,2,Powell
-7.8,False,139,13,127,1,2,Powell
-8.0,False,139,13,127,1,2,Powell
2.0,False,89,13,128,1,2,Powell
1.8,False,89,13,128,1,2,Powell
1.6,False,89,13,128,1,2,Powell
1.4,False,89,13,128,1,2,Powell
1.2,False,89,13,128,1,2,Powell
1.0,False,89,13,128,1,2,Powell
0.8,False,89,13,128,1,2,Powell
0.6,False,89,13,128,1,2,Powell
0.4,False,89,13,128,1,2,Powell
0.2,False,89,13,128,1,2,Powell
0.0,False,89,13,128,1,2,Powell
-0.2,False,89,13,128,1,2,Powell
-0.4,False,89,13,128,1,2,Powell
-0.6,False,89,13,128,1,2,Powell
-0.8,False,89,13,128,1,2,Powell
-1.0,False,89,13,128,1,2,Powell
-1.2,False,89,13,128,1,2,Powell
-1.4,False,89,13,128,1,2,Powell
-1.6,False,89,13,128,1,2,Powell
-1.8,False,89,13,128,1,2,Powell
-2.0,False,89,13,128,1,2,Powell
-2.2,False,89,13,128,1,2,Powell
-2.4,False,89,13,128,1,2,Powell
-2.6,False,89,13,128,1,2,Powell
-2.8,False,89,13,128,1,2,Powell
-3.0,False,89,13,128,1,2,Powell
-3.2,False,89,13,128,1,2,Powell
-3.4,False,89,13,128,1,2,Powell
-3.6,False,89,13,128,1,2,Powell
-3.8,False,89,13,128,1,2,Powell
-4.0,False,89,13,128,1,2,Powell
-4.2,False,89,13,128,1,2,Powell
-4.4,False,89,13,128,1,2,Powell
-4.6,False,89,13,128,1,2,Powell
-4.8,False,89,13,128,1,2,Powell
-5.0,False,89,13,128,1,2,Powell
-5.2,False,89,13,128,1,2,Powell
-5.4,False,89,13,128,1,2,Powell
-5.6,False,89,13,128,1,2,Powell
-5.8,False,89,13,128,1,2,Powell
-6.0,False,89,13,128,1,2,Powell
-6.2,False,89,13,128,1,2,Powell
-6.4,False,89,13,128,1,2,Powell
-6.6,False,89,13,128,1,2,Powell
-6.8,False,89,13,128,1,2,Powell
-7.0,False,89,13,128,1,2,Powell
-7.2,False,89,13,128,1,2,Powell
-7.4,False,89,13,128,1,2,Powell
-7.6,False,89,13,128,1,2,Powell
-7.8,False,89,13,128,1,2,Powell
-8.0,False,89,13,128,1,2,Powell
2.0,True,1,13,129,1,2,Powell
1.8,True,1,13,129,1,2,Powell
1.6,True,1,13,129,1,2,Powell
1.4,True,1,13,129,1,2,Powell
1.2,True,7,13,129,1,2,Powell
1.0,True,7,13,129,1,2,Powell
0.8,True,7,13,129,1,2,Powell
0.6,True,7,13,129,1,2,Powell
0.4,True,7,13,129,1,2,Powell
0.2,True,7,13,129,1,2,Powell
0.0,False,113,13,129,1,2,Powell
-0.2,False,113,13,129,1,2,Powell
-0.4,False,113,13,129,1,2,Powell
-0.6,False,113,13,129,1,2,Powell
-0.8,False,113,13,129,1,2,Powell
-1.0,False,113,13,129,1,2,Powell
-1.2,False,113,13,129,1,2,Powell
-1.4,False,113,13,129,1,2,Powell
-1.6,False,113,13,129,1,2,Powell
-1.8,False,113,13,129,1,2,Powell
-2.0,False,113,13,129,1,2,Powell
-2.2,False,113,13,129,1,2,Powell
-2.4,False,113,13,129,1,2,Powell
-2.6,False,113,13,129,1,2,Powell
-2.8,False,113,13,129,1,2,Powell
-3.0,False,113,13,129,1,2,Powell
-3.2,False,113,13,129,1,2,Powell
-3.4,False,113,13,129,1,2,Powell
-3.6,False,113,13,129,1,2,Powell
-3.8,False,113,13,129,1,2,Powell
-4.0,False,113,13,129,1,2,Powell
-4.2,False,113,13,129,1,2,Powell
-4.4,False,113,13,129,1,2,Powell
-4.6,False,113,13,129,1,2,Powell
-4.8,False,113,13,129,1,2,Powell
-5.0,False,113,13,129,1,2,Powell
-5.2,False,113,13,129,1,2,Powell
-5.4,False,113,13,129,1,2,Powell
-5.6,False,113,13,129,1,2,Powell
-5.8,False,113,13,129,1,2,Powell
-6.0,False,113,13,129,1,2,Powell
-6.2,False,113,13,129,1,2,Powell
-6.4,False,113,13,129,1,2,Powell
-6.6,False,113,13,129,1,2,Powell
-6.8,False,113,13,129,1,2,Powell
-7.0,False,113,13,129,1,2,Powell
-7.2,False,113,13,129,1,2,Powell
-7.4,False,113,13,129,1,2,Powell
-7.6,False,113,13,129,1,2,Powell
-7.8,False,113,13,129,1,2,Powell
-8.0,False,113,13,129,1,2,Powell
2.0,True,10,13,130,1,2,Powell
1.8,True,12,13,130,1,2,Powell
1.6,True,24,13,130,1,2,Powell
1.4,False,93,13,130,1,2,Powell
1.2,False,93,13,130,1,2,Powell
1.0,False,93,13,130,1,2,Powell
0.8,False,93,13,130,1,2,Powell
0.6,False,93,13,130,1,2,Powell
0.4,False,93,13,130,1,2,Powell
0.2,False,93,13,130,1,2,Powell
0.0,False,93,13,130,1,2,Powell
-0.2,False,93,13,130,1,2,Powell
-0.4,False,93,13,130,1,2,Powell
-0.6,False,93,13,130,1,2,Powell
-0.8,False,93,13,130,1,2,Powell
-1.0,False,93,13,130,1,2,Powell
-1.2,False,93,13,130,1,2,Powell
-1.4,False,93,13,130,1,2,Powell
-1.6,False,93,13,130,1,2,Powell
-1.8,False,93,13,130,1,2,Powell
-2.0,False,93,13,130,1,2,Powell
-2.2,False,93,13,130,1,2,Powell
-2.4,False,93,13,130,1,2,Powell
-2.6,False,93,13,130,1,2,Powell
-2.8,False,93,13,130,1,2,Powell
-3.0,False,93,13,130,1,2,Powell
-3.2,False,93,13,130,1,2,Powell
-3.4,False,93,13,130,1,2,Powell
-3.6,False,93,13,130,1,2,Powell
-3.8,False,93,13,130,1,2,Powell
-4.0,False,93,13,130,1,2,Powell
-4.2,False,93,13,130,1,2,Powell
-4.4,False,93,13,130,1,2,Powell
-4.6,False,93,13,130,1,2,Powell
-4.8,False,93,13,130,1,2,Powell
-5.0,False,93,13,130,1,2,Powell
-5.2,False,93,13,130,1,2,Powell
-5.4,False,93,13,130,1,2,Powell
-5.6,False,93,13,130,1,2,Powell
-5.8,False,93,13,130,1,2,Powell
-6.0,False,93,13,130,1,2,Powell
-6.2,False,93,13,130,1,2,Powell
-6.4,False,93,13,130,1,2,Powell
-6.6,False,93,13,130,1,2,Powell
-6.8,False,93,13,130,1,2,Powell
-7.0,False,93,13,130,1,2,Powell
-7.2,False,93,13,130,1,2,Powell
-7.4,False,93,13,130,1,2,Powell
-7.6,False,93,13,130,1,2,Powell
-7.8,False,93,13,130,1,2,Powell
-8.0,False,93,13,130,1,2,Powell
2.0,True,7,13,131,1,2,Powell
1.8,False,88,13,131,1,2,Powell
1.6,False,88,13,131,1,2,Powell
1.4,False,88,13,131,1,2,Powell
1.2,False,88,13,131,1,2,Powell
1.0,False,88,13,131,1,2,Powell
0.8,False,88,13,131,1,2,Powell
0.6,False,88,13,131,1,2,Powell
0.4,False,88,13,131,1,2,Powell
0.2,False,88,13,131,1,2,Powell
0.0,False,88,13,131,1,2,Powell
-0.2,False,88,13,131,1,2,Powell
-0.4,False,88,13,131,1,2,Powell
-0.6,False,88,13,131,1,2,Powell
-0.8,False,88,13,131,1,2,Powell
-1.0,False,88,13,131,1,2,Powell
-1.2,False,88,13,131,1,2,Powell
-1.4,False,88,13,131,1,2,Powell
-1.6,False,88,13,131,1,2,Powell
-1.8,False,88,13,131,1,2,Powell
-2.0,False,88,13,131,1,2,Powell
-2.2,False,88,13,131,1,2,Powell
-2.4,False,88,13,131,1,2,Powell
-2.6,False,88,13,131,1,2,Powell
-2.8,False,88,13,131,1,2,Powell
-3.0,False,88,13,131,1,2,Powell
-3.2,False,88,13,131,1,2,Powell
-3.4,False,88,13,131,1,2,Powell
-3.6,False,88,13,131,1,2,Powell
-3.8,False,88,13,131,1,2,Powell
-4.0,False,88,13,131,1,2,Powell
-4.2,False,88,13,131,1,2,Powell
-4.4,False,88,13,131,1,2,Powell
-4.6,False,88,13,131,1,2,Powell
-4.8,False,88,13,131,1,2,Powell
-5.0,False,88,13,131,1,2,Powell
-5.2,False,88,13,131,1,2,Powell
-5.4,False,88,13,131,1,2,Powell
-5.6,False,88,13,131,1,2,Powell
-5.8,False,88,13,131,1,2,Powell
-6.0,False,88,13,131,1,2,Powell
-6.2,False,88,13,131,1,2,Powell
-6.4,False,88,13,131,1,2,Powell
-6.6,False,88,13,131,1,2,Powell
-6.8,False,88,13,131,1,2,Powell
-7.0,False,88,13,131,1,2,Powell
-7.2,False,88,13,131,1,2,Powell
-7.4,False,88,13,131,1,2,Powell
-7.6,False,88,13,131,1,2,Powell
-7.8,False,88,13,131,1,2,Powell
-8.0,False,88,13,131,1,2,Powell
2.0,True,8,13,132,1,2,Powell
1.8,True,10,13,132,1,2,Powell
1.6,True,12,13,132,1,2,Powell
1.4,False,151,13,132,1,2,Powell
1.2,False,151,13,132,1,2,Powell
1.0,False,151,13,132,1,2,Powell
0.8,False,151,13,132,1,2,Powell
0.6,False,151,13,132,1,2,Powell
0.4,False,151,13,132,1,2,Powell
0.2,False,151,13,132,1,2,Powell
0.0,False,151,13,132,1,2,Powell
-0.2,False,151,13,132,1,2,Powell
-0.4,False,151,13,132,1,2,Powell
-0.6,False,151,13,132,1,2,Powell
-0.8,False,151,13,132,1,2,Powell
-1.0,False,151,13,132,1,2,Powell
-1.2,False,151,13,132,1,2,Powell
-1.4,False,151,13,132,1,2,Powell
-1.6,False,151,13,132,1,2,Powell
-1.8,False,151,13,132,1,2,Powell
-2.0,False,151,13,132,1,2,Powell
-2.2,False,151,13,132,1,2,Powell
-2.4,False,151,13,132,1,2,Powell
-2.6,False,151,13,132,1,2,Powell
-2.8,False,151,13,132,1,2,Powell
-3.0,False,151,13,132,1,2,Powell
-3.2,False,151,13,132,1,2,Powell
-3.4,False,151,13,132,1,2,Powell
-3.6,False,151,13,132,1,2,Powell
-3.8,False,151,13,132,1,2,Powell
-4.0,False,151,13,132,1,2,Powell
-4.2,False,151,13,132,1,2,Powell
-4.4,False,151,13,132,1,2,Powell
-4.6,False,151,13,132,1,2,Powell
-4.8,False,151,13,132,1,2,Powell
-5.0,False,151,13,132,1,2,Powell
-5.2,False,151,13,132,1,2,Powell
-5.4,False,151,13,132,1,2,Powell
-5.6,False,151,13,132,1,2,Powell
-5.8,False,151,13,132,1,2,Powell
-6.0,False,151,13,132,1,2,Powell
-6.2,False,151,13,132,1,2,Powell
-6.4,False,151,13,132,1,2,Powell
-6.6,False,151,13,132,1,2,Powell
-6.8,False,151,13,132,1,2,Powell
-7.0,False,151,13,132,1,2,Powell
-7.2,False,151,13,132,1,2,Powell
-7.4,False,151,13,132,1,2,Powell
-7.6,False,151,13,132,1,2,Powell
-7.8,False,151,13,132,1,2,Powell
-8.0,False,151,13,132,1,2,Powell
2.0,False,97,13,133,1,2,Powell
1.8,False,97,13,133,1,2,Powell
1.6,False,97,13,133,1,2,Powell
1.4,False,97,13,133,1,2,Powell
1.2,False,97,13,133,1,2,Powell
1.0,False,97,13,133,1,2,Powell
0.8,False,97,13,133,1,2,Powell
0.6,False,97,13,133,1,2,Powell
0.4,False,97,13,133,1,2,Powell
0.2,False,97,13,133,1,2,Powell
0.0,False,97,13,133,1,2,Powell
-0.2,False,97,13,133,1,2,Powell
-0.4,False,97,13,133,1,2,Powell
-0.6,False,97,13,133,1,2,Powell
-0.8,False,97,13,133,1,2,Powell
-1.0,False,97,13,133,1,2,Powell
-1.2,False,97,13,133,1,2,Powell
-1.4,False,97,13,133,1,2,Powell
-1.6,False,97,13,133,1,2,Powell
-1.8,False,97,13,133,1,2,Powell
-2.0,False,97,13,133,1,2,Powell
-2.2,False,97,13,133,1,2,Powell
-2.4,False,97,13,133,1,2,Powell
-2.6,False,97,13,133,1,2,Powell
-2.8,False,97,13,133,1,2,Powell
-3.0,False,97,13,133,1,2,Powell
-3.2,False,97,13,133,1,2,Powell
-3.4,False,97,13,133,1,2,Powell
-3.6,False,97,13,133,1,2,Powell
-3.8,False,97,13,133,1,2,Powell
-4.0,False,97,13,133,1,2,Powell
-4.2,False,97,13,133,1,2,Powell
-4.4,False,97,13,133,1,2,Powell
-4.6,False,97,13,133,1,2,Powell
-4.8,False,97,13,133,1,2,Powell
-5.0,False,97,13,133,1,2,Powell
-5.2,False,97,13,133,1,2,Powell
-5.4,False,97,13,133,1,2,Powell
-5.6,False,97,13,133,1,2,Powell
-5.8,False,97,13,133,1,2,Powell
-6.0,False,97,13,133,1,2,Powell
-6.2,False,97,13,133,1,2,Powell
-6.4,False,97,13,133,1,2,Powell
-6.6,False,97,13,133,1,2,Powell
-6.8,False,97,13,133,1,2,Powell
-7.0,False,97,13,133,1,2,Powell
-7.2,False,97,13,133,1,2,Powell
-7.4,False,97,13,133,1,2,Powell
-7.6,False,97,13,133,1,2,Powell
-7.8,False,97,13,133,1,2,Powell
-8.0,False,97,13,133,1,2,Powell
2.0,True,1,13,134,1,2,Powell
1.8,True,1,13,134,1,2,Powell
1.6,True,1,13,134,1,2,Powell
1.4,True,5,13,134,1,2,Powell
1.2,True,7,13,134,1,2,Powell
1.0,True,7,13,134,1,2,Powell
0.8,True,7,13,134,1,2,Powell
0.6,True,9,13,134,1,2,Powell
0.4,True,10,13,134,1,2,Powell
0.2,False,107,13,134,1,2,Powell
0.0,False,107,13,134,1,2,Powell
-0.2,False,107,13,134,1,2,Powell
-0.4,False,107,13,134,1,2,Powell
-0.6,False,107,13,134,1,2,Powell
-0.8,False,107,13,134,1,2,Powell
-1.0,False,107,13,134,1,2,Powell
-1.2,False,107,13,134,1,2,Powell
-1.4,False,107,13,134,1,2,Powell
-1.6,False,107,13,134,1,2,Powell
-1.8,False,107,13,134,1,2,Powell
-2.0,False,107,13,134,1,2,Powell
-2.2,False,107,13,134,1,2,Powell
-2.4,False,107,13,134,1,2,Powell
-2.6,False,107,13,134,1,2,Powell
-2.8,False,107,13,134,1,2,Powell
-3.0,False,107,13,134,1,2,Powell
-3.2,False,107,13,134,1,2,Powell
-3.4,False,107,13,134,1,2,Powell
-3.6,False,107,13,134,1,2,Powell
-3.8,False,107,13,134,1,2,Powell
-4.0,False,107,13,134,1,2,Powell
-4.2,False,107,13,134,1,2,Powell
-4.4,False,107,13,134,1,2,Powell
-4.6,False,107,13,134,1,2,Powell
-4.8,False,107,13,134,1,2,Powell
-5.0,False,107,13,134,1,2,Powell
-5.2,False,107,13,134,1,2,Powell
-5.4,False,107,13,134,1,2,Powell
-5.6,False,107,13,134,1,2,Powell
-5.8,False,107,13,134,1,2,Powell
-6.0,False,107,13,134,1,2,Powell
-6.2,False,107,13,134,1,2,Powell
-6.4,False,107,13,134,1,2,Powell
-6.6,False,107,13,134,1,2,Powell
-6.8,False,107,13,134,1,2,Powell
-7.0,False,107,13,134,1,2,Powell
-7.2,False,107,13,134,1,2,Powell
-7.4,False,107,13,134,1,2,Powell
-7.6,False,107,13,134,1,2,Powell
-7.8,False,107,13,134,1,2,Powell
-8.0,False,107,13,134,1,2,Powell
2.0,True,5,13,135,1,2,Powell
1.8,True,5,13,135,1,2,Powell
1.6,True,5,13,135,1,2,Powell
1.4,True,10,13,135,1,2,Powell
1.2,True,10,13,135,1,2,Powell
1.0,False,80,13,135,1,2,Powell
0.8,False,80,13,135,1,2,Powell
0.6,False,80,13,135,1,2,Powell
0.4,False,80,13,135,1,2,Powell
0.2,False,80,13,135,1,2,Powell
0.0,False,80,13,135,1,2,Powell
-0.2,False,80,13,135,1,2,Powell
-0.4,False,80,13,135,1,2,Powell
-0.6,False,80,13,135,1,2,Powell
-0.8,False,80,13,135,1,2,Powell
-1.0,False,80,13,135,1,2,Powell
-1.2,False,80,13,135,1,2,Powell
-1.4,False,80,13,135,1,2,Powell
-1.6,False,80,13,135,1,2,Powell
-1.8,False,80,13,135,1,2,Powell
-2.0,False,80,13,135,1,2,Powell
-2.2,False,80,13,135,1,2,Powell
-2.4,False,80,13,135,1,2,Powell
-2.6,False,80,13,135,1,2,Powell
-2.8,False,80,13,135,1,2,Powell
-3.0,False,80,13,135,1,2,Powell
-3.2,False,80,13,135,1,2,Powell
-3.4,False,80,13,135,1,2,Powell
-3.6,False,80,13,135,1,2,Powell
-3.8,False,80,13,135,1,2,Powell
-4.0,False,80,13,135,1,2,Powell
-4.2,False,80,13,135,1,2,Powell
-4.4,False,80,13,135,1,2,Powell
-4.6,False,80,13,135,1,2,Powell
-4.8,False,80,13,135,1,2,Powell
-5.0,False,80,13,135,1,2,Powell
-5.2,False,80,13,135,1,2,Powell
-5.4,False,80,13,135,1,2,Powell
-5.6,False,80,13,135,1,2,Powell
-5.8,False,80,13,135,1,2,Powell
-6.0,False,80,13,135,1,2,Powell
-6.2,False,80,13,135,1,2,Powell
-6.4,False,80,13,135,1,2,Powell
-6.6,False,80,13,135,1,2,Powell
-6.8,False,80,13,135,1,2,Powell
-7.0,False,80,13,135,1,2,Powell
-7.2,False,80,13,135,1,2,Powell
-7.4,False,80,13,135,1,2,Powell
-7.6,False,80,13,135,1,2,Powell
-7.8,False,80,13,135,1,2,Powell
-8.0,False,80,13,135,1,2,Powell
2.0,True,8,13,136,1,2,Powell
1.8,True,8,13,136,1,2,Powell
1.6,True,8,13,136,1,2,Powell
1.4,True,8,13,136,1,2,Powell
1.2,True,8,13,136,1,2,Powell
1.0,False,91,13,136,1,2,Powell
0.8,False,91,13,136,1,2,Powell
0.6,False,91,13,136,1,2,Powell
0.4,False,91,13,136,1,2,Powell
0.2,False,91,13,136,1,2,Powell
0.0,False,91,13,136,1,2,Powell
-0.2,False,91,13,136,1,2,Powell
-0.4,False,91,13,136,1,2,Powell
-0.6,False,91,13,136,1,2,Powell
-0.8,False,91,13,136,1,2,Powell
-1.0,False,91,13,136,1,2,Powell
-1.2,False,91,13,136,1,2,Powell
-1.4,False,91,13,136,1,2,Powell
-1.6,False,91,13,136,1,2,Powell
-1.8,False,91,13,136,1,2,Powell
-2.0,False,91,13,136,1,2,Powell
-2.2,False,91,13,136,1,2,Powell
-2.4,False,91,13,136,1,2,Powell
-2.6,False,91,13,136,1,2,Powell
-2.8,False,91,13,136,1,2,Powell
-3.0,False,91,13,136,1,2,Powell
-3.2,False,91,13,136,1,2,Powell
-3.4,False,91,13,136,1,2,Powell
-3.6,False,91,13,136,1,2,Powell
-3.8,False,91,13,136,1,2,Powell
-4.0,False,91,13,136,1,2,Powell
-4.2,False,91,13,136,1,2,Powell
-4.4,False,91,13,136,1,2,Powell
-4.6,False,91,13,136,1,2,Powell
-4.8,False,91,13,136,1,2,Powell
-5.0,False,91,13,136,1,2,Powell
-5.2,False,91,13,136,1,2,Powell
-5.4,False,91,13,136,1,2,Powell
-5.6,False,91,13,136,1,2,Powell
-5.8,False,91,13,136,1,2,Powell
-6.0,False,91,13,136,1,2,Powell
-6.2,False,91,13,136,1,2,Powell
-6.4,False,91,13,136,1,2,Powell
-6.6,False,91,13,136,1,2,Powell
-6.8,False,91,13,136,1,2,Powell
-7.0,False,91,13,136,1,2,Powell
-7.2,False,91,13,136,1,2,Powell
-7.4,False,91,13,136,1,2,Powell
-7.6,False,91,13,136,1,2,Powell
-7.8,False,91,13,136,1,2,Powell
-8.0,False,91,13,136,1,2,Powell
2.0,True,4,13,137,1,2,Powell
1.8,True,4,13,137,1,2,Powell
1.6,True,6,13,137,1,2,Powell
1.4,True,8,13,137,1,2,Powell
1.2,True,8,13,137,1,2,Powell
1.0,True,8,13,137,1,2,Powell
0.8,True,8,13,137,1,2,Powell
0.6,True,8,13,137,1,2,Powell
0.4,True,8,13,137,1,2,Powell
0.2,True,11,13,137,1,2,Powell
0.0,True,11,13,137,1,2,Powell
-0.2,True,11,13,137,1,2,Powell
-0.4,True,11,13,137,1,2,Powell
-0.6,True,11,13,137,1,2,Powell
-0.8,True,26,13,137,1,2,Powell
-1.0,False,90,13,137,1,2,Powell
-1.2,False,90,13,137,1,2,Powell
-1.4,False,90,13,137,1,2,Powell
-1.6,False,90,13,137,1,2,Powell
-1.8,False,90,13,137,1,2,Powell
-2.0,False,90,13,137,1,2,Powell
-2.2,False,90,13,137,1,2,Powell
-2.4,False,90,13,137,1,2,Powell
-2.6,False,90,13,137,1,2,Powell
-2.8,False,90,13,137,1,2,Powell
-3.0,False,90,13,137,1,2,Powell
-3.2,False,90,13,137,1,2,Powell
-3.4,False,90,13,137,1,2,Powell
-3.6,False,90,13,137,1,2,Powell
-3.8,False,90,13,137,1,2,Powell
-4.0,False,90,13,137,1,2,Powell
-4.2,False,90,13,137,1,2,Powell
-4.4,False,90,13,137,1,2,Powell
-4.6,False,90,13,137,1,2,Powell
-4.8,False,90,13,137,1,2,Powell
-5.0,False,90,13,137,1,2,Powell
-5.2,False,90,13,137,1,2,Powell
-5.4,False,90,13,137,1,2,Powell
-5.6,False,90,13,137,1,2,Powell
-5.8,False,90,13,137,1,2,Powell
-6.0,False,90,13,137,1,2,Powell
-6.2,False,90,13,137,1,2,Powell
-6.4,False,90,13,137,1,2,Powell
-6.6,False,90,13,137,1,2,Powell
-6.8,False,90,13,137,1,2,Powell
-7.0,False,90,13,137,1,2,Powell
-7.2,False,90,13,137,1,2,Powell
-7.4,False,90,13,137,1,2,Powell
-7.6,False,90,13,137,1,2,Powell
-7.8,False,90,13,137,1,2,Powell
-8.0,False,90,13,137,1,2,Powell
2.0,True,5,13,138,1,2,Powell
1.8,True,5,13,138,1,2,Powell
1.6,True,7,13,138,1,2,Powell
1.4,True,7,13,138,1,2,Powell
1.2,True,7,13,138,1,2,Powell
1.0,True,7,13,138,1,2,Powell
0.8,True,8,13,138,1,2,Powell
0.6,True,8,13,138,1,2,Powell
0.4,True,8,13,138,1,2,Powell
0.2,True,22,13,138,1,2,Powell
0.0,True,22,13,138,1,2,Powell
-0.2,False,82,13,138,1,2,Powell
-0.4,False,82,13,138,1,2,Powell
-0.6,False,82,13,138,1,2,Powell
-0.8,False,82,13,138,1,2,Powell
-1.0,False,82,13,138,1,2,Powell
-1.2,False,82,13,138,1,2,Powell
-1.4,False,82,13,138,1,2,Powell
-1.6,False,82,13,138,1,2,Powell
-1.8,False,82,13,138,1,2,Powell
-2.0,False,82,13,138,1,2,Powell
-2.2,False,82,13,138,1,2,Powell
-2.4,False,82,13,138,1,2,Powell
-2.6,False,82,13,138,1,2,Powell
-2.8,False,82,13,138,1,2,Powell
-3.0,False,82,13,138,1,2,Powell
-3.2,False,82,13,138,1,2,Powell
-3.4,False,82,13,138,1,2,Powell
-3.6,False,82,13,138,1,2,Powell
-3.8,False,82,13,138,1,2,Powell
-4.0,False,82,13,138,1,2,Powell
-4.2,False,82,13,138,1,2,Powell
-4.4,False,82,13,138,1,2,Powell
-4.6,False,82,13,138,1,2,Powell
-4.8,False,82,13,138,1,2,Powell
-5.0,False,82,13,138,1,2,Powell
-5.2,False,82,13,138,1,2,Powell
-5.4,False,82,13,138,1,2,Powell
-5.6,False,82,13,138,1,2,Powell
-5.8,False,82,13,138,1,2,Powell
-6.0,False,82,13,138,1,2,Powell
-6.2,False,82,13,138,1,2,Powell
-6.4,False,82,13,138,1,2,Powell
-6.6,False,82,13,138,1,2,Powell
-6.8,False,82,13,138,1,2,Powell
-7.0,False,82,13,138,1,2,Powell
-7.2,False,82,13,138,1,2,Powell
-7.4,False,82,13,138,1,2,Powell
-7.6,False,82,13,138,1,2,Powell
-7.8,False,82,13,138,1,2,Powell
-8.0,False,82,13,138,1,2,Powell
2.0,False,90,13,139,1,2,Powell
1.8,False,90,13,139,1,2,Powell
1.6,False,90,13,139,1,2,Powell
1.4,False,90,13,139,1,2,Powell
1.2,False,90,13,139,1,2,Powell
1.0,False,90,13,139,1,2,Powell
0.8,False,90,13,139,1,2,Powell
0.6,False,90,13,139,1,2,Powell
0.4,False,90,13,139,1,2,Powell
0.2,False,90,13,139,1,2,Powell
0.0,False,90,13,139,1,2,Powell
-0.2,False,90,13,139,1,2,Powell
-0.4,False,90,13,139,1,2,Powell
-0.6,False,90,13,139,1,2,Powell
-0.8,False,90,13,139,1,2,Powell
-1.0,False,90,13,139,1,2,Powell
-1.2,False,90,13,139,1,2,Powell
-1.4,False,90,13,139,1,2,Powell
-1.6,False,90,13,139,1,2,Powell
-1.8,False,90,13,139,1,2,Powell
-2.0,False,90,13,139,1,2,Powell
-2.2,False,90,13,139,1,2,Powell
-2.4,False,90,13,139,1,2,Powell
-2.6,False,90,13,139,1,2,Powell
-2.8,False,90,13,139,1,2,Powell
-3.0,False,90,13,139,1,2,Powell
-3.2,False,90,13,139,1,2,Powell
-3.4,False,90,13,139,1,2,Powell
-3.6,False,90,13,139,1,2,Powell
-3.8,False,90,13,139,1,2,Powell
-4.0,False,90,13,139,1,2,Powell
-4.2,False,90,13,139,1,2,Powell
-4.4,False,90,13,139,1,2,Powell
-4.6,False,90,13,139,1,2,Powell
-4.8,False,90,13,139,1,2,Powell
-5.0,False,90,13,139,1,2,Powell
-5.2,False,90,13,139,1,2,Powell
-5.4,False,90,13,139,1,2,Powell
-5.6,False,90,13,139,1,2,Powell
-5.8,False,90,13,139,1,2,Powell
-6.0,False,90,13,139,1,2,Powell
-6.2,False,90,13,139,1,2,Powell
-6.4,False,90,13,139,1,2,Powell
-6.6,False,90,13,139,1,2,Powell
-6.8,False,90,13,139,1,2,Powell
-7.0,False,90,13,139,1,2,Powell
-7.2,False,90,13,139,1,2,Powell
-7.4,False,90,13,139,1,2,Powell
-7.6,False,90,13,139,1,2,Powell
-7.8,False,90,13,139,1,2,Powell
-8.0,False,90,13,139,1,2,Powell
2.0,True,12,13,140,1,2,Powell
1.8,True,12,13,140,1,2,Powell
1.6,True,13,13,140,1,2,Powell
1.4,False,81,13,140,1,2,Powell
1.2,False,81,13,140,1,2,Powell
1.0,False,81,13,140,1,2,Powell
0.8,False,81,13,140,1,2,Powell
0.6,False,81,13,140,1,2,Powell
0.4,False,81,13,140,1,2,Powell
0.2,False,81,13,140,1,2,Powell
0.0,False,81,13,140,1,2,Powell
-0.2,False,81,13,140,1,2,Powell
-0.4,False,81,13,140,1,2,Powell
-0.6,False,81,13,140,1,2,Powell
-0.8,False,81,13,140,1,2,Powell
-1.0,False,81,13,140,1,2,Powell
-1.2,False,81,13,140,1,2,Powell
-1.4,False,81,13,140,1,2,Powell
-1.6,False,81,13,140,1,2,Powell
-1.8,False,81,13,140,1,2,Powell
-2.0,False,81,13,140,1,2,Powell
-2.2,False,81,13,140,1,2,Powell
-2.4,False,81,13,140,1,2,Powell
-2.6,False,81,13,140,1,2,Powell
-2.8,False,81,13,140,1,2,Powell
-3.0,False,81,13,140,1,2,Powell
-3.2,False,81,13,140,1,2,Powell
-3.4,False,81,13,140,1,2,Powell
-3.6,False,81,13,140,1,2,Powell
-3.8,False,81,13,140,1,2,Powell
-4.0,False,81,13,140,1,2,Powell
-4.2,False,81,13,140,1,2,Powell
-4.4,False,81,13,140,1,2,Powell
-4.6,False,81,13,140,1,2,Powell
-4.8,False,81,13,140,1,2,Powell
-5.0,False,81,13,140,1,2,Powell
-5.2,False,81,13,140,1,2,Powell
-5.4,False,81,13,140,1,2,Powell
-5.6,False,81,13,140,1,2,Powell
-5.8,False,81,13,140,1,2,Powell
-6.0,False,81,13,140,1,2,Powell
-6.2,False,81,13,140,1,2,Powell
-6.4,False,81,13,140,1,2,Powell
-6.6,False,81,13,140,1,2,Powell
-6.8,False,81,13,140,1,2,Powell
-7.0,False,81,13,140,1,2,Powell
-7.2,False,81,13,140,1,2,Powell
-7.4,False,81,13,140,1,2,Powell
-7.6,False,81,13,140,1,2,Powell
-7.8,False,81,13,140,1,2,Powell
-8.0,False,81,13,140,1,2,Powell
2.0,True,11,13,141,1,2,Powell
1.8,True,11,13,141,1,2,Powell
1.6,True,11,13,141,1,2,Powell
1.4,True,13,13,141,1,2,Powell
1.2,True,13,13,141,1,2,Powell
1.0,True,13,13,141,1,2,Powell
0.8,True,16,13,141,1,2,Powell
0.6,True,16,13,141,1,2,Powell
0.4,True,16,13,141,1,2,Powell
0.2,True,25,13,141,1,2,Powell
0.0,True,25,13,141,1,2,Powell
-0.2,True,27,13,141,1,2,Powell
-0.4,True,29,13,141,1,2,Powell
-0.6,True,29,13,141,1,2,Powell
-0.8,True,29,13,141,1,2,Powell
-1.0,True,31,13,141,1,2,Powell
-1.2,False,87,13,141,1,2,Powell
-1.4,False,87,13,141,1,2,Powell
-1.6,False,87,13,141,1,2,Powell
-1.8,False,87,13,141,1,2,Powell
-2.0,False,87,13,141,1,2,Powell
-2.2,False,87,13,141,1,2,Powell
-2.4,False,87,13,141,1,2,Powell
-2.6,False,87,13,141,1,2,Powell
-2.8,False,87,13,141,1,2,Powell
-3.0,False,87,13,141,1,2,Powell
-3.2,False,87,13,141,1,2,Powell
-3.4,False,87,13,141,1,2,Powell
-3.6,False,87,13,141,1,2,Powell
-3.8,False,87,13,141,1,2,Powell
-4.0,False,87,13,141,1,2,Powell
-4.2,False,87,13,141,1,2,Powell
-4.4,False,87,13,141,1,2,Powell
-4.6,False,87,13,141,1,2,Powell
-4.8,False,87,13,141,1,2,Powell
-5.0,False,87,13,141,1,2,Powell
-5.2,False,87,13,141,1,2,Powell
-5.4,False,87,13,141,1,2,Powell
-5.6,False,87,13,141,1,2,Powell
-5.8,False,87,13,141,1,2,Powell
-6.0,False,87,13,141,1,2,Powell
-6.2,False,87,13,141,1,2,Powell
-6.4,False,87,13,141,1,2,Powell
-6.6,False,87,13,141,1,2,Powell
-6.8,False,87,13,141,1,2,Powell
-7.0,False,87,13,141,1,2,Powell
-7.2,False,87,13,141,1,2,Powell
-7.4,False,87,13,141,1,2,Powell
-7.6,False,87,13,141,1,2,Powell
-7.8,False,87,13,141,1,2,Powell
-8.0,False,87,13,141,1,2,Powell
2.0,True,11,13,142,1,2,Powell
1.8,False,155,13,142,1,2,Powell
1.6,False,155,13,142,1,2,Powell
1.4,False,155,13,142,1,2,Powell
1.2,False,155,13,142,1,2,Powell
1.0,False,155,13,142,1,2,Powell
0.8,False,155,13,142,1,2,Powell
0.6,False,155,13,142,1,2,Powell
0.4,False,155,13,142,1,2,Powell
0.2,False,155,13,142,1,2,Powell
0.0,False,155,13,142,1,2,Powell
-0.2,False,155,13,142,1,2,Powell
-0.4,False,155,13,142,1,2,Powell
-0.6,False,155,13,142,1,2,Powell
-0.8,False,155,13,142,1,2,Powell
-1.0,False,155,13,142,1,2,Powell
-1.2,False,155,13,142,1,2,Powell
-1.4,False,155,13,142,1,2,Powell
-1.6,False,155,13,142,1,2,Powell
-1.8,False,155,13,142,1,2,Powell
-2.0,False,155,13,142,1,2,Powell
-2.2,False,155,13,142,1,2,Powell
-2.4,False,155,13,142,1,2,Powell
-2.6,False,155,13,142,1,2,Powell
-2.8,False,155,13,142,1,2,Powell
-3.0,False,155,13,142,1,2,Powell
-3.2,False,155,13,142,1,2,Powell
-3.4,False,155,13,142,1,2,Powell
-3.6,False,155,13,142,1,2,Powell
-3.8,False,155,13,142,1,2,Powell
-4.0,False,155,13,142,1,2,Powell
-4.2,False,155,13,142,1,2,Powell
-4.4,False,155,13,142,1,2,Powell
-4.6,False,155,13,142,1,2,Powell
-4.8,False,155,13,142,1,2,Powell
-5.0,False,155,13,142,1,2,Powell
-5.2,False,155,13,142,1,2,Powell
-5.4,False,155,13,142,1,2,Powell
-5.6,False,155,13,142,1,2,Powell
-5.8,False,155,13,142,1,2,Powell
-6.0,False,155,13,142,1,2,Powell
-6.2,False,155,13,142,1,2,Powell
-6.4,False,155,13,142,1,2,Powell
-6.6,False,155,13,142,1,2,Powell
-6.8,False,155,13,142,1,2,Powell
-7.0,False,155,13,142,1,2,Powell
-7.2,False,155,13,142,1,2,Powell
-7.4,False,155,13,142,1,2,Powell
-7.6,False,155,13,142,1,2,Powell
-7.8,False,155,13,142,1,2,Powell
-8.0,False,155,13,142,1,2,Powell
2.0,True,4,13,143,1,2,Powell
1.8,True,4,13,143,1,2,Powell
1.6,True,8,13,143,1,2,Powell
1.4,True,8,13,143,1,2,Powell
1.2,True,8,13,143,1,2,Powell
1.0,True,8,13,143,1,2,Powell
0.8,True,8,13,143,1,2,Powell
0.6,True,8,13,143,1,2,Powell
0.4,True,8,13,143,1,2,Powell
0.2,True,8,13,143,1,2,Powell
0.0,True,18,13,143,1,2,Powell
-0.2,True,18,13,143,1,2,Powell
-0.4,True,20,13,143,1,2,Powell
-0.6,True,21,13,143,1,2,Powell
-0.8,True,21,13,143,1,2,Powell
-1.0,True,23,13,143,1,2,Powell
-1.2,True,23,13,143,1,2,Powell
-1.4,True,26,13,143,1,2,Powell
-1.6,False,82,13,143,1,2,Powell
-1.8,False,82,13,143,1,2,Powell
-2.0,False,82,13,143,1,2,Powell
-2.2,False,82,13,143,1,2,Powell
-2.4,False,82,13,143,1,2,Powell
-2.6,False,82,13,143,1,2,Powell
-2.8,False,82,13,143,1,2,Powell
-3.0,False,82,13,143,1,2,Powell
-3.2,False,82,13,143,1,2,Powell
-3.4,False,82,13,143,1,2,Powell
-3.6,False,82,13,143,1,2,Powell
-3.8,False,82,13,143,1,2,Powell
-4.0,False,82,13,143,1,2,Powell
-4.2,False,82,13,143,1,2,Powell
-4.4,False,82,13,143,1,2,Powell
-4.6,False,82,13,143,1,2,Powell
-4.8,False,82,13,143,1,2,Powell
-5.0,False,82,13,143,1,2,Powell
-5.2,False,82,13,143,1,2,Powell
-5.4,False,82,13,143,1,2,Powell
-5.6,False,82,13,143,1,2,Powell
-5.8,False,82,13,143,1,2,Powell
-6.0,False,82,13,143,1,2,Powell
-6.2,False,82,13,143,1,2,Powell
-6.4,False,82,13,143,1,2,Powell
-6.6,False,82,13,143,1,2,Powell
-6.8,False,82,13,143,1,2,Powell
-7.0,False,82,13,143,1,2,Powell
-7.2,False,82,13,143,1,2,Powell
-7.4,False,82,13,143,1,2,Powell
-7.6,False,82,13,143,1,2,Powell
-7.8,False,82,13,143,1,2,Powell
-8.0,False,82,13,143,1,2,Powell
2.0,True,4,13,144,1,2,Powell
1.8,True,12,13,144,1,2,Powell
1.6,True,12,13,144,1,2,Powell
1.4,True,12,13,144,1,2,Powell
1.2,True,12,13,144,1,2,Powell
1.0,True,23,13,144,1,2,Powell
0.8,False,85,13,144,1,2,Powell
0.6,False,85,13,144,1,2,Powell
0.4,False,85,13,144,1,2,Powell
0.2,False,85,13,144,1,2,Powell
0.0,False,85,13,144,1,2,Powell
-0.2,False,85,13,144,1,2,Powell
-0.4,False,85,13,144,1,2,Powell
-0.6,False,85,13,144,1,2,Powell
-0.8,False,85,13,144,1,2,Powell
-1.0,False,85,13,144,1,2,Powell
-1.2,False,85,13,144,1,2,Powell
-1.4,False,85,13,144,1,2,Powell
-1.6,False,85,13,144,1,2,Powell
-1.8,False,85,13,144,1,2,Powell
-2.0,False,85,13,144,1,2,Powell
-2.2,False,85,13,144,1,2,Powell
-2.4,False,85,13,144,1,2,Powell
-2.6,False,85,13,144,1,2,Powell
-2.8,False,85,13,144,1,2,Powell
-3.0,False,85,13,144,1,2,Powell
-3.2,False,85,13,144,1,2,Powell
-3.4,False,85,13,144,1,2,Powell
-3.6,False,85,13,144,1,2,Powell
-3.8,False,85,13,144,1,2,Powell
-4.0,False,85,13,144,1,2,Powell
-4.2,False,85,13,144,1,2,Powell
-4.4,False,85,13,144,1,2,Powell
-4.6,False,85,13,144,1,2,Powell
-4.8,False,85,13,144,1,2,Powell
-5.0,False,85,13,144,1,2,Powell
-5.2,False,85,13,144,1,2,Powell
-5.4,False,85,13,144,1,2,Powell
-5.6,False,85,13,144,1,2,Powell
-5.8,False,85,13,144,1,2,Powell
-6.0,False,85,13,144,1,2,Powell
-6.2,False,85,13,144,1,2,Powell
-6.4,False,85,13,144,1,2,Powell
-6.6,False,85,13,144,1,2,Powell
-6.8,False,85,13,144,1,2,Powell
-7.0,False,85,13,144,1,2,Powell
-7.2,False,85,13,144,1,2,Powell
-7.4,False,85,13,144,1,2,Powell
-7.6,False,85,13,144,1,2,Powell
-7.8,False,85,13,144,1,2,Powell
-8.0,False,85,13,144,1,2,Powell
2.0,True,3,13,145,1,2,Powell
1.8,True,8,13,145,1,2,Powell
1.6,False,86,13,145,1,2,Powell
1.4,False,86,13,145,1,2,Powell
1.2,False,86,13,145,1,2,Powell
1.0,False,86,13,145,1,2,Powell
0.8,False,86,13,145,1,2,Powell
0.6,False,86,13,145,1,2,Powell
0.4,False,86,13,145,1,2,Powell
0.2,False,86,13,145,1,2,Powell
0.0,False,86,13,145,1,2,Powell
-0.2,False,86,13,145,1,2,Powell
-0.4,False,86,13,145,1,2,Powell
-0.6,False,86,13,145,1,2,Powell
-0.8,False,86,13,145,1,2,Powell
-1.0,False,86,13,145,1,2,Powell
-1.2,False,86,13,145,1,2,Powell
-1.4,False,86,13,145,1,2,Powell
-1.6,False,86,13,145,1,2,Powell
-1.8,False,86,13,145,1,2,Powell
-2.0,False,86,13,145,1,2,Powell
-2.2,False,86,13,145,1,2,Powell
-2.4,False,86,13,145,1,2,Powell
-2.6,False,86,13,145,1,2,Powell
-2.8,False,86,13,145,1,2,Powell
-3.0,False,86,13,145,1,2,Powell
-3.2,False,86,13,145,1,2,Powell
-3.4,False,86,13,145,1,2,Powell
-3.6,False,86,13,145,1,2,Powell
-3.8,False,86,13,145,1,2,Powell
-4.0,False,86,13,145,1,2,Powell
-4.2,False,86,13,145,1,2,Powell
-4.4,False,86,13,145,1,2,Powell
-4.6,False,86,13,145,1,2,Powell
-4.8,False,86,13,145,1,2,Powell
-5.0,False,86,13,145,1,2,Powell
-5.2,False,86,13,145,1,2,Powell
-5.4,False,86,13,145,1,2,Powell
-5.6,False,86,13,145,1,2,Powell
-5.8,False,86,13,145,1,2,Powell
-6.0,False,86,13,145,1,2,Powell
-6.2,False,86,13,145,1,2,Powell
-6.4,False,86,13,145,1,2,Powell
-6.6,False,86,13,145,1,2,Powell
-6.8,False,86,13,145,1,2,Powell
-7.0,False,86,13,145,1,2,Powell
-7.2,False,86,13,145,1,2,Powell
-7.4,False,86,13,145,1,2,Powell
-7.6,False,86,13,145,1,2,Powell
-7.8,False,86,13,145,1,2,Powell
-8.0,False,86,13,145,1,2,Powell
2.0,True,11,13,146,1,2,Powell
1.8,True,11,13,146,1,2,Powell
1.6,True,12,13,146,1,2,Powell
1.4,True,12,13,146,1,2,Powell
1.2,True,14,13,146,1,2,Powell
1.0,True,14,13,146,1,2,Powell
0.8,True,14,13,146,1,2,Powell
0.6,True,27,13,146,1,2,Powell
0.4,False,87,13,146,1,2,Powell
0.2,False,87,13,146,1,2,Powell
0.0,False,87,13,146,1,2,Powell
-0.2,False,87,13,146,1,2,Powell
-0.4,False,87,13,146,1,2,Powell
-0.6,False,87,13,146,1,2,Powell
-0.8,False,87,13,146,1,2,Powell
-1.0,False,87,13,146,1,2,Powell
-1.2,False,87,13,146,1,2,Powell
-1.4,False,87,13,146,1,2,Powell
-1.6,False,87,13,146,1,2,Powell
-1.8,False,87,13,146,1,2,Powell
-2.0,False,87,13,146,1,2,Powell
-2.2,False,87,13,146,1,2,Powell
-2.4,False,87,13,146,1,2,Powell
-2.6,False,87,13,146,1,2,Powell
-2.8,False,87,13,146,1,2,Powell
-3.0,False,87,13,146,1,2,Powell
-3.2,False,87,13,146,1,2,Powell
-3.4,False,87,13,146,1,2,Powell
-3.6,False,87,13,146,1,2,Powell
-3.8,False,87,13,146,1,2,Powell
-4.0,False,87,13,146,1,2,Powell
-4.2,False,87,13,146,1,2,Powell
-4.4,False,87,13,146,1,2,Powell
-4.6,False,87,13,146,1,2,Powell
-4.8,False,87,13,146,1,2,Powell
-5.0,False,87,13,146,1,2,Powell
-5.2,False,87,13,146,1,2,Powell
-5.4,False,87,13,146,1,2,Powell
-5.6,False,87,13,146,1,2,Powell
-5.8,False,87,13,146,1,2,Powell
-6.0,False,87,13,146,1,2,Powell
-6.2,False,87,13,146,1,2,Powell
-6.4,False,87,13,146,1,2,Powell
-6.6,False,87,13,146,1,2,Powell
-6.8,False,87,13,146,1,2,Powell
-7.0,False,87,13,146,1,2,Powell
-7.2,False,87,13,146,1,2,Powell
-7.4,False,87,13,146,1,2,Powell
-7.6,False,87,13,146,1,2,Powell
-7.8,False,87,13,146,1,2,Powell
-8.0,False,87,13,146,1,2,Powell
2.0,True,5,13,147,1,2,Powell
1.8,True,5,13,147,1,2,Powell
1.6,True,5,13,147,1,2,Powell
1.4,True,5,13,147,1,2,Powell
1.2,True,8,13,147,1,2,Powell
1.0,True,8,13,147,1,2,Powell
0.8,False,147,13,147,1,2,Powell
0.6,False,147,13,147,1,2,Powell
0.4,False,147,13,147,1,2,Powell
0.2,False,147,13,147,1,2,Powell
0.0,False,147,13,147,1,2,Powell
-0.2,False,147,13,147,1,2,Powell
-0.4,False,147,13,147,1,2,Powell
-0.6,False,147,13,147,1,2,Powell
-0.8,False,147,13,147,1,2,Powell
-1.0,False,147,13,147,1,2,Powell
-1.2,False,147,13,147,1,2,Powell
-1.4,False,147,13,147,1,2,Powell
-1.6,False,147,13,147,1,2,Powell
-1.8,False,147,13,147,1,2,Powell
-2.0,False,147,13,147,1,2,Powell
-2.2,False,147,13,147,1,2,Powell
-2.4,False,147,13,147,1,2,Powell
-2.6,False,147,13,147,1,2,Powell
-2.8,False,147,13,147,1,2,Powell
-3.0,False,147,13,147,1,2,Powell
-3.2,False,147,13,147,1,2,Powell
-3.4,False,147,13,147,1,2,Powell
-3.6,False,147,13,147,1,2,Powell
-3.8,False,147,13,147,1,2,Powell
-4.0,False,147,13,147,1,2,Powell
-4.2,False,147,13,147,1,2,Powell
-4.4,False,147,13,147,1,2,Powell
-4.6,False,147,13,147,1,2,Powell
-4.8,False,147,13,147,1,2,Powell
-5.0,False,147,13,147,1,2,Powell
-5.2,False,147,13,147,1,2,Powell
-5.4,False,147,13,147,1,2,Powell
-5.6,False,147,13,147,1,2,Powell
-5.8,False,147,13,147,1,2,Powell
-6.0,False,147,13,147,1,2,Powell
-6.2,False,147,13,147,1,2,Powell
-6.4,False,147,13,147,1,2,Powell
-6.6,False,147,13,147,1,2,Powell
-6.8,False,147,13,147,1,2,Powell
-7.0,False,147,13,147,1,2,Powell
-7.2,False,147,13,147,1,2,Powell
-7.4,False,147,13,147,1,2,Powell
-7.6,False,147,13,147,1,2,Powell
-7.8,False,147,13,147,1,2,Powell
-8.0,False,147,13,147,1,2,Powell
2.0,True,1,13,148,1,2,Powell
1.8,True,1,13,148,1,2,Powell
1.6,True,1,13,148,1,2,Powell
1.4,True,9,13,148,1,2,Powell
1.2,True,18,13,148,1,2,Powell
1.0,True,21,13,148,1,2,Powell
0.8,True,34,13,148,1,2,Powell
0.6,True,34,13,148,1,2,Powell
0.4,True,34,13,148,1,2,Powell
0.2,True,34,13,148,1,2,Powell
0.0,False,148,13,148,1,2,Powell
-0.2,False,148,13,148,1,2,Powell
-0.4,False,148,13,148,1,2,Powell
-0.6,False,148,13,148,1,2,Powell
-0.8,False,148,13,148,1,2,Powell
-1.0,False,148,13,148,1,2,Powell
-1.2,False,148,13,148,1,2,Powell
-1.4,False,148,13,148,1,2,Powell
-1.6,False,148,13,148,1,2,Powell
-1.8,False,148,13,148,1,2,Powell
-2.0,False,148,13,148,1,2,Powell
-2.2,False,148,13,148,1,2,Powell
-2.4,False,148,13,148,1,2,Powell
-2.6,False,148,13,148,1,2,Powell
-2.8,False,148,13,148,1,2,Powell
-3.0,False,148,13,148,1,2,Powell
-3.2,False,148,13,148,1,2,Powell
-3.4,False,148,13,148,1,2,Powell
-3.6,False,148,13,148,1,2,Powell
-3.8,False,148,13,148,1,2,Powell
-4.0,False,148,13,148,1,2,Powell
-4.2,False,148,13,148,1,2,Powell
-4.4,False,148,13,148,1,2,Powell
-4.6,False,148,13,148,1,2,Powell
-4.8,False,148,13,148,1,2,Powell
-5.0,False,148,13,148,1,2,Powell
-5.2,False,148,13,148,1,2,Powell
-5.4,False,148,13,148,1,2,Powell
-5.6,False,148,13,148,1,2,Powell
-5.8,False,148,13,148,1,2,Powell
-6.0,False,148,13,148,1,2,Powell
-6.2,False,148,13,148,1,2,Powell
-6.4,False,148,13,148,1,2,Powell
-6.6,False,148,13,148,1,2,Powell
-6.8,False,148,13,148,1,2,Powell
-7.0,False,148,13,148,1,2,Powell
-7.2,False,148,13,148,1,2,Powell
-7.4,False,148,13,148,1,2,Powell
-7.6,False,148,13,148,1,2,Powell
-7.8,False,148,13,148,1,2,Powell
-8.0,False,148,13,148,1,2,Powell
2.0,True,16,13,149,1,2,Powell
1.8,True,39,13,149,1,2,Powell
1.6,True,52,13,149,1,2,Powell
1.4,True,52,13,149,1,2,Powell
1.2,True,53,13,149,1,2,Powell
1.0,True,53,13,149,1,2,Powell
0.8,True,53,13,149,1,2,Powell
0.6,True,53,13,149,1,2,Powell
0.4,True,53,13,149,1,2,Powell
0.2,True,64,13,149,1,2,Powell
0.0,True,64,13,149,1,2,Powell
-0.2,True,67,13,149,1,2,Powell
-0.4,True,67,13,149,1,2,Powell
-0.6,True,69,13,149,1,2,Powell
-0.8,True,69,13,149,1,2,Powell
-1.0,True,71,13,149,1,2,Powell
-1.2,True,79,13,149,1,2,Powell
-1.4,True,92,13,149,1,2,Powell
-1.6,True,95,13,149,1,2,Powell
-1.8,False,161,13,149,1,2,Powell
-2.0,False,161,13,149,1,2,Powell
-2.2,False,161,13,149,1,2,Powell
-2.4,False,161,13,149,1,2,Powell
-2.6,False,161,13,149,1,2,Powell
-2.8,False,161,13,149,1,2,Powell
-3.0,False,161,13,149,1,2,Powell
-3.2,False,161,13,149,1,2,Powell
-3.4,False,161,13,149,1,2,Powell
-3.6,False,161,13,149,1,2,Powell
-3.8,False,161,13,149,1,2,Powell
-4.0,False,161,13,149,1,2,Powell
-4.2,False,161,13,149,1,2,Powell
-4.4,False,161,13,149,1,2,Powell
-4.6,False,161,13,149,1,2,Powell
-4.8,False,161,13,149,1,2,Powell
-5.0,False,161,13,149,1,2,Powell
-5.2,False,161,13,149,1,2,Powell
-5.4,False,161,13,149,1,2,Powell
-5.6,False,161,13,149,1,2,Powell
-5.8,False,161,13,149,1,2,Powell
-6.0,False,161,13,149,1,2,Powell
-6.2,False,161,13,149,1,2,Powell
-6.4,False,161,13,149,1,2,Powell
-6.6,False,161,13,149,1,2,Powell
-6.8,False,161,13,149,1,2,Powell
-7.0,False,161,13,149,1,2,Powell
-7.2,False,161,13,149,1,2,Powell
-7.4,False,161,13,149,1,2,Powell
-7.6,False,161,13,149,1,2,Powell
-7.8,False,161,13,149,1,2,Powell
-8.0,False,161,13,149,1,2,Powell
2.0,True,4,13,150,1,2,Powell
1.8,True,4,13,150,1,2,Powell
1.6,True,4,13,150,1,2,Powell
1.4,True,11,13,150,1,2,Powell
1.2,True,13,13,150,1,2,Powell
1.0,True,13,13,150,1,2,Powell
0.8,True,13,13,150,1,2,Powell
0.6,True,13,13,150,1,2,Powell
0.4,True,23,13,150,1,2,Powell
0.2,False,107,13,150,1,2,Powell
0.0,False,107,13,150,1,2,Powell
-0.2,False,107,13,150,1,2,Powell
-0.4,False,107,13,150,1,2,Powell
-0.6,False,107,13,150,1,2,Powell
-0.8,False,107,13,150,1,2,Powell
-1.0,False,107,13,150,1,2,Powell
-1.2,False,107,13,150,1,2,Powell
-1.4,False,107,13,150,1,2,Powell
-1.6,False,107,13,150,1,2,Powell
-1.8,False,107,13,150,1,2,Powell
-2.0,False,107,13,150,1,2,Powell
-2.2,False,107,13,150,1,2,Powell
-2.4,False,107,13,150,1,2,Powell
-2.6,False,107,13,150,1,2,Powell
-2.8,False,107,13,150,1,2,Powell
-3.0,False,107,13,150,1,2,Powell
-3.2,False,107,13,150,1,2,Powell
-3.4,False,107,13,150,1,2,Powell
-3.6,False,107,13,150,1,2,Powell
-3.8,False,107,13,150,1,2,Powell
-4.0,False,107,13,150,1,2,Powell
-4.2,False,107,13,150,1,2,Powell
-4.4,False,107,13,150,1,2,Powell
-4.6,False,107,13,150,1,2,Powell
-4.8,False,107,13,150,1,2,Powell
-5.0,False,107,13,150,1,2,Powell
-5.2,False,107,13,150,1,2,Powell
-5.4,False,107,13,150,1,2,Powell
-5.6,False,107,13,150,1,2,Powell
-5.8,False,107,13,150,1,2,Powell
-6.0,False,107,13,150,1,2,Powell
-6.2,False,107,13,150,1,2,Powell
-6.4,False,107,13,150,1,2,Powell
-6.6,False,107,13,150,1,2,Powell
-6.8,False,107,13,150,1,2,Powell
-7.0,False,107,13,150,1,2,Powell
-7.2,False,107,13,150,1,2,Powell
-7.4,False,107,13,150,1,2,Powell
-7.6,False,107,13,150,1,2,Powell
-7.8,False,107,13,150,1,2,Powell
-8.0,False,107,13,150,1,2,Powell
2.0,True,8,13,151,1,2,Powell
1.8,True,8,13,151,1,2,Powell
1.6,True,9,13,151,1,2,Powell
1.4,True,9,13,151,1,2,Powell
1.2,True,11,13,151,1,2,Powell
1.0,True,11,13,151,1,2,Powell
0.8,True,11,13,151,1,2,Powell
0.6,True,19,13,151,1,2,Powell
0.4,True,19,13,151,1,2,Powell
0.2,True,21,13,151,1,2,Powell
0.0,True,21,13,151,1,2,Powell
-0.2,False,107,13,151,1,2,Powell
-0.4,False,107,13,151,1,2,Powell
-0.6,False,107,13,151,1,2,Powell
-0.8,False,107,13,151,1,2,Powell
-1.0,False,107,13,151,1,2,Powell
-1.2,False,107,13,151,1,2,Powell
-1.4,False,107,13,151,1,2,Powell
-1.6,False,107,13,151,1,2,Powell
-1.8,False,107,13,151,1,2,Powell
-2.0,False,107,13,151,1,2,Powell
-2.2,False,107,13,151,1,2,Powell
-2.4,False,107,13,151,1,2,Powell
-2.6,False,107,13,151,1,2,Powell
-2.8,False,107,13,151,1,2,Powell
-3.0,False,107,13,151,1,2,Powell
-3.2,False,107,13,151,1,2,Powell
-3.4,False,107,13,151,1,2,Powell
-3.6,False,107,13,151,1,2,Powell
-3.8,False,107,13,151,1,2,Powell
-4.0,False,107,13,151,1,2,Powell
-4.2,False,107,13,151,1,2,Powell
-4.4,False,107,13,151,1,2,Powell
-4.6,False,107,13,151,1,2,Powell
-4.8,False,107,13,151,1,2,Powell
-5.0,False,107,13,151,1,2,Powell
-5.2,False,107,13,151,1,2,Powell
-5.4,False,107,13,151,1,2,Powell
-5.6,False,107,13,151,1,2,Powell
-5.8,False,107,13,151,1,2,Powell
-6.0,False,107,13,151,1,2,Powell
-6.2,False,107,13,151,1,2,Powell
-6.4,False,107,13,151,1,2,Powell
-6.6,False,107,13,151,1,2,Powell
-6.8,False,107,13,151,1,2,Powell
-7.0,False,107,13,151,1,2,Powell
-7.2,False,107,13,151,1,2,Powell
-7.4,False,107,13,151,1,2,Powell
-7.6,False,107,13,151,1,2,Powell
-7.8,False,107,13,151,1,2,Powell
-8.0,False,107,13,151,1,2,Powell
2.0,True,1,13,152,1,2,Powell
1.8,True,4,13,152,1,2,Powell
1.6,True,21,13,152,1,2,Powell
1.4,False,80,13,152,1,2,Powell
1.2,False,80,13,152,1,2,Powell
1.0,False,80,13,152,1,2,Powell
0.8,False,80,13,152,1,2,Powell
0.6,False,80,13,152,1,2,Powell
0.4,False,80,13,152,1,2,Powell
0.2,False,80,13,152,1,2,Powell
0.0,False,80,13,152,1,2,Powell
-0.2,False,80,13,152,1,2,Powell
-0.4,False,80,13,152,1,2,Powell
-0.6,False,80,13,152,1,2,Powell
-0.8,False,80,13,152,1,2,Powell
-1.0,False,80,13,152,1,2,Powell
-1.2,False,80,13,152,1,2,Powell
-1.4,False,80,13,152,1,2,Powell
-1.6,False,80,13,152,1,2,Powell
-1.8,False,80,13,152,1,2,Powell
-2.0,False,80,13,152,1,2,Powell
-2.2,False,80,13,152,1,2,Powell
-2.4,False,80,13,152,1,2,Powell
-2.6,False,80,13,152,1,2,Powell
-2.8,False,80,13,152,1,2,Powell
-3.0,False,80,13,152,1,2,Powell
-3.2,False,80,13,152,1,2,Powell
-3.4,False,80,13,152,1,2,Powell
-3.6,False,80,13,152,1,2,Powell
-3.8,False,80,13,152,1,2,Powell
-4.0,False,80,13,152,1,2,Powell
-4.2,False,80,13,152,1,2,Powell
-4.4,False,80,13,152,1,2,Powell
-4.6,False,80,13,152,1,2,Powell
-4.8,False,80,13,152,1,2,Powell
-5.0,False,80,13,152,1,2,Powell
-5.2,False,80,13,152,1,2,Powell
-5.4,False,80,13,152,1,2,Powell
-5.6,False,80,13,152,1,2,Powell
-5.8,False,80,13,152,1,2,Powell
-6.0,False,80,13,152,1,2,Powell
-6.2,False,80,13,152,1,2,Powell
-6.4,False,80,13,152,1,2,Powell
-6.6,False,80,13,152,1,2,Powell
-6.8,False,80,13,152,1,2,Powell
-7.0,False,80,13,152,1,2,Powell
-7.2,False,80,13,152,1,2,Powell
-7.4,False,80,13,152,1,2,Powell
-7.6,False,80,13,152,1,2,Powell
-7.8,False,80,13,152,1,2,Powell
-8.0,False,80,13,152,1,2,Powell
2.0,True,5,13,153,1,2,Powell
1.8,False,120,13,153,1,2,Powell
1.6,False,120,13,153,1,2,Powell
1.4,False,120,13,153,1,2,Powell
1.2,False,120,13,153,1,2,Powell
1.0,False,120,13,153,1,2,Powell
0.8,False,120,13,153,1,2,Powell
0.6,False,120,13,153,1,2,Powell
0.4,False,120,13,153,1,2,Powell
0.2,False,120,13,153,1,2,Powell
0.0,False,120,13,153,1,2,Powell
-0.2,False,120,13,153,1,2,Powell
-0.4,False,120,13,153,1,2,Powell
-0.6,False,120,13,153,1,2,Powell
-0.8,False,120,13,153,1,2,Powell
-1.0,False,120,13,153,1,2,Powell
-1.2,False,120,13,153,1,2,Powell
-1.4,False,120,13,153,1,2,Powell
-1.6,False,120,13,153,1,2,Powell
-1.8,False,120,13,153,1,2,Powell
-2.0,False,120,13,153,1,2,Powell
-2.2,False,120,13,153,1,2,Powell
-2.4,False,120,13,153,1,2,Powell
-2.6,False,120,13,153,1,2,Powell
-2.8,False,120,13,153,1,2,Powell
-3.0,False,120,13,153,1,2,Powell
-3.2,False,120,13,153,1,2,Powell
-3.4,False,120,13,153,1,2,Powell
-3.6,False,120,13,153,1,2,Powell
-3.8,False,120,13,153,1,2,Powell
-4.0,False,120,13,153,1,2,Powell
-4.2,False,120,13,153,1,2,Powell
-4.4,False,120,13,153,1,2,Powell
-4.6,False,120,13,153,1,2,Powell
-4.8,False,120,13,153,1,2,Powell
-5.0,False,120,13,153,1,2,Powell
-5.2,False,120,13,153,1,2,Powell
-5.4,False,120,13,153,1,2,Powell
-5.6,False,120,13,153,1,2,Powell
-5.8,False,120,13,153,1,2,Powell
-6.0,False,120,13,153,1,2,Powell
-6.2,False,120,13,153,1,2,Powell
-6.4,False,120,13,153,1,2,Powell
-6.6,False,120,13,153,1,2,Powell
-6.8,False,120,13,153,1,2,Powell
-7.0,False,120,13,153,1,2,Powell
-7.2,False,120,13,153,1,2,Powell
-7.4,False,120,13,153,1,2,Powell
-7.6,False,120,13,153,1,2,Powell
-7.8,False,120,13,153,1,2,Powell
-8.0,False,120,13,153,1,2,Powell
2.0,True,9,13,154,1,2,Powell
1.8,False,109,13,154,1,2,Powell
1.6,False,109,13,154,1,2,Powell
1.4,False,109,13,154,1,2,Powell
1.2,False,109,13,154,1,2,Powell
1.0,False,109,13,154,1,2,Powell
0.8,False,109,13,154,1,2,Powell
0.6,False,109,13,154,1,2,Powell
0.4,False,109,13,154,1,2,Powell
0.2,False,109,13,154,1,2,Powell
0.0,False,109,13,154,1,2,Powell
-0.2,False,109,13,154,1,2,Powell
-0.4,False,109,13,154,1,2,Powell
-0.6,False,109,13,154,1,2,Powell
-0.8,False,109,13,154,1,2,Powell
-1.0,False,109,13,154,1,2,Powell
-1.2,False,109,13,154,1,2,Powell
-1.4,False,109,13,154,1,2,Powell
-1.6,False,109,13,154,1,2,Powell
-1.8,False,109,13,154,1,2,Powell
-2.0,False,109,13,154,1,2,Powell
-2.2,False,109,13,154,1,2,Powell
-2.4,False,109,13,154,1,2,Powell
-2.6,False,109,13,154,1,2,Powell
-2.8,False,109,13,154,1,2,Powell
-3.0,False,109,13,154,1,2,Powell
-3.2,False,109,13,154,1,2,Powell
-3.4,False,109,13,154,1,2,Powell
-3.6,False,109,13,154,1,2,Powell
-3.8,False,109,13,154,1,2,Powell
-4.0,False,109,13,154,1,2,Powell
-4.2,False,109,13,154,1,2,Powell
-4.4,False,109,13,154,1,2,Powell
-4.6,False,109,13,154,1,2,Powell
-4.8,False,109,13,154,1,2,Powell
-5.0,False,109,13,154,1,2,Powell
-5.2,False,109,13,154,1,2,Powell
-5.4,False,109,13,154,1,2,Powell
-5.6,False,109,13,154,1,2,Powell
-5.8,False,109,13,154,1,2,Powell
-6.0,False,109,13,154,1,2,Powell
-6.2,False,109,13,154,1,2,Powell
-6.4,False,109,13,154,1,2,Powell
-6.6,False,109,13,154,1,2,Powell
-6.8,False,109,13,154,1,2,Powell
-7.0,False,109,13,154,1,2,Powell
-7.2,False,109,13,154,1,2,Powell
-7.4,False,109,13,154,1,2,Powell
-7.6,False,109,13,154,1,2,Powell
-7.8,False,109,13,154,1,2,Powell
-8.0,False,109,13,154,1,2,Powell
2.0,True,16,13,155,1,2,Powell
1.8,True,16,13,155,1,2,Powell
1.6,True,17,13,155,1,2,Powell
1.4,True,17,13,155,1,2,Powell
1.2,True,19,13,155,1,2,Powell
1.0,False,91,13,155,1,2,Powell
0.8,False,91,13,155,1,2,Powell
0.6,False,91,13,155,1,2,Powell
0.4,False,91,13,155,1,2,Powell
0.2,False,91,13,155,1,2,Powell
0.0,False,91,13,155,1,2,Powell
-0.2,False,91,13,155,1,2,Powell
-0.4,False,91,13,155,1,2,Powell
-0.6,False,91,13,155,1,2,Powell
-0.8,False,91,13,155,1,2,Powell
-1.0,False,91,13,155,1,2,Powell
-1.2,False,91,13,155,1,2,Powell
-1.4,False,91,13,155,1,2,Powell
-1.6,False,91,13,155,1,2,Powell
-1.8,False,91,13,155,1,2,Powell
-2.0,False,91,13,155,1,2,Powell
-2.2,False,91,13,155,1,2,Powell
-2.4,False,91,13,155,1,2,Powell
-2.6,False,91,13,155,1,2,Powell
-2.8,False,91,13,155,1,2,Powell
-3.0,False,91,13,155,1,2,Powell
-3.2,False,91,13,155,1,2,Powell
-3.4,False,91,13,155,1,2,Powell
-3.6,False,91,13,155,1,2,Powell
-3.8,False,91,13,155,1,2,Powell
-4.0,False,91,13,155,1,2,Powell
-4.2,False,91,13,155,1,2,Powell
-4.4,False,91,13,155,1,2,Powell
-4.6,False,91,13,155,1,2,Powell
-4.8,False,91,13,155,1,2,Powell
-5.0,False,91,13,155,1,2,Powell
-5.2,False,91,13,155,1,2,Powell
-5.4,False,91,13,155,1,2,Powell
-5.6,False,91,13,155,1,2,Powell
-5.8,False,91,13,155,1,2,Powell
-6.0,False,91,13,155,1,2,Powell
-6.2,False,91,13,155,1,2,Powell
-6.4,False,91,13,155,1,2,Powell
-6.6,False,91,13,155,1,2,Powell
-6.8,False,91,13,155,1,2,Powell
-7.0,False,91,13,155,1,2,Powell
-7.2,False,91,13,155,1,2,Powell
-7.4,False,91,13,155,1,2,Powell
-7.6,False,91,13,155,1,2,Powell
-7.8,False,91,13,155,1,2,Powell
-8.0,False,91,13,155,1,2,Powell
2.0,True,10,13,156,1,2,Powell
1.8,True,10,13,156,1,2,Powell
1.6,True,10,13,156,1,2,Powell
1.4,True,11,13,156,1,2,Powell
1.2,True,13,13,156,1,2,Powell
1.0,True,13,13,156,1,2,Powell
0.8,True,22,13,156,1,2,Powell
0.6,False,141,13,156,1,2,Powell
0.4,False,141,13,156,1,2,Powell
0.2,False,141,13,156,1,2,Powell
0.0,False,141,13,156,1,2,Powell
-0.2,False,141,13,156,1,2,Powell
-0.4,False,141,13,156,1,2,Powell
-0.6,False,141,13,156,1,2,Powell
-0.8,False,141,13,156,1,2,Powell
-1.0,False,141,13,156,1,2,Powell
-1.2,False,141,13,156,1,2,Powell
-1.4,False,141,13,156,1,2,Powell
-1.6,False,141,13,156,1,2,Powell
-1.8,False,141,13,156,1,2,Powell
-2.0,False,141,13,156,1,2,Powell
-2.2,False,141,13,156,1,2,Powell
-2.4,False,141,13,156,1,2,Powell
-2.6,False,141,13,156,1,2,Powell
-2.8,False,141,13,156,1,2,Powell
-3.0,False,141,13,156,1,2,Powell
-3.2,False,141,13,156,1,2,Powell
-3.4,False,141,13,156,1,2,Powell
-3.6,False,141,13,156,1,2,Powell
-3.8,False,141,13,156,1,2,Powell
-4.0,False,141,13,156,1,2,Powell
-4.2,False,141,13,156,1,2,Powell
-4.4,False,141,13,156,1,2,Powell
-4.6,False,141,13,156,1,2,Powell
-4.8,False,141,13,156,1,2,Powell
-5.0,False,141,13,156,1,2,Powell
-5.2,False,141,13,156,1,2,Powell
-5.4,False,141,13,156,1,2,Powell
-5.6,False,141,13,156,1,2,Powell
-5.8,False,141,13,156,1,2,Powell
-6.0,False,141,13,156,1,2,Powell
-6.2,False,141,13,156,1,2,Powell
-6.4,False,141,13,156,1,2,Powell
-6.6,False,141,13,156,1,2,Powell
-6.8,False,141,13,156,1,2,Powell
-7.0,False,141,13,156,1,2,Powell
-7.2,False,141,13,156,1,2,Powell
-7.4,False,141,13,156,1,2,Powell
-7.6,False,141,13,156,1,2,Powell
-7.8,False,141,13,156,1,2,Powell
-8.0,False,141,13,156,1,2,Powell
2.0,True,9,13,157,1,2,Powell
1.8,True,9,13,157,1,2,Powell
1.6,True,9,13,157,1,2,Powell
1.4,True,9,13,157,1,2,Powell
1.2,True,14,13,157,1,2,Powell
1.0,True,14,13,157,1,2,Powell
0.8,True,14,13,157,1,2,Powell
0.6,True,14,13,157,1,2,Powell
0.4,True,14,13,157,1,2,Powell
0.2,True,14,13,157,1,2,Powell
0.0,True,14,13,157,1,2,Powell
-0.2,True,27,13,157,1,2,Powell
-0.4,True,27,13,157,1,2,Powell
-0.6,False,84,13,157,1,2,Powell
-0.8,False,84,13,157,1,2,Powell
-1.0,False,84,13,157,1,2,Powell
-1.2,False,84,13,157,1,2,Powell
-1.4,False,84,13,157,1,2,Powell
-1.6,False,84,13,157,1,2,Powell
-1.8,False,84,13,157,1,2,Powell
-2.0,False,84,13,157,1,2,Powell
-2.2,False,84,13,157,1,2,Powell
-2.4,False,84,13,157,1,2,Powell
-2.6,False,84,13,157,1,2,Powell
-2.8,False,84,13,157,1,2,Powell
-3.0,False,84,13,157,1,2,Powell
-3.2,False,84,13,157,1,2,Powell
-3.4,False,84,13,157,1,2,Powell
-3.6,False,84,13,157,1,2,Powell
-3.8,False,84,13,157,1,2,Powell
-4.0,False,84,13,157,1,2,Powell
-4.2,False,84,13,157,1,2,Powell
-4.4,False,84,13,157,1,2,Powell
-4.6,False,84,13,157,1,2,Powell
-4.8,False,84,13,157,1,2,Powell
-5.0,False,84,13,157,1,2,Powell
-5.2,False,84,13,157,1,2,Powell
-5.4,False,84,13,157,1,2,Powell
-5.6,False,84,13,157,1,2,Powell
-5.8,False,84,13,157,1,2,Powell
-6.0,False,84,13,157,1,2,Powell
-6.2,False,84,13,157,1,2,Powell
-6.4,False,84,13,157,1,2,Powell
-6.6,False,84,13,157,1,2,Powell
-6.8,False,84,13,157,1,2,Powell
-7.0,False,84,13,157,1,2,Powell
-7.2,False,84,13,157,1,2,Powell
-7.4,False,84,13,157,1,2,Powell
-7.6,False,84,13,157,1,2,Powell
-7.8,False,84,13,157,1,2,Powell
-8.0,False,84,13,157,1,2,Powell
2.0,False,85,13,158,1,2,Powell
1.8,False,85,13,158,1,2,Powell
1.6,False,85,13,158,1,2,Powell
1.4,False,85,13,158,1,2,Powell
1.2,False,85,13,158,1,2,Powell
1.0,False,85,13,158,1,2,Powell
0.8,False,85,13,158,1,2,Powell
0.6,False,85,13,158,1,2,Powell
0.4,False,85,13,158,1,2,Powell
0.2,False,85,13,158,1,2,Powell
0.0,False,85,13,158,1,2,Powell
-0.2,False,85,13,158,1,2,Powell
-0.4,False,85,13,158,1,2,Powell
-0.6,False,85,13,158,1,2,Powell
-0.8,False,85,13,158,1,2,Powell
-1.0,False,85,13,158,1,2,Powell
-1.2,False,85,13,158,1,2,Powell
-1.4,False,85,13,158,1,2,Powell
-1.6,False,85,13,158,1,2,Powell
-1.8,False,85,13,158,1,2,Powell
-2.0,False,85,13,158,1,2,Powell
-2.2,False,85,13,158,1,2,Powell
-2.4,False,85,13,158,1,2,Powell
-2.6,False,85,13,158,1,2,Powell
-2.8,False,85,13,158,1,2,Powell
-3.0,False,85,13,158,1,2,Powell
-3.2,False,85,13,158,1,2,Powell
-3.4,False,85,13,158,1,2,Powell
-3.6,False,85,13,158,1,2,Powell
-3.8,False,85,13,158,1,2,Powell
-4.0,False,85,13,158,1,2,Powell
-4.2,False,85,13,158,1,2,Powell
-4.4,False,85,13,158,1,2,Powell
-4.6,False,85,13,158,1,2,Powell
-4.8,False,85,13,158,1,2,Powell
-5.0,False,85,13,158,1,2,Powell
-5.2,False,85,13,158,1,2,Powell
-5.4,False,85,13,158,1,2,Powell
-5.6,False,85,13,158,1,2,Powell
-5.8,False,85,13,158,1,2,Powell
-6.0,False,85,13,158,1,2,Powell
-6.2,False,85,13,158,1,2,Powell
-6.4,False,85,13,158,1,2,Powell
-6.6,False,85,13,158,1,2,Powell
-6.8,False,85,13,158,1,2,Powell
-7.0,False,85,13,158,1,2,Powell
-7.2,False,85,13,158,1,2,Powell
-7.4,False,85,13,158,1,2,Powell
-7.6,False,85,13,158,1,2,Powell
-7.8,False,85,13,158,1,2,Powell
-8.0,False,85,13,158,1,2,Powell
2.0,True,11,13,159,1,2,Powell
1.8,True,11,13,159,1,2,Powell
1.6,True,11,13,159,1,2,Powell
1.4,True,11,13,159,1,2,Powell
1.2,True,15,13,159,1,2,Powell
1.0,False,82,13,159,1,2,Powell
0.8,False,82,13,159,1,2,Powell
0.6,False,82,13,159,1,2,Powell
0.4,False,82,13,159,1,2,Powell
0.2,False,82,13,159,1,2,Powell
0.0,False,82,13,159,1,2,Powell
-0.2,False,82,13,159,1,2,Powell
-0.4,False,82,13,159,1,2,Powell
-0.6,False,82,13,159,1,2,Powell
-0.8,False,82,13,159,1,2,Powell
-1.0,False,82,13,159,1,2,Powell
-1.2,False,82,13,159,1,2,Powell
-1.4,False,82,13,159,1,2,Powell
-1.6,False,82,13,159,1,2,Powell
-1.8,False,82,13,159,1,2,Powell
-2.0,False,82,13,159,1,2,Powell
-2.2,False,82,13,159,1,2,Powell
-2.4,False,82,13,159,1,2,Powell
-2.6,False,82,13,159,1,2,Powell
-2.8,False,82,13,159,1,2,Powell
-3.0,False,82,13,159,1,2,Powell
-3.2,False,82,13,159,1,2,Powell
-3.4,False,82,13,159,1,2,Powell
-3.6,False,82,13,159,1,2,Powell
-3.8,False,82,13,159,1,2,Powell
-4.0,False,82,13,159,1,2,Powell
-4.2,False,82,13,159,1,2,Powell
-4.4,False,82,13,159,1,2,Powell
-4.6,False,82,13,159,1,2,Powell
-4.8,False,82,13,159,1,2,Powell
-5.0,False,82,13,159,1,2,Powell
-5.2,False,82,13,159,1,2,Powell
-5.4,False,82,13,159,1,2,Powell
-5.6,False,82,13,159,1,2,Powell
-5.8,False,82,13,159,1,2,Powell
-6.0,False,82,13,159,1,2,Powell
-6.2,False,82,13,159,1,2,Powell
-6.4,False,82,13,159,1,2,Powell
-6.6,False,82,13,159,1,2,Powell
-6.8,False,82,13,159,1,2,Powell
-7.0,False,82,13,159,1,2,Powell
-7.2,False,82,13,159,1,2,Powell
-7.4,False,82,13,159,1,2,Powell
-7.6,False,82,13,159,1,2,Powell
-7.8,False,82,13,159,1,2,Powell
-8.0,False,82,13,159,1,2,Powell
2.0,True,19,13,160,1,2,Powell
1.8,True,19,13,160,1,2,Powell
1.6,True,19,13,160,1,2,Powell
1.4,True,20,13,160,1,2,Powell
1.2,True,20,13,160,1,2,Powell
1.0,True,20,13,160,1,2,Powell
0.8,True,23,13,160,1,2,Powell
0.6,True,26,13,160,1,2,Powell
0.4,True,26,13,160,1,2,Powell
0.2,True,26,13,160,1,2,Powell
0.0,True,33,13,160,1,2,Powell
-0.2,True,33,13,160,1,2,Powell
-0.4,True,33,13,160,1,2,Powell
-0.6,True,46,13,160,1,2,Powell
-0.8,True,46,13,160,1,2,Powell
-1.0,True,46,13,160,1,2,Powell
-1.2,True,46,13,160,1,2,Powell
-1.4,True,46,13,160,1,2,Powell
-1.6,True,46,13,160,1,2,Powell
-1.8,True,48,13,160,1,2,Powell
-2.0,True,48,13,160,1,2,Powell
-2.2,True,49,13,160,1,2,Powell
-2.4,True,49,13,160,1,2,Powell
-2.6,True,78,13,160,1,2,Powell
-2.8,False,89,13,160,1,2,Powell
-3.0,False,89,13,160,1,2,Powell
-3.2,False,89,13,160,1,2,Powell
-3.4,False,89,13,160,1,2,Powell
-3.6,False,89,13,160,1,2,Powell
-3.8,False,89,13,160,1,2,Powell
-4.0,False,89,13,160,1,2,Powell
-4.2,False,89,13,160,1,2,Powell
-4.4,False,89,13,160,1,2,Powell
-4.6,False,89,13,160,1,2,Powell
-4.8,False,89,13,160,1,2,Powell
-5.0,False,89,13,160,1,2,Powell
-5.2,False,89,13,160,1,2,Powell
-5.4,False,89,13,160,1,2,Powell
-5.6,False,89,13,160,1,2,Powell
-5.8,False,89,13,160,1,2,Powell
-6.0,False,89,13,160,1,2,Powell
-6.2,False,89,13,160,1,2,Powell
-6.4,False,89,13,160,1,2,Powell
-6.6,False,89,13,160,1,2,Powell
-6.8,False,89,13,160,1,2,Powell
-7.0,False,89,13,160,1,2,Powell
-7.2,False,89,13,160,1,2,Powell
-7.4,False,89,13,160,1,2,Powell
-7.6,False,89,13,160,1,2,Powell
-7.8,False,89,13,160,1,2,Powell
-8.0,False,89,13,160,1,2,Powell
2.0,True,12,13,161,1,2,Powell
1.8,True,29,13,161,1,2,Powell
1.6,False,136,13,161,1,2,Powell
1.4,False,136,13,161,1,2,Powell
1.2,False,136,13,161,1,2,Powell
1.0,False,136,13,161,1,2,Powell
0.8,False,136,13,161,1,2,Powell
0.6,False,136,13,161,1,2,Powell
0.4,False,136,13,161,1,2,Powell
0.2,False,136,13,161,1,2,Powell
0.0,False,136,13,161,1,2,Powell
-0.2,False,136,13,161,1,2,Powell
-0.4,False,136,13,161,1,2,Powell
-0.6,False,136,13,161,1,2,Powell
-0.8,False,136,13,161,1,2,Powell
-1.0,False,136,13,161,1,2,Powell
-1.2,False,136,13,161,1,2,Powell
-1.4,False,136,13,161,1,2,Powell
-1.6,False,136,13,161,1,2,Powell
-1.8,False,136,13,161,1,2,Powell
-2.0,False,136,13,161,1,2,Powell
-2.2,False,136,13,161,1,2,Powell
-2.4,False,136,13,161,1,2,Powell
-2.6,False,136,13,161,1,2,Powell
-2.8,False,136,13,161,1,2,Powell
-3.0,False,136,13,161,1,2,Powell
-3.2,False,136,13,161,1,2,Powell
-3.4,False,136,13,161,1,2,Powell
-3.6,False,136,13,161,1,2,Powell
-3.8,False,136,13,161,1,2,Powell
-4.0,False,136,13,161,1,2,Powell
-4.2,False,136,13,161,1,2,Powell
-4.4,False,136,13,161,1,2,Powell
-4.6,False,136,13,161,1,2,Powell
-4.8,False,136,13,161,1,2,Powell
-5.0,False,136,13,161,1,2,Powell
-5.2,False,136,13,161,1,2,Powell
-5.4,False,136,13,161,1,2,Powell
-5.6,False,136,13,161,1,2,Powell
-5.8,False,136,13,161,1,2,Powell
-6.0,False,136,13,161,1,2,Powell
-6.2,False,136,13,161,1,2,Powell
-6.4,False,136,13,161,1,2,Powell
-6.6,False,136,13,161,1,2,Powell
-6.8,False,136,13,161,1,2,Powell
-7.0,False,136,13,161,1,2,Powell
-7.2,False,136,13,161,1,2,Powell
-7.4,False,136,13,161,1,2,Powell
-7.6,False,136,13,161,1,2,Powell
-7.8,False,136,13,161,1,2,Powell
-8.0,False,136,13,161,1,2,Powell
2.0,True,4,13,162,1,2,Powell
1.8,True,4,13,162,1,2,Powell
1.6,True,4,13,162,1,2,Powell
1.4,True,10,13,162,1,2,Powell
1.2,True,11,13,162,1,2,Powell
1.0,True,11,13,162,1,2,Powell
0.8,True,12,13,162,1,2,Powell
0.6,False,102,13,162,1,2,Powell
0.4,False,102,13,162,1,2,Powell
0.2,False,102,13,162,1,2,Powell
0.0,False,102,13,162,1,2,Powell
-0.2,False,102,13,162,1,2,Powell
-0.4,False,102,13,162,1,2,Powell
-0.6,False,102,13,162,1,2,Powell
-0.8,False,102,13,162,1,2,Powell
-1.0,False,102,13,162,1,2,Powell
-1.2,False,102,13,162,1,2,Powell
-1.4,False,102,13,162,1,2,Powell
-1.6,False,102,13,162,1,2,Powell
-1.8,False,102,13,162,1,2,Powell
-2.0,False,102,13,162,1,2,Powell
-2.2,False,102,13,162,1,2,Powell
-2.4,False,102,13,162,1,2,Powell
-2.6,False,102,13,162,1,2,Powell
-2.8,False,102,13,162,1,2,Powell
-3.0,False,102,13,162,1,2,Powell
-3.2,False,102,13,162,1,2,Powell
-3.4,False,102,13,162,1,2,Powell
-3.6,False,102,13,162,1,2,Powell
-3.8,False,102,13,162,1,2,Powell
-4.0,False,102,13,162,1,2,Powell
-4.2,False,102,13,162,1,2,Powell
-4.4,False,102,13,162,1,2,Powell
-4.6,False,102,13,162,1,2,Powell
-4.8,False,102,13,162,1,2,Powell
-5.0,False,102,13,162,1,2,Powell
-5.2,False,102,13,162,1,2,Powell
-5.4,False,102,13,162,1,2,Powell
-5.6,False,102,13,162,1,2,Powell
-5.8,False,102,13,162,1,2,Powell
-6.0,False,102,13,162,1,2,Powell
-6.2,False,102,13,162,1,2,Powell
-6.4,False,102,13,162,1,2,Powell
-6.6,False,102,13,162,1,2,Powell
-6.8,False,102,13,162,1,2,Powell
-7.0,False,102,13,162,1,2,Powell
-7.2,False,102,13,162,1,2,Powell
-7.4,False,102,13,162,1,2,Powell
-7.6,False,102,13,162,1,2,Powell
-7.8,False,102,13,162,1,2,Powell
-8.0,False,102,13,162,1,2,Powell
2.0,False,99,13,163,1,2,Powell
1.8,False,99,13,163,1,2,Powell
1.6,False,99,13,163,1,2,Powell
1.4,False,99,13,163,1,2,Powell
1.2,False,99,13,163,1,2,Powell
1.0,False,99,13,163,1,2,Powell
0.8,False,99,13,163,1,2,Powell
0.6,False,99,13,163,1,2,Powell
0.4,False,99,13,163,1,2,Powell
0.2,False,99,13,163,1,2,Powell
0.0,False,99,13,163,1,2,Powell
-0.2,False,99,13,163,1,2,Powell
-0.4,False,99,13,163,1,2,Powell
-0.6,False,99,13,163,1,2,Powell
-0.8,False,99,13,163,1,2,Powell
-1.0,False,99,13,163,1,2,Powell
-1.2,False,99,13,163,1,2,Powell
-1.4,False,99,13,163,1,2,Powell
-1.6,False,99,13,163,1,2,Powell
-1.8,False,99,13,163,1,2,Powell
-2.0,False,99,13,163,1,2,Powell
-2.2,False,99,13,163,1,2,Powell
-2.4,False,99,13,163,1,2,Powell
-2.6,False,99,13,163,1,2,Powell
-2.8,False,99,13,163,1,2,Powell
-3.0,False,99,13,163,1,2,Powell
-3.2,False,99,13,163,1,2,Powell
-3.4,False,99,13,163,1,2,Powell
-3.6,False,99,13,163,1,2,Powell
-3.8,False,99,13,163,1,2,Powell
-4.0,False,99,13,163,1,2,Powell
-4.2,False,99,13,163,1,2,Powell
-4.4,False,99,13,163,1,2,Powell
-4.6,False,99,13,163,1,2,Powell
-4.8,False,99,13,163,1,2,Powell
-5.0,False,99,13,163,1,2,Powell
-5.2,False,99,13,163,1,2,Powell
-5.4,False,99,13,163,1,2,Powell
-5.6,False,99,13,163,1,2,Powell
-5.8,False,99,13,163,1,2,Powell
-6.0,False,99,13,163,1,2,Powell
-6.2,False,99,13,163,1,2,Powell
-6.4,False,99,13,163,1,2,Powell
-6.6,False,99,13,163,1,2,Powell
-6.8,False,99,13,163,1,2,Powell
-7.0,False,99,13,163,1,2,Powell
-7.2,False,99,13,163,1,2,Powell
-7.4,False,99,13,163,1,2,Powell
-7.6,False,99,13,163,1,2,Powell
-7.8,False,99,13,163,1,2,Powell
-8.0,False,99,13,163,1,2,Powell
2.0,True,6,13,164,1,2,Powell
1.8,False,104,13,164,1,2,Powell
1.6,False,104,13,164,1,2,Powell
1.4,False,104,13,164,1,2,Powell
1.2,False,104,13,164,1,2,Powell
1.0,False,104,13,164,1,2,Powell
0.8,False,104,13,164,1,2,Powell
0.6,False,104,13,164,1,2,Powell
0.4,False,104,13,164,1,2,Powell
0.2,False,104,13,164,1,2,Powell
0.0,False,104,13,164,1,2,Powell
-0.2,False,104,13,164,1,2,Powell
-0.4,False,104,13,164,1,2,Powell
-0.6,False,104,13,164,1,2,Powell
-0.8,False,104,13,164,1,2,Powell
-1.0,False,104,13,164,1,2,Powell
-1.2,False,104,13,164,1,2,Powell
-1.4,False,104,13,164,1,2,Powell
-1.6,False,104,13,164,1,2,Powell
-1.8,False,104,13,164,1,2,Powell
-2.0,False,104,13,164,1,2,Powell
-2.2,False,104,13,164,1,2,Powell
-2.4,False,104,13,164,1,2,Powell
-2.6,False,104,13,164,1,2,Powell
-2.8,False,104,13,164,1,2,Powell
-3.0,False,104,13,164,1,2,Powell
-3.2,False,104,13,164,1,2,Powell
-3.4,False,104,13,164,1,2,Powell
-3.6,False,104,13,164,1,2,Powell
-3.8,False,104,13,164,1,2,Powell
-4.0,False,104,13,164,1,2,Powell
-4.2,False,104,13,164,1,2,Powell
-4.4,False,104,13,164,1,2,Powell
-4.6,False,104,13,164,1,2,Powell
-4.8,False,104,13,164,1,2,Powell
-5.0,False,104,13,164,1,2,Powell
-5.2,False,104,13,164,1,2,Powell
-5.4,False,104,13,164,1,2,Powell
-5.6,False,104,13,164,1,2,Powell
-5.8,False,104,13,164,1,2,Powell
-6.0,False,104,13,164,1,2,Powell
-6.2,False,104,13,164,1,2,Powell
-6.4,False,104,13,164,1,2,Powell
-6.6,False,104,13,164,1,2,Powell
-6.8,False,104,13,164,1,2,Powell
-7.0,False,104,13,164,1,2,Powell
-7.2,False,104,13,164,1,2,Powell
-7.4,False,104,13,164,1,2,Powell
-7.6,False,104,13,164,1,2,Powell
-7.8,False,104,13,164,1,2,Powell
-8.0,False,104,13,164,1,2,Powell
2.0,True,10,13,165,1,2,Powell
1.8,True,10,13,165,1,2,Powell
1.6,True,14,13,165,1,2,Powell
1.4,True,14,13,165,1,2,Powell
1.2,False,81,13,165,1,2,Powell
1.0,False,81,13,165,1,2,Powell
0.8,False,81,13,165,1,2,Powell
0.6,False,81,13,165,1,2,Powell
0.4,False,81,13,165,1,2,Powell
0.2,False,81,13,165,1,2,Powell
0.0,False,81,13,165,1,2,Powell
-0.2,False,81,13,165,1,2,Powell
-0.4,False,81,13,165,1,2,Powell
-0.6,False,81,13,165,1,2,Powell
-0.8,False,81,13,165,1,2,Powell
-1.0,False,81,13,165,1,2,Powell
-1.2,False,81,13,165,1,2,Powell
-1.4,False,81,13,165,1,2,Powell
-1.6,False,81,13,165,1,2,Powell
-1.8,False,81,13,165,1,2,Powell
-2.0,False,81,13,165,1,2,Powell
-2.2,False,81,13,165,1,2,Powell
-2.4,False,81,13,165,1,2,Powell
-2.6,False,81,13,165,1,2,Powell
-2.8,False,81,13,165,1,2,Powell
-3.0,False,81,13,165,1,2,Powell
-3.2,False,81,13,165,1,2,Powell
-3.4,False,81,13,165,1,2,Powell
-3.6,False,81,13,165,1,2,Powell
-3.8,False,81,13,165,1,2,Powell
-4.0,False,81,13,165,1,2,Powell
-4.2,False,81,13,165,1,2,Powell
-4.4,False,81,13,165,1,2,Powell
-4.6,False,81,13,165,1,2,Powell
-4.8,False,81,13,165,1,2,Powell
-5.0,False,81,13,165,1,2,Powell
-5.2,False,81,13,165,1,2,Powell
-5.4,False,81,13,165,1,2,Powell
-5.6,False,81,13,165,1,2,Powell
-5.8,False,81,13,165,1,2,Powell
-6.0,False,81,13,165,1,2,Powell
-6.2,False,81,13,165,1,2,Powell
-6.4,False,81,13,165,1,2,Powell
-6.6,False,81,13,165,1,2,Powell
-6.8,False,81,13,165,1,2,Powell
-7.0,False,81,13,165,1,2,Powell
-7.2,False,81,13,165,1,2,Powell
-7.4,False,81,13,165,1,2,Powell
-7.6,False,81,13,165,1,2,Powell
-7.8,False,81,13,165,1,2,Powell
-8.0,False,81,13,165,1,2,Powell
2.0,True,4,13,166,1,2,Powell
1.8,True,4,13,166,1,2,Powell
1.6,True,4,13,166,1,2,Powell
1.4,False,87,13,166,1,2,Powell
1.2,False,87,13,166,1,2,Powell
1.0,False,87,13,166,1,2,Powell
0.8,False,87,13,166,1,2,Powell
0.6,False,87,13,166,1,2,Powell
0.4,False,87,13,166,1,2,Powell
0.2,False,87,13,166,1,2,Powell
0.0,False,87,13,166,1,2,Powell
-0.2,False,87,13,166,1,2,Powell
-0.4,False,87,13,166,1,2,Powell
-0.6,False,87,13,166,1,2,Powell
-0.8,False,87,13,166,1,2,Powell
-1.0,False,87,13,166,1,2,Powell
-1.2,False,87,13,166,1,2,Powell
-1.4,False,87,13,166,1,2,Powell
-1.6,False,87,13,166,1,2,Powell
-1.8,False,87,13,166,1,2,Powell
-2.0,False,87,13,166,1,2,Powell
-2.2,False,87,13,166,1,2,Powell
-2.4,False,87,13,166,1,2,Powell
-2.6,False,87,13,166,1,2,Powell
-2.8,False,87,13,166,1,2,Powell
-3.0,False,87,13,166,1,2,Powell
-3.2,False,87,13,166,1,2,Powell
-3.4,False,87,13,166,1,2,Powell
-3.6,False,87,13,166,1,2,Powell
-3.8,False,87,13,166,1,2,Powell
-4.0,False,87,13,166,1,2,Powell
-4.2,False,87,13,166,1,2,Powell
-4.4,False,87,13,166,1,2,Powell
-4.6,False,87,13,166,1,2,Powell
-4.8,False,87,13,166,1,2,Powell
-5.0,False,87,13,166,1,2,Powell
-5.2,False,87,13,166,1,2,Powell
-5.4,False,87,13,166,1,2,Powell
-5.6,False,87,13,166,1,2,Powell
-5.8,False,87,13,166,1,2,Powell
-6.0,False,87,13,166,1,2,Powell
-6.2,False,87,13,166,1,2,Powell
-6.4,False,87,13,166,1,2,Powell
-6.6,False,87,13,166,1,2,Powell
-6.8,False,87,13,166,1,2,Powell
-7.0,False,87,13,166,1,2,Powell
-7.2,False,87,13,166,1,2,Powell
-7.4,False,87,13,166,1,2,Powell
-7.6,False,87,13,166,1,2,Powell
-7.8,False,87,13,166,1,2,Powell
-8.0,False,87,13,166,1,2,Powell
2.0,True,4,13,167,1,2,Powell
1.8,True,6,13,167,1,2,Powell
1.6,True,8,13,167,1,2,Powell
1.4,True,8,13,167,1,2,Powell
1.2,True,8,13,167,1,2,Powell
1.0,True,8,13,167,1,2,Powell
0.8,True,8,13,167,1,2,Powell
0.6,True,10,13,167,1,2,Powell
0.4,True,11,13,167,1,2,Powell
0.2,True,11,13,167,1,2,Powell
0.0,True,22,13,167,1,2,Powell
-0.2,True,24,13,167,1,2,Powell
-0.4,False,79,13,167,1,2,Powell
-0.6,False,79,13,167,1,2,Powell
-0.8,False,79,13,167,1,2,Powell
-1.0,False,79,13,167,1,2,Powell
-1.2,False,79,13,167,1,2,Powell
-1.4,False,79,13,167,1,2,Powell
-1.6,False,79,13,167,1,2,Powell
-1.8,False,79,13,167,1,2,Powell
-2.0,False,79,13,167,1,2,Powell
-2.2,False,79,13,167,1,2,Powell
-2.4,False,79,13,167,1,2,Powell
-2.6,False,79,13,167,1,2,Powell
-2.8,False,79,13,167,1,2,Powell
-3.0,False,79,13,167,1,2,Powell
-3.2,False,79,13,167,1,2,Powell
-3.4,False,79,13,167,1,2,Powell
-3.6,False,79,13,167,1,2,Powell
-3.8,False,79,13,167,1,2,Powell
-4.0,False,79,13,167,1,2,Powell
-4.2,False,79,13,167,1,2,Powell
-4.4,False,79,13,167,1,2,Powell
-4.6,False,79,13,167,1,2,Powell
-4.8,False,79,13,167,1,2,Powell
-5.0,False,79,13,167,1,2,Powell
-5.2,False,79,13,167,1,2,Powell
-5.4,False,79,13,167,1,2,Powell
-5.6,False,79,13,167,1,2,Powell
-5.8,False,79,13,167,1,2,Powell
-6.0,False,79,13,167,1,2,Powell
-6.2,False,79,13,167,1,2,Powell
-6.4,False,79,13,167,1,2,Powell
-6.6,False,79,13,167,1,2,Powell
-6.8,False,79,13,167,1,2,Powell
-7.0,False,79,13,167,1,2,Powell
-7.2,False,79,13,167,1,2,Powell
-7.4,False,79,13,167,1,2,Powell
-7.6,False,79,13,167,1,2,Powell
-7.8,False,79,13,167,1,2,Powell
-8.0,False,79,13,167,1,2,Powell
2.0,True,10,13,168,1,2,Powell
1.8,True,10,13,168,1,2,Powell
1.6,True,10,13,168,1,2,Powell
1.4,True,10,13,168,1,2,Powell
1.2,True,11,13,168,1,2,Powell
1.0,True,13,13,168,1,2,Powell
0.8,True,22,13,168,1,2,Powell
0.6,False,106,13,168,1,2,Powell
0.4,False,106,13,168,1,2,Powell
0.2,False,106,13,168,1,2,Powell
0.0,False,106,13,168,1,2,Powell
-0.2,False,106,13,168,1,2,Powell
-0.4,False,106,13,168,1,2,Powell
-0.6,False,106,13,168,1,2,Powell
-0.8,False,106,13,168,1,2,Powell
-1.0,False,106,13,168,1,2,Powell
-1.2,False,106,13,168,1,2,Powell
-1.4,False,106,13,168,1,2,Powell
-1.6,False,106,13,168,1,2,Powell
-1.8,False,106,13,168,1,2,Powell
-2.0,False,106,13,168,1,2,Powell
-2.2,False,106,13,168,1,2,Powell
-2.4,False,106,13,168,1,2,Powell
-2.6,False,106,13,168,1,2,Powell
-2.8,False,106,13,168,1,2,Powell
-3.0,False,106,13,168,1,2,Powell
-3.2,False,106,13,168,1,2,Powell
-3.4,False,106,13,168,1,2,Powell
-3.6,False,106,13,168,1,2,Powell
-3.8,False,106,13,168,1,2,Powell
-4.0,False,106,13,168,1,2,Powell
-4.2,False,106,13,168,1,2,Powell
-4.4,False,106,13,168,1,2,Powell
-4.6,False,106,13,168,1,2,Powell
-4.8,False,106,13,168,1,2,Powell
-5.0,False,106,13,168,1,2,Powell
-5.2,False,106,13,168,1,2,Powell
-5.4,False,106,13,168,1,2,Powell
-5.6,False,106,13,168,1,2,Powell
-5.8,False,106,13,168,1,2,Powell
-6.0,False,106,13,168,1,2,Powell
-6.2,False,106,13,168,1,2,Powell
-6.4,False,106,13,168,1,2,Powell
-6.6,False,106,13,168,1,2,Powell
-6.8,False,106,13,168,1,2,Powell
-7.0,False,106,13,168,1,2,Powell
-7.2,False,106,13,168,1,2,Powell
-7.4,False,106,13,168,1,2,Powell
-7.6,False,106,13,168,1,2,Powell
-7.8,False,106,13,168,1,2,Powell
-8.0,False,106,13,168,1,2,Powell
2.0,True,4,13,169,1,2,Powell
1.8,True,4,13,169,1,2,Powell
1.6,True,4,13,169,1,2,Powell
1.4,True,8,13,169,1,2,Powell
1.2,True,8,13,169,1,2,Powell
1.0,True,8,13,169,1,2,Powell
0.8,True,8,13,169,1,2,Powell
0.6,True,10,13,169,1,2,Powell
0.4,True,10,13,169,1,2,Powell
0.2,True,10,13,169,1,2,Powell
0.0,True,10,13,169,1,2,Powell
-0.2,False,90,13,169,1,2,Powell
-0.4,False,90,13,169,1,2,Powell
-0.6,False,90,13,169,1,2,Powell
-0.8,False,90,13,169,1,2,Powell
-1.0,False,90,13,169,1,2,Powell
-1.2,False,90,13,169,1,2,Powell
-1.4,False,90,13,169,1,2,Powell
-1.6,False,90,13,169,1,2,Powell
-1.8,False,90,13,169,1,2,Powell
-2.0,False,90,13,169,1,2,Powell
-2.2,False,90,13,169,1,2,Powell
-2.4,False,90,13,169,1,2,Powell
-2.6,False,90,13,169,1,2,Powell
-2.8,False,90,13,169,1,2,Powell
-3.0,False,90,13,169,1,2,Powell
-3.2,False,90,13,169,1,2,Powell
-3.4,False,90,13,169,1,2,Powell
-3.6,False,90,13,169,1,2,Powell
-3.8,False,90,13,169,1,2,Powell
-4.0,False,90,13,169,1,2,Powell
-4.2,False,90,13,169,1,2,Powell
-4.4,False,90,13,169,1,2,Powell
-4.6,False,90,13,169,1,2,Powell
-4.8,False,90,13,169,1,2,Powell
-5.0,False,90,13,169,1,2,Powell
-5.2,False,90,13,169,1,2,Powell
-5.4,False,90,13,169,1,2,Powell
-5.6,False,90,13,169,1,2,Powell
-5.8,False,90,13,169,1,2,Powell
-6.0,False,90,13,169,1,2,Powell
-6.2,False,90,13,169,1,2,Powell
-6.4,False,90,13,169,1,2,Powell
-6.6,False,90,13,169,1,2,Powell
-6.8,False,90,13,169,1,2,Powell
-7.0,False,90,13,169,1,2,Powell
-7.2,False,90,13,169,1,2,Powell
-7.4,False,90,13,169,1,2,Powell
-7.6,False,90,13,169,1,2,Powell
-7.8,False,90,13,169,1,2,Powell
-8.0,False,90,13,169,1,2,Powell
2.0,True,10,13,170,1,2,Powell
1.8,False,86,13,170,1,2,Powell
1.6,False,86,13,170,1,2,Powell
1.4,False,86,13,170,1,2,Powell
1.2,False,86,13,170,1,2,Powell
1.0,False,86,13,170,1,2,Powell
0.8,False,86,13,170,1,2,Powell
0.6,False,86,13,170,1,2,Powell
0.4,False,86,13,170,1,2,Powell
0.2,False,86,13,170,1,2,Powell
0.0,False,86,13,170,1,2,Powell
-0.2,False,86,13,170,1,2,Powell
-0.4,False,86,13,170,1,2,Powell
-0.6,False,86,13,170,1,2,Powell
-0.8,False,86,13,170,1,2,Powell
-1.0,False,86,13,170,1,2,Powell
-1.2,False,86,13,170,1,2,Powell
-1.4,False,86,13,170,1,2,Powell
-1.6,False,86,13,170,1,2,Powell
-1.8,False,86,13,170,1,2,Powell
-2.0,False,86,13,170,1,2,Powell
-2.2,False,86,13,170,1,2,Powell
-2.4,False,86,13,170,1,2,Powell
-2.6,False,86,13,170,1,2,Powell
-2.8,False,86,13,170,1,2,Powell
-3.0,False,86,13,170,1,2,Powell
-3.2,False,86,13,170,1,2,Powell
-3.4,False,86,13,170,1,2,Powell
-3.6,False,86,13,170,1,2,Powell
-3.8,False,86,13,170,1,2,Powell
-4.0,False,86,13,170,1,2,Powell
-4.2,False,86,13,170,1,2,Powell
-4.4,False,86,13,170,1,2,Powell
-4.6,False,86,13,170,1,2,Powell
-4.8,False,86,13,170,1,2,Powell
-5.0,False,86,13,170,1,2,Powell
-5.2,False,86,13,170,1,2,Powell
-5.4,False,86,13,170,1,2,Powell
-5.6,False,86,13,170,1,2,Powell
-5.8,False,86,13,170,1,2,Powell
-6.0,False,86,13,170,1,2,Powell
-6.2,False,86,13,170,1,2,Powell
-6.4,False,86,13,170,1,2,Powell
-6.6,False,86,13,170,1,2,Powell
-6.8,False,86,13,170,1,2,Powell
-7.0,False,86,13,170,1,2,Powell
-7.2,False,86,13,170,1,2,Powell
-7.4,False,86,13,170,1,2,Powell
-7.6,False,86,13,170,1,2,Powell
-7.8,False,86,13,170,1,2,Powell
-8.0,False,86,13,170,1,2,Powell
2.0,True,11,13,171,1,2,Powell
1.8,True,11,13,171,1,2,Powell
1.6,True,11,13,171,1,2,Powell
1.4,False,146,13,171,1,2,Powell
1.2,False,146,13,171,1,2,Powell
1.0,False,146,13,171,1,2,Powell
0.8,False,146,13,171,1,2,Powell
0.6,False,146,13,171,1,2,Powell
0.4,False,146,13,171,1,2,Powell
0.2,False,146,13,171,1,2,Powell
0.0,False,146,13,171,1,2,Powell
-0.2,False,146,13,171,1,2,Powell
-0.4,False,146,13,171,1,2,Powell
-0.6,False,146,13,171,1,2,Powell
-0.8,False,146,13,171,1,2,Powell
-1.0,False,146,13,171,1,2,Powell
-1.2,False,146,13,171,1,2,Powell
-1.4,False,146,13,171,1,2,Powell
-1.6,False,146,13,171,1,2,Powell
-1.8,False,146,13,171,1,2,Powell
-2.0,False,146,13,171,1,2,Powell
-2.2,False,146,13,171,1,2,Powell
-2.4,False,146,13,171,1,2,Powell
-2.6,False,146,13,171,1,2,Powell
-2.8,False,146,13,171,1,2,Powell
-3.0,False,146,13,171,1,2,Powell
-3.2,False,146,13,171,1,2,Powell
-3.4,False,146,13,171,1,2,Powell
-3.6,False,146,13,171,1,2,Powell
-3.8,False,146,13,171,1,2,Powell
-4.0,False,146,13,171,1,2,Powell
-4.2,False,146,13,171,1,2,Powell
-4.4,False,146,13,171,1,2,Powell
-4.6,False,146,13,171,1,2,Powell
-4.8,False,146,13,171,1,2,Powell
-5.0,False,146,13,171,1,2,Powell
-5.2,False,146,13,171,1,2,Powell
-5.4,False,146,13,171,1,2,Powell
-5.6,False,146,13,171,1,2,Powell
-5.8,False,146,13,171,1,2,Powell
-6.0,False,146,13,171,1,2,Powell
-6.2,False,146,13,171,1,2,Powell
-6.4,False,146,13,171,1,2,Powell
-6.6,False,146,13,171,1,2,Powell
-6.8,False,146,13,171,1,2,Powell
-7.0,False,146,13,171,1,2,Powell
-7.2,False,146,13,171,1,2,Powell
-7.4,False,146,13,171,1,2,Powell
-7.6,False,146,13,171,1,2,Powell
-7.8,False,146,13,171,1,2,Powell
-8.0,False,146,13,171,1,2,Powell
2.0,True,1,13,172,1,2,Powell
1.8,True,1,13,172,1,2,Powell
1.6,True,1,13,172,1,2,Powell
1.4,True,1,13,172,1,2,Powell
1.2,True,1,13,172,1,2,Powell
1.0,True,8,13,172,1,2,Powell
0.8,True,10,13,172,1,2,Powell
0.6,True,10,13,172,1,2,Powell
0.4,True,10,13,172,1,2,Powell
0.2,True,10,13,172,1,2,Powell
0.0,True,10,13,172,1,2,Powell
-0.2,True,12,13,172,1,2,Powell
-0.4,True,13,13,172,1,2,Powell
-0.6,True,13,13,172,1,2,Powell
-0.8,True,13,13,172,1,2,Powell
-1.0,True,30,13,172,1,2,Powell
-1.2,False,92,13,172,1,2,Powell
-1.4,False,92,13,172,1,2,Powell
-1.6,False,92,13,172,1,2,Powell
-1.8,False,92,13,172,1,2,Powell
-2.0,False,92,13,172,1,2,Powell
-2.2,False,92,13,172,1,2,Powell
-2.4,False,92,13,172,1,2,Powell
-2.6,False,92,13,172,1,2,Powell
-2.8,False,92,13,172,1,2,Powell
-3.0,False,92,13,172,1,2,Powell
-3.2,False,92,13,172,1,2,Powell
-3.4,False,92,13,172,1,2,Powell
-3.6,False,92,13,172,1,2,Powell
-3.8,False,92,13,172,1,2,Powell
-4.0,False,92,13,172,1,2,Powell
-4.2,False,92,13,172,1,2,Powell
-4.4,False,92,13,172,1,2,Powell
-4.6,False,92,13,172,1,2,Powell
-4.8,False,92,13,172,1,2,Powell
-5.0,False,92,13,172,1,2,Powell
-5.2,False,92,13,172,1,2,Powell
-5.4,False,92,13,172,1,2,Powell
-5.6,False,92,13,172,1,2,Powell
-5.8,False,92,13,172,1,2,Powell
-6.0,False,92,13,172,1,2,Powell
-6.2,False,92,13,172,1,2,Powell
-6.4,False,92,13,172,1,2,Powell
-6.6,False,92,13,172,1,2,Powell
-6.8,False,92,13,172,1,2,Powell
-7.0,False,92,13,172,1,2,Powell
-7.2,False,92,13,172,1,2,Powell
-7.4,False,92,13,172,1,2,Powell
-7.6,False,92,13,172,1,2,Powell
-7.8,False,92,13,172,1,2,Powell
-8.0,False,92,13,172,1,2,Powell
2.0,True,9,13,173,1,2,Powell
1.8,True,11,13,173,1,2,Powell
1.6,True,13,13,173,1,2,Powell
1.4,True,18,13,173,1,2,Powell
1.2,True,18,13,173,1,2,Powell
1.0,True,19,13,173,1,2,Powell
0.8,True,19,13,173,1,2,Powell
0.6,True,34,13,173,1,2,Powell
0.4,True,34,13,173,1,2,Powell
0.2,True,34,13,173,1,2,Powell
0.0,True,34,13,173,1,2,Powell
-0.2,True,34,13,173,1,2,Powell
-0.4,False,125,13,173,1,2,Powell
-0.6,False,125,13,173,1,2,Powell
-0.8,False,125,13,173,1,2,Powell
-1.0,False,125,13,173,1,2,Powell
-1.2,False,125,13,173,1,2,Powell
-1.4,False,125,13,173,1,2,Powell
-1.6,False,125,13,173,1,2,Powell
-1.8,False,125,13,173,1,2,Powell
-2.0,False,125,13,173,1,2,Powell
-2.2,False,125,13,173,1,2,Powell
-2.4,False,125,13,173,1,2,Powell
-2.6,False,125,13,173,1,2,Powell
-2.8,False,125,13,173,1,2,Powell
-3.0,False,125,13,173,1,2,Powell
-3.2,False,125,13,173,1,2,Powell
-3.4,False,125,13,173,1,2,Powell
-3.6,False,125,13,173,1,2,Powell
-3.8,False,125,13,173,1,2,Powell
-4.0,False,125,13,173,1,2,Powell
-4.2,False,125,13,173,1,2,Powell
-4.4,False,125,13,173,1,2,Powell
-4.6,False,125,13,173,1,2,Powell
-4.8,False,125,13,173,1,2,Powell
-5.0,False,125,13,173,1,2,Powell
-5.2,False,125,13,173,1,2,Powell
-5.4,False,125,13,173,1,2,Powell
-5.6,False,125,13,173,1,2,Powell
-5.8,False,125,13,173,1,2,Powell
-6.0,False,125,13,173,1,2,Powell
-6.2,False,125,13,173,1,2,Powell
-6.4,False,125,13,173,1,2,Powell
-6.6,False,125,13,173,1,2,Powell
-6.8,False,125,13,173,1,2,Powell
-7.0,False,125,13,173,1,2,Powell
-7.2,False,125,13,173,1,2,Powell
-7.4,False,125,13,173,1,2,Powell
-7.6,False,125,13,173,1,2,Powell
-7.8,False,125,13,173,1,2,Powell
-8.0,False,125,13,173,1,2,Powell
2.0,True,7,13,174,1,2,Powell
1.8,True,7,13,174,1,2,Powell
1.6,True,7,13,174,1,2,Powell
1.4,True,7,13,174,1,2,Powell
1.2,True,7,13,174,1,2,Powell
1.0,True,10,13,174,1,2,Powell
0.8,True,10,13,174,1,2,Powell
0.6,True,19,13,174,1,2,Powell
0.4,False,157,13,174,1,2,Powell
0.2,False,157,13,174,1,2,Powell
0.0,False,157,13,174,1,2,Powell
-0.2,False,157,13,174,1,2,Powell
-0.4,False,157,13,174,1,2,Powell
-0.6,False,157,13,174,1,2,Powell
-0.8,False,157,13,174,1,2,Powell
-1.0,False,157,13,174,1,2,Powell
-1.2,False,157,13,174,1,2,Powell
-1.4,False,157,13,174,1,2,Powell
-1.6,False,157,13,174,1,2,Powell
-1.8,False,157,13,174,1,2,Powell
-2.0,False,157,13,174,1,2,Powell
-2.2,False,157,13,174,1,2,Powell
-2.4,False,157,13,174,1,2,Powell
-2.6,False,157,13,174,1,2,Powell
-2.8,False,157,13,174,1,2,Powell
-3.0,False,157,13,174,1,2,Powell
-3.2,False,157,13,174,1,2,Powell
-3.4,False,157,13,174,1,2,Powell
-3.6,False,157,13,174,1,2,Powell
-3.8,False,157,13,174,1,2,Powell
-4.0,False,157,13,174,1,2,Powell
-4.2,False,157,13,174,1,2,Powell
-4.4,False,157,13,174,1,2,Powell
-4.6,False,157,13,174,1,2,Powell
-4.8,False,157,13,174,1,2,Powell
-5.0,False,157,13,174,1,2,Powell
-5.2,False,157,13,174,1,2,Powell
-5.4,False,157,13,174,1,2,Powell
-5.6,False,157,13,174,1,2,Powell
-5.8,False,157,13,174,1,2,Powell
-6.0,False,157,13,174,1,2,Powell
-6.2,False,157,13,174,1,2,Powell
-6.4,False,157,13,174,1,2,Powell
-6.6,False,157,13,174,1,2,Powell
-6.8,False,157,13,174,1,2,Powell
-7.0,False,157,13,174,1,2,Powell
-7.2,False,157,13,174,1,2,Powell
-7.4,False,157,13,174,1,2,Powell
-7.6,False,157,13,174,1,2,Powell
-7.8,False,157,13,174,1,2,Powell
-8.0,False,157,13,174,1,2,Powell
2.0,True,5,13,175,1,2,Powell
1.8,True,5,13,175,1,2,Powell
1.6,True,5,13,175,1,2,Powell
1.4,True,9,13,175,1,2,Powell
1.2,False,150,13,175,1,2,Powell
1.0,False,150,13,175,1,2,Powell
0.8,False,150,13,175,1,2,Powell
0.6,False,150,13,175,1,2,Powell
0.4,False,150,13,175,1,2,Powell
0.2,False,150,13,175,1,2,Powell
0.0,False,150,13,175,1,2,Powell
-0.2,False,150,13,175,1,2,Powell
-0.4,False,150,13,175,1,2,Powell
-0.6,False,150,13,175,1,2,Powell
-0.8,False,150,13,175,1,2,Powell
-1.0,False,150,13,175,1,2,Powell
-1.2,False,150,13,175,1,2,Powell
-1.4,False,150,13,175,1,2,Powell
-1.6,False,150,13,175,1,2,Powell
-1.8,False,150,13,175,1,2,Powell
-2.0,False,150,13,175,1,2,Powell
-2.2,False,150,13,175,1,2,Powell
-2.4,False,150,13,175,1,2,Powell
-2.6,False,150,13,175,1,2,Powell
-2.8,False,150,13,175,1,2,Powell
-3.0,False,150,13,175,1,2,Powell
-3.2,False,150,13,175,1,2,Powell
-3.4,False,150,13,175,1,2,Powell
-3.6,False,150,13,175,1,2,Powell
-3.8,False,150,13,175,1,2,Powell
-4.0,False,150,13,175,1,2,Powell
-4.2,False,150,13,175,1,2,Powell
-4.4,False,150,13,175,1,2,Powell
-4.6,False,150,13,175,1,2,Powell
-4.8,False,150,13,175,1,2,Powell
-5.0,False,150,13,175,1,2,Powell
-5.2,False,150,13,175,1,2,Powell
-5.4,False,150,13,175,1,2,Powell
-5.6,False,150,13,175,1,2,Powell
-5.8,False,150,13,175,1,2,Powell
-6.0,False,150,13,175,1,2,Powell
-6.2,False,150,13,175,1,2,Powell
-6.4,False,150,13,175,1,2,Powell
-6.6,False,150,13,175,1,2,Powell
-6.8,False,150,13,175,1,2,Powell
-7.0,False,150,13,175,1,2,Powell
-7.2,False,150,13,175,1,2,Powell
-7.4,False,150,13,175,1,2,Powell
-7.6,False,150,13,175,1,2,Powell
-7.8,False,150,13,175,1,2,Powell
-8.0,False,150,13,175,1,2,Powell
2.0,True,10,13,176,1,2,Powell
1.8,True,11,13,176,1,2,Powell
1.6,True,11,13,176,1,2,Powell
1.4,True,14,13,176,1,2,Powell
1.2,True,16,13,176,1,2,Powell
1.0,False,110,13,176,1,2,Powell
0.8,False,110,13,176,1,2,Powell
0.6,False,110,13,176,1,2,Powell
0.4,False,110,13,176,1,2,Powell
0.2,False,110,13,176,1,2,Powell
0.0,False,110,13,176,1,2,Powell
-0.2,False,110,13,176,1,2,Powell
-0.4,False,110,13,176,1,2,Powell
-0.6,False,110,13,176,1,2,Powell
-0.8,False,110,13,176,1,2,Powell
-1.0,False,110,13,176,1,2,Powell
-1.2,False,110,13,176,1,2,Powell
-1.4,False,110,13,176,1,2,Powell
-1.6,False,110,13,176,1,2,Powell
-1.8,False,110,13,176,1,2,Powell
-2.0,False,110,13,176,1,2,Powell
-2.2,False,110,13,176,1,2,Powell
-2.4,False,110,13,176,1,2,Powell
-2.6,False,110,13,176,1,2,Powell
-2.8,False,110,13,176,1,2,Powell
-3.0,False,110,13,176,1,2,Powell
-3.2,False,110,13,176,1,2,Powell
-3.4,False,110,13,176,1,2,Powell
-3.6,False,110,13,176,1,2,Powell
-3.8,False,110,13,176,1,2,Powell
-4.0,False,110,13,176,1,2,Powell
-4.2,False,110,13,176,1,2,Powell
-4.4,False,110,13,176,1,2,Powell
-4.6,False,110,13,176,1,2,Powell
-4.8,False,110,13,176,1,2,Powell
-5.0,False,110,13,176,1,2,Powell
-5.2,False,110,13,176,1,2,Powell
-5.4,False,110,13,176,1,2,Powell
-5.6,False,110,13,176,1,2,Powell
-5.8,False,110,13,176,1,2,Powell
-6.0,False,110,13,176,1,2,Powell
-6.2,False,110,13,176,1,2,Powell
-6.4,False,110,13,176,1,2,Powell
-6.6,False,110,13,176,1,2,Powell
-6.8,False,110,13,176,1,2,Powell
-7.0,False,110,13,176,1,2,Powell
-7.2,False,110,13,176,1,2,Powell
-7.4,False,110,13,176,1,2,Powell
-7.6,False,110,13,176,1,2,Powell
-7.8,False,110,13,176,1,2,Powell
-8.0,False,110,13,176,1,2,Powell
2.0,True,16,13,177,1,2,Powell
1.8,False,176,13,177,1,2,Powell
1.6,False,176,13,177,1,2,Powell
1.4,False,176,13,177,1,2,Powell
1.2,False,176,13,177,1,2,Powell
1.0,False,176,13,177,1,2,Powell
0.8,False,176,13,177,1,2,Powell
0.6,False,176,13,177,1,2,Powell
0.4,False,176,13,177,1,2,Powell
0.2,False,176,13,177,1,2,Powell
0.0,False,176,13,177,1,2,Powell
-0.2,False,176,13,177,1,2,Powell
-0.4,False,176,13,177,1,2,Powell
-0.6,False,176,13,177,1,2,Powell
-0.8,False,176,13,177,1,2,Powell
-1.0,False,176,13,177,1,2,Powell
-1.2,False,176,13,177,1,2,Powell
-1.4,False,176,13,177,1,2,Powell
-1.6,False,176,13,177,1,2,Powell
-1.8,False,176,13,177,1,2,Powell
-2.0,False,176,13,177,1,2,Powell
-2.2,False,176,13,177,1,2,Powell
-2.4,False,176,13,177,1,2,Powell
-2.6,False,176,13,177,1,2,Powell
-2.8,False,176,13,177,1,2,Powell
-3.0,False,176,13,177,1,2,Powell
-3.2,False,176,13,177,1,2,Powell
-3.4,False,176,13,177,1,2,Powell
-3.6,False,176,13,177,1,2,Powell
-3.8,False,176,13,177,1,2,Powell
-4.0,False,176,13,177,1,2,Powell
-4.2,False,176,13,177,1,2,Powell
-4.4,False,176,13,177,1,2,Powell
-4.6,False,176,13,177,1,2,Powell
-4.8,False,176,13,177,1,2,Powell
-5.0,False,176,13,177,1,2,Powell
-5.2,False,176,13,177,1,2,Powell
-5.4,False,176,13,177,1,2,Powell
-5.6,False,176,13,177,1,2,Powell
-5.8,False,176,13,177,1,2,Powell
-6.0,False,176,13,177,1,2,Powell
-6.2,False,176,13,177,1,2,Powell
-6.4,False,176,13,177,1,2,Powell
-6.6,False,176,13,177,1,2,Powell
-6.8,False,176,13,177,1,2,Powell
-7.0,False,176,13,177,1,2,Powell
-7.2,False,176,13,177,1,2,Powell
-7.4,False,176,13,177,1,2,Powell
-7.6,False,176,13,177,1,2,Powell
-7.8,False,176,13,177,1,2,Powell
-8.0,False,176,13,177,1,2,Powell
2.0,True,1,13,178,1,2,Powell
1.8,True,1,13,178,1,2,Powell
1.6,True,1,13,178,1,2,Powell
1.4,True,1,13,178,1,2,Powell
1.2,True,1,13,178,1,2,Powell
1.0,True,9,13,178,1,2,Powell
0.8,True,9,13,178,1,2,Powell
0.6,False,98,13,178,1,2,Powell
0.4,False,98,13,178,1,2,Powell
0.2,False,98,13,178,1,2,Powell
0.0,False,98,13,178,1,2,Powell
-0.2,False,98,13,178,1,2,Powell
-0.4,False,98,13,178,1,2,Powell
-0.6,False,98,13,178,1,2,Powell
-0.8,False,98,13,178,1,2,Powell
-1.0,False,98,13,178,1,2,Powell
-1.2,False,98,13,178,1,2,Powell
-1.4,False,98,13,178,1,2,Powell
-1.6,False,98,13,178,1,2,Powell
-1.8,False,98,13,178,1,2,Powell
-2.0,False,98,13,178,1,2,Powell
-2.2,False,98,13,178,1,2,Powell
-2.4,False,98,13,178,1,2,Powell
-2.6,False,98,13,178,1,2,Powell
-2.8,False,98,13,178,1,2,Powell
-3.0,False,98,13,178,1,2,Powell
-3.2,False,98,13,178,1,2,Powell
-3.4,False,98,13,178,1,2,Powell
-3.6,False,98,13,178,1,2,Powell
-3.8,False,98,13,178,1,2,Powell
-4.0,False,98,13,178,1,2,Powell
-4.2,False,98,13,178,1,2,Powell
-4.4,False,98,13,178,1,2,Powell
-4.6,False,98,13,178,1,2,Powell
-4.8,False,98,13,178,1,2,Powell
-5.0,False,98,13,178,1,2,Powell
-5.2,False,98,13,178,1,2,Powell
-5.4,False,98,13,178,1,2,Powell
-5.6,False,98,13,178,1,2,Powell
-5.8,False,98,13,178,1,2,Powell
-6.0,False,98,13,178,1,2,Powell
-6.2,False,98,13,178,1,2,Powell
-6.4,False,98,13,178,1,2,Powell
-6.6,False,98,13,178,1,2,Powell
-6.8,False,98,13,178,1,2,Powell
-7.0,False,98,13,178,1,2,Powell
-7.2,False,98,13,178,1,2,Powell
-7.4,False,98,13,178,1,2,Powell
-7.6,False,98,13,178,1,2,Powell
-7.8,False,98,13,178,1,2,Powell
-8.0,False,98,13,178,1,2,Powell
2.0,True,1,13,179,1,2,Powell
1.8,True,5,13,179,1,2,Powell
1.6,True,5,13,179,1,2,Powell
1.4,True,5,13,179,1,2,Powell
1.2,True,5,13,179,1,2,Powell
1.0,True,5,13,179,1,2,Powell
0.8,True,8,13,179,1,2,Powell
0.6,True,8,13,179,1,2,Powell
0.4,True,10,13,179,1,2,Powell
0.2,True,18,13,179,1,2,Powell
0.0,True,35,13,179,1,2,Powell
-0.2,True,58,13,179,1,2,Powell
-0.4,False,65,13,179,1,2,Powell
-0.6,False,65,13,179,1,2,Powell
-0.8,False,65,13,179,1,2,Powell
-1.0,False,65,13,179,1,2,Powell
-1.2,False,65,13,179,1,2,Powell
-1.4,False,65,13,179,1,2,Powell
-1.6,False,65,13,179,1,2,Powell
-1.8,False,65,13,179,1,2,Powell
-2.0,False,65,13,179,1,2,Powell
-2.2,False,65,13,179,1,2,Powell
-2.4,False,65,13,179,1,2,Powell
-2.6,False,65,13,179,1,2,Powell
-2.8,False,65,13,179,1,2,Powell
-3.0,False,65,13,179,1,2,Powell
-3.2,False,65,13,179,1,2,Powell
-3.4,False,65,13,179,1,2,Powell
-3.6,False,65,13,179,1,2,Powell
-3.8,False,65,13,179,1,2,Powell
-4.0,False,65,13,179,1,2,Powell
-4.2,False,65,13,179,1,2,Powell
-4.4,False,65,13,179,1,2,Powell
-4.6,False,65,13,179,1,2,Powell
-4.8,False,65,13,179,1,2,Powell
-5.0,False,65,13,179,1,2,Powell
-5.2,False,65,13,179,1,2,Powell
-5.4,False,65,13,179,1,2,Powell
-5.6,False,65,13,179,1,2,Powell
-5.8,False,65,13,179,1,2,Powell
-6.0,False,65,13,179,1,2,Powell
-6.2,False,65,13,179,1,2,Powell
-6.4,False,65,13,179,1,2,Powell
-6.6,False,65,13,179,1,2,Powell
-6.8,False,65,13,179,1,2,Powell
-7.0,False,65,13,179,1,2,Powell
-7.2,False,65,13,179,1,2,Powell
-7.4,False,65,13,179,1,2,Powell
-7.6,False,65,13,179,1,2,Powell
-7.8,False,65,13,179,1,2,Powell
-8.0,False,65,13,179,1,2,Powell
2.0,True,9,13,180,1,2,Powell
1.8,True,9,13,180,1,2,Powell
1.6,True,9,13,180,1,2,Powell
1.4,True,9,13,180,1,2,Powell
1.2,True,9,13,180,1,2,Powell
1.0,True,11,13,180,1,2,Powell
0.8,True,11,13,180,1,2,Powell
0.6,True,11,13,180,1,2,Powell
0.4,False,89,13,180,1,2,Powell
0.2,False,89,13,180,1,2,Powell
0.0,False,89,13,180,1,2,Powell
-0.2,False,89,13,180,1,2,Powell
-0.4,False,89,13,180,1,2,Powell
-0.6,False,89,13,180,1,2,Powell
-0.8,False,89,13,180,1,2,Powell
-1.0,False,89,13,180,1,2,Powell
-1.2,False,89,13,180,1,2,Powell
-1.4,False,89,13,180,1,2,Powell
-1.6,False,89,13,180,1,2,Powell
-1.8,False,89,13,180,1,2,Powell
-2.0,False,89,13,180,1,2,Powell
-2.2,False,89,13,180,1,2,Powell
-2.4,False,89,13,180,1,2,Powell
-2.6,False,89,13,180,1,2,Powell
-2.8,False,89,13,180,1,2,Powell
-3.0,False,89,13,180,1,2,Powell
-3.2,False,89,13,180,1,2,Powell
-3.4,False,89,13,180,1,2,Powell
-3.6,False,89,13,180,1,2,Powell
-3.8,False,89,13,180,1,2,Powell
-4.0,False,89,13,180,1,2,Powell
-4.2,False,89,13,180,1,2,Powell
-4.4,False,89,13,180,1,2,Powell
-4.6,False,89,13,180,1,2,Powell
-4.8,False,89,13,180,1,2,Powell
-5.0,False,89,13,180,1,2,Powell
-5.2,False,89,13,180,1,2,Powell
-5.4,False,89,13,180,1,2,Powell
-5.6,False,89,13,180,1,2,Powell
-5.8,False,89,13,180,1,2,Powell
-6.0,False,89,13,180,1,2,Powell
-6.2,False,89,13,180,1,2,Powell
-6.4,False,89,13,180,1,2,Powell
-6.6,False,89,13,180,1,2,Powell
-6.8,False,89,13,180,1,2,Powell
-7.0,False,89,13,180,1,2,Powell
-7.2,False,89,13,180,1,2,Powell
-7.4,False,89,13,180,1,2,Powell
-7.6,False,89,13,180,1,2,Powell
-7.8,False,89,13,180,1,2,Powell
-8.0,False,89,13,180,1,2,Powell
2.0,True,11,13,181,1,2,Powell
1.8,True,11,13,181,1,2,Powell
1.6,True,23,13,181,1,2,Powell
1.4,False,76,13,181,1,2,Powell
1.2,False,76,13,181,1,2,Powell
1.0,False,76,13,181,1,2,Powell
0.8,False,76,13,181,1,2,Powell
0.6,False,76,13,181,1,2,Powell
0.4,False,76,13,181,1,2,Powell
0.2,False,76,13,181,1,2,Powell
0.0,False,76,13,181,1,2,Powell
-0.2,False,76,13,181,1,2,Powell
-0.4,False,76,13,181,1,2,Powell
-0.6,False,76,13,181,1,2,Powell
-0.8,False,76,13,181,1,2,Powell
-1.0,False,76,13,181,1,2,Powell
-1.2,False,76,13,181,1,2,Powell
-1.4,False,76,13,181,1,2,Powell
-1.6,False,76,13,181,1,2,Powell
-1.8,False,76,13,181,1,2,Powell
-2.0,False,76,13,181,1,2,Powell
-2.2,False,76,13,181,1,2,Powell
-2.4,False,76,13,181,1,2,Powell
-2.6,False,76,13,181,1,2,Powell
-2.8,False,76,13,181,1,2,Powell
-3.0,False,76,13,181,1,2,Powell
-3.2,False,76,13,181,1,2,Powell
-3.4,False,76,13,181,1,2,Powell
-3.6,False,76,13,181,1,2,Powell
-3.8,False,76,13,181,1,2,Powell
-4.0,False,76,13,181,1,2,Powell
-4.2,False,76,13,181,1,2,Powell
-4.4,False,76,13,181,1,2,Powell
-4.6,False,76,13,181,1,2,Powell
-4.8,False,76,13,181,1,2,Powell
-5.0,False,76,13,181,1,2,Powell
-5.2,False,76,13,181,1,2,Powell
-5.4,False,76,13,181,1,2,Powell
-5.6,False,76,13,181,1,2,Powell
-5.8,False,76,13,181,1,2,Powell
-6.0,False,76,13,181,1,2,Powell
-6.2,False,76,13,181,1,2,Powell
-6.4,False,76,13,181,1,2,Powell
-6.6,False,76,13,181,1,2,Powell
-6.8,False,76,13,181,1,2,Powell
-7.0,False,76,13,181,1,2,Powell
-7.2,False,76,13,181,1,2,Powell
-7.4,False,76,13,181,1,2,Powell
-7.6,False,76,13,181,1,2,Powell
-7.8,False,76,13,181,1,2,Powell
-8.0,False,76,13,181,1,2,Powell
2.0,True,4,13,182,1,2,Powell
1.8,True,11,13,182,1,2,Powell
1.6,False,170,13,182,1,2,Powell
1.4,False,170,13,182,1,2,Powell
1.2,False,170,13,182,1,2,Powell
1.0,False,170,13,182,1,2,Powell
0.8,False,170,13,182,1,2,Powell
0.6,False,170,13,182,1,2,Powell
0.4,False,170,13,182,1,2,Powell
0.2,False,170,13,182,1,2,Powell
0.0,False,170,13,182,1,2,Powell
-0.2,False,170,13,182,1,2,Powell
-0.4,False,170,13,182,1,2,Powell
-0.6,False,170,13,182,1,2,Powell
-0.8,False,170,13,182,1,2,Powell
-1.0,False,170,13,182,1,2,Powell
-1.2,False,170,13,182,1,2,Powell
-1.4,False,170,13,182,1,2,Powell
-1.6,False,170,13,182,1,2,Powell
-1.8,False,170,13,182,1,2,Powell
-2.0,False,170,13,182,1,2,Powell
-2.2,False,170,13,182,1,2,Powell
-2.4,False,170,13,182,1,2,Powell
-2.6,False,170,13,182,1,2,Powell
-2.8,False,170,13,182,1,2,Powell
-3.0,False,170,13,182,1,2,Powell
-3.2,False,170,13,182,1,2,Powell
-3.4,False,170,13,182,1,2,Powell
-3.6,False,170,13,182,1,2,Powell
-3.8,False,170,13,182,1,2,Powell
-4.0,False,170,13,182,1,2,Powell
-4.2,False,170,13,182,1,2,Powell
-4.4,False,170,13,182,1,2,Powell
-4.6,False,170,13,182,1,2,Powell
-4.8,False,170,13,182,1,2,Powell
-5.0,False,170,13,182,1,2,Powell
-5.2,False,170,13,182,1,2,Powell
-5.4,False,170,13,182,1,2,Powell
-5.6,False,170,13,182,1,2,Powell
-5.8,False,170,13,182,1,2,Powell
-6.0,False,170,13,182,1,2,Powell
-6.2,False,170,13,182,1,2,Powell
-6.4,False,170,13,182,1,2,Powell
-6.6,False,170,13,182,1,2,Powell
-6.8,False,170,13,182,1,2,Powell
-7.0,False,170,13,182,1,2,Powell
-7.2,False,170,13,182,1,2,Powell
-7.4,False,170,13,182,1,2,Powell
-7.6,False,170,13,182,1,2,Powell
-7.8,False,170,13,182,1,2,Powell
-8.0,False,170,13,182,1,2,Powell
2.0,True,12,13,183,1,2,Powell
1.8,True,14,13,183,1,2,Powell
1.6,True,16,13,183,1,2,Powell
1.4,True,19,13,183,1,2,Powell
1.2,False,138,13,183,1,2,Powell
1.0,False,138,13,183,1,2,Powell
0.8,False,138,13,183,1,2,Powell
0.6,False,138,13,183,1,2,Powell
0.4,False,138,13,183,1,2,Powell
0.2,False,138,13,183,1,2,Powell
0.0,False,138,13,183,1,2,Powell
-0.2,False,138,13,183,1,2,Powell
-0.4,False,138,13,183,1,2,Powell
-0.6,False,138,13,183,1,2,Powell
-0.8,False,138,13,183,1,2,Powell
-1.0,False,138,13,183,1,2,Powell
-1.2,False,138,13,183,1,2,Powell
-1.4,False,138,13,183,1,2,Powell
-1.6,False,138,13,183,1,2,Powell
-1.8,False,138,13,183,1,2,Powell
-2.0,False,138,13,183,1,2,Powell
-2.2,False,138,13,183,1,2,Powell
-2.4,False,138,13,183,1,2,Powell
-2.6,False,138,13,183,1,2,Powell
-2.8,False,138,13,183,1,2,Powell
-3.0,False,138,13,183,1,2,Powell
-3.2,False,138,13,183,1,2,Powell
-3.4,False,138,13,183,1,2,Powell
-3.6,False,138,13,183,1,2,Powell
-3.8,False,138,13,183,1,2,Powell
-4.0,False,138,13,183,1,2,Powell
-4.2,False,138,13,183,1,2,Powell
-4.4,False,138,13,183,1,2,Powell
-4.6,False,138,13,183,1,2,Powell
-4.8,False,138,13,183,1,2,Powell
-5.0,False,138,13,183,1,2,Powell
-5.2,False,138,13,183,1,2,Powell
-5.4,False,138,13,183,1,2,Powell
-5.6,False,138,13,183,1,2,Powell
-5.8,False,138,13,183,1,2,Powell
-6.0,False,138,13,183,1,2,Powell
-6.2,False,138,13,183,1,2,Powell
-6.4,False,138,13,183,1,2,Powell
-6.6,False,138,13,183,1,2,Powell
-6.8,False,138,13,183,1,2,Powell
-7.0,False,138,13,183,1,2,Powell
-7.2,False,138,13,183,1,2,Powell
-7.4,False,138,13,183,1,2,Powell
-7.6,False,138,13,183,1,2,Powell
-7.8,False,138,13,183,1,2,Powell
-8.0,False,138,13,183,1,2,Powell
2.0,True,4,13,184,1,2,Powell
1.8,True,4,13,184,1,2,Powell
1.6,True,4,13,184,1,2,Powell
1.4,True,12,13,184,1,2,Powell
1.2,True,12,13,184,1,2,Powell
1.0,True,12,13,184,1,2,Powell
0.8,True,22,13,184,1,2,Powell
0.6,False,141,13,184,1,2,Powell
0.4,False,141,13,184,1,2,Powell
0.2,False,141,13,184,1,2,Powell
0.0,False,141,13,184,1,2,Powell
-0.2,False,141,13,184,1,2,Powell
-0.4,False,141,13,184,1,2,Powell
-0.6,False,141,13,184,1,2,Powell
-0.8,False,141,13,184,1,2,Powell
-1.0,False,141,13,184,1,2,Powell
-1.2,False,141,13,184,1,2,Powell
-1.4,False,141,13,184,1,2,Powell
-1.6,False,141,13,184,1,2,Powell
-1.8,False,141,13,184,1,2,Powell
-2.0,False,141,13,184,1,2,Powell
-2.2,False,141,13,184,1,2,Powell
-2.4,False,141,13,184,1,2,Powell
-2.6,False,141,13,184,1,2,Powell
-2.8,False,141,13,184,1,2,Powell
-3.0,False,141,13,184,1,2,Powell
-3.2,False,141,13,184,1,2,Powell
-3.4,False,141,13,184,1,2,Powell
-3.6,False,141,13,184,1,2,Powell
-3.8,False,141,13,184,1,2,Powell
-4.0,False,141,13,184,1,2,Powell
-4.2,False,141,13,184,1,2,Powell
-4.4,False,141,13,184,1,2,Powell
-4.6,False,141,13,184,1,2,Powell
-4.8,False,141,13,184,1,2,Powell
-5.0,False,141,13,184,1,2,Powell
-5.2,False,141,13,184,1,2,Powell
-5.4,False,141,13,184,1,2,Powell
-5.6,False,141,13,184,1,2,Powell
-5.8,False,141,13,184,1,2,Powell
-6.0,False,141,13,184,1,2,Powell
-6.2,False,141,13,184,1,2,Powell
-6.4,False,141,13,184,1,2,Powell
-6.6,False,141,13,184,1,2,Powell
-6.8,False,141,13,184,1,2,Powell
-7.0,False,141,13,184,1,2,Powell
-7.2,False,141,13,184,1,2,Powell
-7.4,False,141,13,184,1,2,Powell
-7.6,False,141,13,184,1,2,Powell
-7.8,False,141,13,184,1,2,Powell
-8.0,False,141,13,184,1,2,Powell
2.0,True,12,13,185,1,2,Powell
1.8,True,16,13,185,1,2,Powell
1.6,True,39,13,185,1,2,Powell
1.4,True,49,13,185,1,2,Powell
1.2,True,49,13,185,1,2,Powell
1.0,True,50,13,185,1,2,Powell
0.8,True,50,13,185,1,2,Powell
0.6,True,50,13,185,1,2,Powell
0.4,True,50,13,185,1,2,Powell
0.2,True,50,13,185,1,2,Powell
0.0,True,63,13,185,1,2,Powell
-0.2,True,64,13,185,1,2,Powell
-0.4,True,64,13,185,1,2,Powell
-0.6,True,64,13,185,1,2,Powell
-0.8,True,64,13,185,1,2,Powell
-1.0,True,64,13,185,1,2,Powell
-1.2,True,64,13,185,1,2,Powell
-1.4,True,64,13,185,1,2,Powell
-1.6,True,68,13,185,1,2,Powell
-1.8,True,68,13,185,1,2,Powell
-2.0,True,68,13,185,1,2,Powell
-2.2,True,68,13,185,1,2,Powell
-2.4,True,68,13,185,1,2,Powell
-2.6,True,68,13,185,1,2,Powell
-2.8,True,68,13,185,1,2,Powell
-3.0,True,79,13,185,1,2,Powell
-3.2,True,79,13,185,1,2,Powell
-3.4,True,80,13,185,1,2,Powell
-3.6,True,80,13,185,1,2,Powell
-3.8,True,80,13,185,1,2,Powell
-4.0,False,145,13,185,1,2,Powell
-4.2,False,145,13,185,1,2,Powell
-4.4,False,145,13,185,1,2,Powell
-4.6,False,145,13,185,1,2,Powell
-4.8,False,145,13,185,1,2,Powell
-5.0,False,145,13,185,1,2,Powell
-5.2,False,145,13,185,1,2,Powell
-5.4,False,145,13,185,1,2,Powell
-5.6,False,145,13,185,1,2,Powell
-5.8,False,145,13,185,1,2,Powell
-6.0,False,145,13,185,1,2,Powell
-6.2,False,145,13,185,1,2,Powell
-6.4,False,145,13,185,1,2,Powell
-6.6,False,145,13,185,1,2,Powell
-6.8,False,145,13,185,1,2,Powell
-7.0,False,145,13,185,1,2,Powell
-7.2,False,145,13,185,1,2,Powell
-7.4,False,145,13,185,1,2,Powell
-7.6,False,145,13,185,1,2,Powell
-7.8,False,145,13,185,1,2,Powell
-8.0,False,145,13,185,1,2,Powell
2.0,False,167,13,186,1,2,Powell
1.8,False,167,13,186,1,2,Powell
1.6,False,167,13,186,1,2,Powell
1.4,False,167,13,186,1,2,Powell
1.2,False,167,13,186,1,2,Powell
1.0,False,167,13,186,1,2,Powell
0.8,False,167,13,186,1,2,Powell
0.6,False,167,13,186,1,2,Powell
0.4,False,167,13,186,1,2,Powell
0.2,False,167,13,186,1,2,Powell
0.0,False,167,13,186,1,2,Powell
-0.2,False,167,13,186,1,2,Powell
-0.4,False,167,13,186,1,2,Powell
-0.6,False,167,13,186,1,2,Powell
-0.8,False,167,13,186,1,2,Powell
-1.0,False,167,13,186,1,2,Powell
-1.2,False,167,13,186,1,2,Powell
-1.4,False,167,13,186,1,2,Powell
-1.6,False,167,13,186,1,2,Powell
-1.8,False,167,13,186,1,2,Powell
-2.0,False,167,13,186,1,2,Powell
-2.2,False,167,13,186,1,2,Powell
-2.4,False,167,13,186,1,2,Powell
-2.6,False,167,13,186,1,2,Powell
-2.8,False,167,13,186,1,2,Powell
-3.0,False,167,13,186,1,2,Powell
-3.2,False,167,13,186,1,2,Powell
-3.4,False,167,13,186,1,2,Powell
-3.6,False,167,13,186,1,2,Powell
-3.8,False,167,13,186,1,2,Powell
-4.0,False,167,13,186,1,2,Powell
-4.2,False,167,13,186,1,2,Powell
-4.4,False,167,13,186,1,2,Powell
-4.6,False,167,13,186,1,2,Powell
-4.8,False,167,13,186,1,2,Powell
-5.0,False,167,13,186,1,2,Powell
-5.2,False,167,13,186,1,2,Powell
-5.4,False,167,13,186,1,2,Powell
-5.6,False,167,13,186,1,2,Powell
-5.8,False,167,13,186,1,2,Powell
-6.0,False,167,13,186,1,2,Powell
-6.2,False,167,13,186,1,2,Powell
-6.4,False,167,13,186,1,2,Powell
-6.6,False,167,13,186,1,2,Powell
-6.8,False,167,13,186,1,2,Powell
-7.0,False,167,13,186,1,2,Powell
-7.2,False,167,13,186,1,2,Powell
-7.4,False,167,13,186,1,2,Powell
-7.6,False,167,13,186,1,2,Powell
-7.8,False,167,13,186,1,2,Powell
-8.0,False,167,13,186,1,2,Powell
2.0,True,4,13,187,1,2,Powell
1.8,True,4,13,187,1,2,Powell
1.6,True,4,13,187,1,2,Powell
1.4,True,4,13,187,1,2,Powell
1.2,True,14,13,187,1,2,Powell
1.0,False,86,13,187,1,2,Powell
0.8,False,86,13,187,1,2,Powell
0.6,False,86,13,187,1,2,Powell
0.4,False,86,13,187,1,2,Powell
0.2,False,86,13,187,1,2,Powell
0.0,False,86,13,187,1,2,Powell
-0.2,False,86,13,187,1,2,Powell
-0.4,False,86,13,187,1,2,Powell
-0.6,False,86,13,187,1,2,Powell
-0.8,False,86,13,187,1,2,Powell
-1.0,False,86,13,187,1,2,Powell
-1.2,False,86,13,187,1,2,Powell
-1.4,False,86,13,187,1,2,Powell
-1.6,False,86,13,187,1,2,Powell
-1.8,False,86,13,187,1,2,Powell
-2.0,False,86,13,187,1,2,Powell
-2.2,False,86,13,187,1,2,Powell
-2.4,False,86,13,187,1,2,Powell
-2.6,False,86,13,187,1,2,Powell
-2.8,False,86,13,187,1,2,Powell
-3.0,False,86,13,187,1,2,Powell
-3.2,False,86,13,187,1,2,Powell
-3.4,False,86,13,187,1,2,Powell
-3.6,False,86,13,187,1,2,Powell
-3.8,False,86,13,187,1,2,Powell
-4.0,False,86,13,187,1,2,Powell
-4.2,False,86,13,187,1,2,Powell
-4.4,False,86,13,187,1,2,Powell
-4.6,False,86,13,187,1,2,Powell
-4.8,False,86,13,187,1,2,Powell
-5.0,False,86,13,187,1,2,Powell
-5.2,False,86,13,187,1,2,Powell
-5.4,False,86,13,187,1,2,Powell
-5.6,False,86,13,187,1,2,Powell
-5.8,False,86,13,187,1,2,Powell
-6.0,False,86,13,187,1,2,Powell
-6.2,False,86,13,187,1,2,Powell
-6.4,False,86,13,187,1,2,Powell
-6.6,False,86,13,187,1,2,Powell
-6.8,False,86,13,187,1,2,Powell
-7.0,False,86,13,187,1,2,Powell
-7.2,False,86,13,187,1,2,Powell
-7.4,False,86,13,187,1,2,Powell
-7.6,False,86,13,187,1,2,Powell
-7.8,False,86,13,187,1,2,Powell
-8.0,False,86,13,187,1,2,Powell
2.0,True,10,13,188,1,2,Powell
1.8,True,10,13,188,1,2,Powell
1.6,True,12,13,188,1,2,Powell
1.4,True,12,13,188,1,2,Powell
1.2,True,12,13,188,1,2,Powell
1.0,True,22,13,188,1,2,Powell
0.8,False,108,13,188,1,2,Powell
0.6,False,108,13,188,1,2,Powell
0.4,False,108,13,188,1,2,Powell
0.2,False,108,13,188,1,2,Powell
0.0,False,108,13,188,1,2,Powell
-0.2,False,108,13,188,1,2,Powell
-0.4,False,108,13,188,1,2,Powell
-0.6,False,108,13,188,1,2,Powell
-0.8,False,108,13,188,1,2,Powell
-1.0,False,108,13,188,1,2,Powell
-1.2,False,108,13,188,1,2,Powell
-1.4,False,108,13,188,1,2,Powell
-1.6,False,108,13,188,1,2,Powell
-1.8,False,108,13,188,1,2,Powell
-2.0,False,108,13,188,1,2,Powell
-2.2,False,108,13,188,1,2,Powell
-2.4,False,108,13,188,1,2,Powell
-2.6,False,108,13,188,1,2,Powell
-2.8,False,108,13,188,1,2,Powell
-3.0,False,108,13,188,1,2,Powell
-3.2,False,108,13,188,1,2,Powell
-3.4,False,108,13,188,1,2,Powell
-3.6,False,108,13,188,1,2,Powell
-3.8,False,108,13,188,1,2,Powell
-4.0,False,108,13,188,1,2,Powell
-4.2,False,108,13,188,1,2,Powell
-4.4,False,108,13,188,1,2,Powell
-4.6,False,108,13,188,1,2,Powell
-4.8,False,108,13,188,1,2,Powell
-5.0,False,108,13,188,1,2,Powell
-5.2,False,108,13,188,1,2,Powell
-5.4,False,108,13,188,1,2,Powell
-5.6,False,108,13,188,1,2,Powell
-5.8,False,108,13,188,1,2,Powell
-6.0,False,108,13,188,1,2,Powell
-6.2,False,108,13,188,1,2,Powell
-6.4,False,108,13,188,1,2,Powell
-6.6,False,108,13,188,1,2,Powell
-6.8,False,108,13,188,1,2,Powell
-7.0,False,108,13,188,1,2,Powell
-7.2,False,108,13,188,1,2,Powell
-7.4,False,108,13,188,1,2,Powell
-7.6,False,108,13,188,1,2,Powell
-7.8,False,108,13,188,1,2,Powell
-8.0,False,108,13,188,1,2,Powell
2.0,False,211,13,189,1,2,Powell
1.8,False,211,13,189,1,2,Powell
1.6,False,211,13,189,1,2,Powell
1.4,False,211,13,189,1,2,Powell
1.2,False,211,13,189,1,2,Powell
1.0,False,211,13,189,1,2,Powell
0.8,False,211,13,189,1,2,Powell
0.6,False,211,13,189,1,2,Powell
0.4,False,211,13,189,1,2,Powell
0.2,False,211,13,189,1,2,Powell
0.0,False,211,13,189,1,2,Powell
-0.2,False,211,13,189,1,2,Powell
-0.4,False,211,13,189,1,2,Powell
-0.6,False,211,13,189,1,2,Powell
-0.8,False,211,13,189,1,2,Powell
-1.0,False,211,13,189,1,2,Powell
-1.2,False,211,13,189,1,2,Powell
-1.4,False,211,13,189,1,2,Powell
-1.6,False,211,13,189,1,2,Powell
-1.8,False,211,13,189,1,2,Powell
-2.0,False,211,13,189,1,2,Powell
-2.2,False,211,13,189,1,2,Powell
-2.4,False,211,13,189,1,2,Powell
-2.6,False,211,13,189,1,2,Powell
-2.8,False,211,13,189,1,2,Powell
-3.0,False,211,13,189,1,2,Powell
-3.2,False,211,13,189,1,2,Powell
-3.4,False,211,13,189,1,2,Powell
-3.6,False,211,13,189,1,2,Powell
-3.8,False,211,13,189,1,2,Powell
-4.0,False,211,13,189,1,2,Powell
-4.2,False,211,13,189,1,2,Powell
-4.4,False,211,13,189,1,2,Powell
-4.6,False,211,13,189,1,2,Powell
-4.8,False,211,13,189,1,2,Powell
-5.0,False,211,13,189,1,2,Powell
-5.2,False,211,13,189,1,2,Powell
-5.4,False,211,13,189,1,2,Powell
-5.6,False,211,13,189,1,2,Powell
-5.8,False,211,13,189,1,2,Powell
-6.0,False,211,13,189,1,2,Powell
-6.2,False,211,13,189,1,2,Powell
-6.4,False,211,13,189,1,2,Powell
-6.6,False,211,13,189,1,2,Powell
-6.8,False,211,13,189,1,2,Powell
-7.0,False,211,13,189,1,2,Powell
-7.2,False,211,13,189,1,2,Powell
-7.4,False,211,13,189,1,2,Powell
-7.6,False,211,13,189,1,2,Powell
-7.8,False,211,13,189,1,2,Powell
-8.0,False,211,13,189,1,2,Powell
2.0,True,10,13,190,1,2,Powell
1.8,True,10,13,190,1,2,Powell
1.6,True,11,13,190,1,2,Powell
1.4,True,11,13,190,1,2,Powell
1.2,True,11,13,190,1,2,Powell
1.0,True,13,13,190,1,2,Powell
0.8,True,13,13,190,1,2,Powell
0.6,True,15,13,190,1,2,Powell
0.4,True,15,13,190,1,2,Powell
0.2,True,15,13,190,1,2,Powell
0.0,True,15,13,190,1,2,Powell
-0.2,True,37,13,190,1,2,Powell
-0.4,True,37,13,190,1,2,Powell
-0.6,True,39,13,190,1,2,Powell
-0.8,False,92,13,190,1,2,Powell
-1.0,False,92,13,190,1,2,Powell
-1.2,False,92,13,190,1,2,Powell
-1.4,False,92,13,190,1,2,Powell
-1.6,False,92,13,190,1,2,Powell
-1.8,False,92,13,190,1,2,Powell
-2.0,False,92,13,190,1,2,Powell
-2.2,False,92,13,190,1,2,Powell
-2.4,False,92,13,190,1,2,Powell
-2.6,False,92,13,190,1,2,Powell
-2.8,False,92,13,190,1,2,Powell
-3.0,False,92,13,190,1,2,Powell
-3.2,False,92,13,190,1,2,Powell
-3.4,False,92,13,190,1,2,Powell
-3.6,False,92,13,190,1,2,Powell
-3.8,False,92,13,190,1,2,Powell
-4.0,False,92,13,190,1,2,Powell
-4.2,False,92,13,190,1,2,Powell
-4.4,False,92,13,190,1,2,Powell
-4.6,False,92,13,190,1,2,Powell
-4.8,False,92,13,190,1,2,Powell
-5.0,False,92,13,190,1,2,Powell
-5.2,False,92,13,190,1,2,Powell
-5.4,False,92,13,190,1,2,Powell
-5.6,False,92,13,190,1,2,Powell
-5.8,False,92,13,190,1,2,Powell
-6.0,False,92,13,190,1,2,Powell
-6.2,False,92,13,190,1,2,Powell
-6.4,False,92,13,190,1,2,Powell
-6.6,False,92,13,190,1,2,Powell
-6.8,False,92,13,190,1,2,Powell
-7.0,False,92,13,190,1,2,Powell
-7.2,False,92,13,190,1,2,Powell
-7.4,False,92,13,190,1,2,Powell
-7.6,False,92,13,190,1,2,Powell
-7.8,False,92,13,190,1,2,Powell
-8.0,False,92,13,190,1,2,Powell
2.0,True,3,13,191,1,2,Powell
1.8,True,7,13,191,1,2,Powell
1.6,True,7,13,191,1,2,Powell
1.4,True,7,13,191,1,2,Powell
1.2,True,7,13,191,1,2,Powell
1.0,True,7,13,191,1,2,Powell
0.8,True,7,13,191,1,2,Powell
0.6,True,7,13,191,1,2,Powell
0.4,True,17,13,191,1,2,Powell
0.2,True,17,13,191,1,2,Powell
0.0,True,17,13,191,1,2,Powell
-0.2,True,17,13,191,1,2,Powell
-0.4,True,17,13,191,1,2,Powell
-0.6,True,21,13,191,1,2,Powell
-0.8,False,72,13,191,1,2,Powell
-1.0,False,72,13,191,1,2,Powell
-1.2,False,72,13,191,1,2,Powell
-1.4,False,72,13,191,1,2,Powell
-1.6,False,72,13,191,1,2,Powell
-1.8,False,72,13,191,1,2,Powell
-2.0,False,72,13,191,1,2,Powell
-2.2,False,72,13,191,1,2,Powell
-2.4,False,72,13,191,1,2,Powell
-2.6,False,72,13,191,1,2,Powell
-2.8,False,72,13,191,1,2,Powell
-3.0,False,72,13,191,1,2,Powell
-3.2,False,72,13,191,1,2,Powell
-3.4,False,72,13,191,1,2,Powell
-3.6,False,72,13,191,1,2,Powell
-3.8,False,72,13,191,1,2,Powell
-4.0,False,72,13,191,1,2,Powell
-4.2,False,72,13,191,1,2,Powell
-4.4,False,72,13,191,1,2,Powell
-4.6,False,72,13,191,1,2,Powell
-4.8,False,72,13,191,1,2,Powell
-5.0,False,72,13,191,1,2,Powell
-5.2,False,72,13,191,1,2,Powell
-5.4,False,72,13,191,1,2,Powell
-5.6,False,72,13,191,1,2,Powell
-5.8,False,72,13,191,1,2,Powell
-6.0,False,72,13,191,1,2,Powell
-6.2,False,72,13,191,1,2,Powell
-6.4,False,72,13,191,1,2,Powell
-6.6,False,72,13,191,1,2,Powell
-6.8,False,72,13,191,1,2,Powell
-7.0,False,72,13,191,1,2,Powell
-7.2,False,72,13,191,1,2,Powell
-7.4,False,72,13,191,1,2,Powell
-7.6,False,72,13,191,1,2,Powell
-7.8,False,72,13,191,1,2,Powell
-8.0,False,72,13,191,1,2,Powell
2.0,True,12,13,192,1,2,Powell
1.8,True,12,13,192,1,2,Powell
1.6,True,14,13,192,1,2,Powell
1.4,False,117,13,192,1,2,Powell
1.2,False,117,13,192,1,2,Powell
1.0,False,117,13,192,1,2,Powell
0.8,False,117,13,192,1,2,Powell
0.6,False,117,13,192,1,2,Powell
0.4,False,117,13,192,1,2,Powell
0.2,False,117,13,192,1,2,Powell
0.0,False,117,13,192,1,2,Powell
-0.2,False,117,13,192,1,2,Powell
-0.4,False,117,13,192,1,2,Powell
-0.6,False,117,13,192,1,2,Powell
-0.8,False,117,13,192,1,2,Powell
-1.0,False,117,13,192,1,2,Powell
-1.2,False,117,13,192,1,2,Powell
-1.4,False,117,13,192,1,2,Powell
-1.6,False,117,13,192,1,2,Powell
-1.8,False,117,13,192,1,2,Powell
-2.0,False,117,13,192,1,2,Powell
-2.2,False,117,13,192,1,2,Powell
-2.4,False,117,13,192,1,2,Powell
-2.6,False,117,13,192,1,2,Powell
-2.8,False,117,13,192,1,2,Powell
-3.0,False,117,13,192,1,2,Powell
-3.2,False,117,13,192,1,2,Powell
-3.4,False,117,13,192,1,2,Powell
-3.6,False,117,13,192,1,2,Powell
-3.8,False,117,13,192,1,2,Powell
-4.0,False,117,13,192,1,2,Powell
-4.2,False,117,13,192,1,2,Powell
-4.4,False,117,13,192,1,2,Powell
-4.6,False,117,13,192,1,2,Powell
-4.8,False,117,13,192,1,2,Powell
-5.0,False,117,13,192,1,2,Powell
-5.2,False,117,13,192,1,2,Powell
-5.4,False,117,13,192,1,2,Powell
-5.6,False,117,13,192,1,2,Powell
-5.8,False,117,13,192,1,2,Powell
-6.0,False,117,13,192,1,2,Powell
-6.2,False,117,13,192,1,2,Powell
-6.4,False,117,13,192,1,2,Powell
-6.6,False,117,13,192,1,2,Powell
-6.8,False,117,13,192,1,2,Powell
-7.0,False,117,13,192,1,2,Powell
-7.2,False,117,13,192,1,2,Powell
-7.4,False,117,13,192,1,2,Powell
-7.6,False,117,13,192,1,2,Powell
-7.8,False,117,13,192,1,2,Powell
-8.0,False,117,13,192,1,2,Powell
2.0,True,9,13,193,1,2,Powell
1.8,True,9,13,193,1,2,Powell
1.6,True,11,13,193,1,2,Powell
1.4,True,11,13,193,1,2,Powell
1.2,True,11,13,193,1,2,Powell
1.0,True,14,13,193,1,2,Powell
0.8,True,24,13,193,1,2,Powell
0.6,False,119,13,193,1,2,Powell
0.4,False,119,13,193,1,2,Powell
0.2,False,119,13,193,1,2,Powell
0.0,False,119,13,193,1,2,Powell
-0.2,False,119,13,193,1,2,Powell
-0.4,False,119,13,193,1,2,Powell
-0.6,False,119,13,193,1,2,Powell
-0.8,False,119,13,193,1,2,Powell
-1.0,False,119,13,193,1,2,Powell
-1.2,False,119,13,193,1,2,Powell
-1.4,False,119,13,193,1,2,Powell
-1.6,False,119,13,193,1,2,Powell
-1.8,False,119,13,193,1,2,Powell
-2.0,False,119,13,193,1,2,Powell
-2.2,False,119,13,193,1,2,Powell
-2.4,False,119,13,193,1,2,Powell
-2.6,False,119,13,193,1,2,Powell
-2.8,False,119,13,193,1,2,Powell
-3.0,False,119,13,193,1,2,Powell
-3.2,False,119,13,193,1,2,Powell
-3.4,False,119,13,193,1,2,Powell
-3.6,False,119,13,193,1,2,Powell
-3.8,False,119,13,193,1,2,Powell
-4.0,False,119,13,193,1,2,Powell
-4.2,False,119,13,193,1,2,Powell
-4.4,False,119,13,193,1,2,Powell
-4.6,False,119,13,193,1,2,Powell
-4.8,False,119,13,193,1,2,Powell
-5.0,False,119,13,193,1,2,Powell
-5.2,False,119,13,193,1,2,Powell
-5.4,False,119,13,193,1,2,Powell
-5.6,False,119,13,193,1,2,Powell
-5.8,False,119,13,193,1,2,Powell
-6.0,False,119,13,193,1,2,Powell
-6.2,False,119,13,193,1,2,Powell
-6.4,False,119,13,193,1,2,Powell
-6.6,False,119,13,193,1,2,Powell
-6.8,False,119,13,193,1,2,Powell
-7.0,False,119,13,193,1,2,Powell
-7.2,False,119,13,193,1,2,Powell
-7.4,False,119,13,193,1,2,Powell
-7.6,False,119,13,193,1,2,Powell
-7.8,False,119,13,193,1,2,Powell
-8.0,False,119,13,193,1,2,Powell
2.0,True,54,13,194,1,2,Powell
1.8,True,54,13,194,1,2,Powell
1.6,True,54,13,194,1,2,Powell
1.4,True,54,13,194,1,2,Powell
1.2,True,54,13,194,1,2,Powell
1.0,True,65,13,194,1,2,Powell
0.8,True,66,13,194,1,2,Powell
0.6,True,66,13,194,1,2,Powell
0.4,True,66,13,194,1,2,Powell
0.2,True,66,13,194,1,2,Powell
0.0,True,66,13,194,1,2,Powell
-0.2,True,67,13,194,1,2,Powell
-0.4,True,67,13,194,1,2,Powell
-0.6,True,67,13,194,1,2,Powell
-0.8,True,70,13,194,1,2,Powell
-1.0,True,70,13,194,1,2,Powell
-1.2,True,70,13,194,1,2,Powell
-1.4,True,82,13,194,1,2,Powell
-1.6,True,82,13,194,1,2,Powell
-1.8,True,82,13,194,1,2,Powell
-2.0,True,82,13,194,1,2,Powell
-2.2,True,83,13,194,1,2,Powell
-2.4,True,85,13,194,1,2,Powell
-2.6,True,107,13,194,1,2,Powell
-2.8,False,140,13,194,1,2,Powell
-3.0,False,140,13,194,1,2,Powell
-3.2,False,140,13,194,1,2,Powell
-3.4,False,140,13,194,1,2,Powell
-3.6,False,140,13,194,1,2,Powell
-3.8,False,140,13,194,1,2,Powell
-4.0,False,140,13,194,1,2,Powell
-4.2,False,140,13,194,1,2,Powell
-4.4,False,140,13,194,1,2,Powell
-4.6,False,140,13,194,1,2,Powell
-4.8,False,140,13,194,1,2,Powell
-5.0,False,140,13,194,1,2,Powell
-5.2,False,140,13,194,1,2,Powell
-5.4,False,140,13,194,1,2,Powell
-5.6,False,140,13,194,1,2,Powell
-5.8,False,140,13,194,1,2,Powell
-6.0,False,140,13,194,1,2,Powell
-6.2,False,140,13,194,1,2,Powell
-6.4,False,140,13,194,1,2,Powell
-6.6,False,140,13,194,1,2,Powell
-6.8,False,140,13,194,1,2,Powell
-7.0,False,140,13,194,1,2,Powell
-7.2,False,140,13,194,1,2,Powell
-7.4,False,140,13,194,1,2,Powell
-7.6,False,140,13,194,1,2,Powell
-7.8,False,140,13,194,1,2,Powell
-8.0,False,140,13,194,1,2,Powell
2.0,True,9,13,195,1,2,Powell
1.8,True,9,13,195,1,2,Powell
1.6,False,155,13,195,1,2,Powell
1.4,False,155,13,195,1,2,Powell
1.2,False,155,13,195,1,2,Powell
1.0,False,155,13,195,1,2,Powell
0.8,False,155,13,195,1,2,Powell
0.6,False,155,13,195,1,2,Powell
0.4,False,155,13,195,1,2,Powell
0.2,False,155,13,195,1,2,Powell
0.0,False,155,13,195,1,2,Powell
-0.2,False,155,13,195,1,2,Powell
-0.4,False,155,13,195,1,2,Powell
-0.6,False,155,13,195,1,2,Powell
-0.8,False,155,13,195,1,2,Powell
-1.0,False,155,13,195,1,2,Powell
-1.2,False,155,13,195,1,2,Powell
-1.4,False,155,13,195,1,2,Powell
-1.6,False,155,13,195,1,2,Powell
-1.8,False,155,13,195,1,2,Powell
-2.0,False,155,13,195,1,2,Powell
-2.2,False,155,13,195,1,2,Powell
-2.4,False,155,13,195,1,2,Powell
-2.6,False,155,13,195,1,2,Powell
-2.8,False,155,13,195,1,2,Powell
-3.0,False,155,13,195,1,2,Powell
-3.2,False,155,13,195,1,2,Powell
-3.4,False,155,13,195,1,2,Powell
-3.6,False,155,13,195,1,2,Powell
-3.8,False,155,13,195,1,2,Powell
-4.0,False,155,13,195,1,2,Powell
-4.2,False,155,13,195,1,2,Powell
-4.4,False,155,13,195,1,2,Powell
-4.6,False,155,13,195,1,2,Powell
-4.8,False,155,13,195,1,2,Powell
-5.0,False,155,13,195,1,2,Powell
-5.2,False,155,13,195,1,2,Powell
-5.4,False,155,13,195,1,2,Powell
-5.6,False,155,13,195,1,2,Powell
-5.8,False,155,13,195,1,2,Powell
-6.0,False,155,13,195,1,2,Powell
-6.2,False,155,13,195,1,2,Powell
-6.4,False,155,13,195,1,2,Powell
-6.6,False,155,13,195,1,2,Powell
-6.8,False,155,13,195,1,2,Powell
-7.0,False,155,13,195,1,2,Powell
-7.2,False,155,13,195,1,2,Powell
-7.4,False,155,13,195,1,2,Powell
-7.6,False,155,13,195,1,2,Powell
-7.8,False,155,13,195,1,2,Powell
-8.0,False,155,13,195,1,2,Powell
2.0,True,12,13,196,1,2,Powell
1.8,True,17,13,196,1,2,Powell
1.6,True,24,13,196,1,2,Powell
1.4,True,35,13,196,1,2,Powell
1.2,True,36,13,196,1,2,Powell
1.0,True,36,13,196,1,2,Powell
0.8,True,43,13,196,1,2,Powell
0.6,True,48,13,196,1,2,Powell
0.4,True,48,13,196,1,2,Powell
0.2,True,48,13,196,1,2,Powell
0.0,True,48,13,196,1,2,Powell
-0.2,True,48,13,196,1,2,Powell
-0.4,True,49,13,196,1,2,Powell
-0.6,True,61,13,196,1,2,Powell
-0.8,True,61,13,196,1,2,Powell
-1.0,True,64,13,196,1,2,Powell
-1.2,True,64,13,196,1,2,Powell
-1.4,True,64,13,196,1,2,Powell
-1.6,True,64,13,196,1,2,Powell
-1.8,True,64,13,196,1,2,Powell
-2.0,True,64,13,196,1,2,Powell
-2.2,True,64,13,196,1,2,Powell
-2.4,True,64,13,196,1,2,Powell
-2.6,False,119,13,196,1,2,Powell
-2.8,False,119,13,196,1,2,Powell
-3.0,False,119,13,196,1,2,Powell
-3.2,False,119,13,196,1,2,Powell
-3.4,False,119,13,196,1,2,Powell
-3.6,False,119,13,196,1,2,Powell
-3.8,False,119,13,196,1,2,Powell
-4.0,False,119,13,196,1,2,Powell
-4.2,False,119,13,196,1,2,Powell
-4.4,False,119,13,196,1,2,Powell
-4.6,False,119,13,196,1,2,Powell
-4.8,False,119,13,196,1,2,Powell
-5.0,False,119,13,196,1,2,Powell
-5.2,False,119,13,196,1,2,Powell
-5.4,False,119,13,196,1,2,Powell
-5.6,False,119,13,196,1,2,Powell
-5.8,False,119,13,196,1,2,Powell
-6.0,False,119,13,196,1,2,Powell
-6.2,False,119,13,196,1,2,Powell
-6.4,False,119,13,196,1,2,Powell
-6.6,False,119,13,196,1,2,Powell
-6.8,False,119,13,196,1,2,Powell
-7.0,False,119,13,196,1,2,Powell
-7.2,False,119,13,196,1,2,Powell
-7.4,False,119,13,196,1,2,Powell
-7.6,False,119,13,196,1,2,Powell
-7.8,False,119,13,196,1,2,Powell
-8.0,False,119,13,196,1,2,Powell
2.0,True,8,13,197,1,2,Powell
1.8,True,8,13,197,1,2,Powell
1.6,True,8,13,197,1,2,Powell
1.4,True,8,13,197,1,2,Powell
1.2,True,9,13,197,1,2,Powell
1.0,True,9,13,197,1,2,Powell
0.8,True,9,13,197,1,2,Powell
0.6,True,12,13,197,1,2,Powell
0.4,True,13,13,197,1,2,Powell
0.2,True,13,13,197,1,2,Powell
0.0,True,13,13,197,1,2,Powell
-0.2,True,21,13,197,1,2,Powell
-0.4,True,21,13,197,1,2,Powell
-0.6,True,21,13,197,1,2,Powell
-0.8,True,22,13,197,1,2,Powell
-1.0,False,73,13,197,1,2,Powell
-1.2,False,73,13,197,1,2,Powell
-1.4,False,73,13,197,1,2,Powell
-1.6,False,73,13,197,1,2,Powell
-1.8,False,73,13,197,1,2,Powell
-2.0,False,73,13,197,1,2,Powell
-2.2,False,73,13,197,1,2,Powell
-2.4,False,73,13,197,1,2,Powell
-2.6,False,73,13,197,1,2,Powell
-2.8,False,73,13,197,1,2,Powell
-3.0,False,73,13,197,1,2,Powell
-3.2,False,73,13,197,1,2,Powell
-3.4,False,73,13,197,1,2,Powell
-3.6,False,73,13,197,1,2,Powell
-3.8,False,73,13,197,1,2,Powell
-4.0,False,73,13,197,1,2,Powell
-4.2,False,73,13,197,1,2,Powell
-4.4,False,73,13,197,1,2,Powell
-4.6,False,73,13,197,1,2,Powell
-4.8,False,73,13,197,1,2,Powell
-5.0,False,73,13,197,1,2,Powell
-5.2,False,73,13,197,1,2,Powell
-5.4,False,73,13,197,1,2,Powell
-5.6,False,73,13,197,1,2,Powell
-5.8,False,73,13,197,1,2,Powell
-6.0,False,73,13,197,1,2,Powell
-6.2,False,73,13,197,1,2,Powell
-6.4,False,73,13,197,1,2,Powell
-6.6,False,73,13,197,1,2,Powell
-6.8,False,73,13,197,1,2,Powell
-7.0,False,73,13,197,1,2,Powell
-7.2,False,73,13,197,1,2,Powell
-7.4,False,73,13,197,1,2,Powell
-7.6,False,73,13,197,1,2,Powell
-7.8,False,73,13,197,1,2,Powell
-8.0,False,73,13,197,1,2,Powell
2.0,True,5,13,198,1,2,Powell
1.8,True,5,13,198,1,2,Powell
1.6,True,5,13,198,1,2,Powell
1.4,True,5,13,198,1,2,Powell
1.2,True,5,13,198,1,2,Powell
1.0,True,8,13,198,1,2,Powell
0.8,True,8,13,198,1,2,Powell
0.6,True,8,13,198,1,2,Powell
0.4,True,8,13,198,1,2,Powell
0.2,True,8,13,198,1,2,Powell
0.0,True,27,13,198,1,2,Powell
-0.2,False,91,13,198,1,2,Powell
-0.4,False,91,13,198,1,2,Powell
-0.6,False,91,13,198,1,2,Powell
-0.8,False,91,13,198,1,2,Powell
-1.0,False,91,13,198,1,2,Powell
-1.2,False,91,13,198,1,2,Powell
-1.4,False,91,13,198,1,2,Powell
-1.6,False,91,13,198,1,2,Powell
-1.8,False,91,13,198,1,2,Powell
-2.0,False,91,13,198,1,2,Powell
-2.2,False,91,13,198,1,2,Powell
-2.4,False,91,13,198,1,2,Powell
-2.6,False,91,13,198,1,2,Powell
-2.8,False,91,13,198,1,2,Powell
-3.0,False,91,13,198,1,2,Powell
-3.2,False,91,13,198,1,2,Powell
-3.4,False,91,13,198,1,2,Powell
-3.6,False,91,13,198,1,2,Powell
-3.8,False,91,13,198,1,2,Powell
-4.0,False,91,13,198,1,2,Powell
-4.2,False,91,13,198,1,2,Powell
-4.4,False,91,13,198,1,2,Powell
-4.6,False,91,13,198,1,2,Powell
-4.8,False,91,13,198,1,2,Powell
-5.0,False,91,13,198,1,2,Powell
-5.2,False,91,13,198,1,2,Powell
-5.4,False,91,13,198,1,2,Powell
-5.6,False,91,13,198,1,2,Powell
-5.8,False,91,13,198,1,2,Powell
-6.0,False,91,13,198,1,2,Powell
-6.2,False,91,13,198,1,2,Powell
-6.4,False,91,13,198,1,2,Powell
-6.6,False,91,13,198,1,2,Powell
-6.8,False,91,13,198,1,2,Powell
-7.0,False,91,13,198,1,2,Powell
-7.2,False,91,13,198,1,2,Powell
-7.4,False,91,13,198,1,2,Powell
-7.6,False,91,13,198,1,2,Powell
-7.8,False,91,13,198,1,2,Powell
-8.0,False,91,13,198,1,2,Powell
2.0,True,19,13,199,1,2,Powell
1.8,True,38,13,199,1,2,Powell
1.6,True,45,13,199,1,2,Powell
1.4,True,45,13,199,1,2,Powell
1.2,True,48,13,199,1,2,Powell
1.0,True,48,13,199,1,2,Powell
0.8,True,48,13,199,1,2,Powell
0.6,True,48,13,199,1,2,Powell
0.4,True,48,13,199,1,2,Powell
0.2,True,60,13,199,1,2,Powell
0.0,True,60,13,199,1,2,Powell
-0.2,True,62,13,199,1,2,Powell
-0.4,True,62,13,199,1,2,Powell
-0.6,True,63,13,199,1,2,Powell
-0.8,True,64,13,199,1,2,Powell
-1.0,True,64,13,199,1,2,Powell
-1.2,True,65,13,199,1,2,Powell
-1.4,True,65,13,199,1,2,Powell
-1.6,True,67,13,199,1,2,Powell
-1.8,True,67,13,199,1,2,Powell
-2.0,True,67,13,199,1,2,Powell
-2.2,True,67,13,199,1,2,Powell
-2.4,True,67,13,199,1,2,Powell
-2.6,True,77,13,199,1,2,Powell
-2.8,True,78,13,199,1,2,Powell
-3.0,True,79,13,199,1,2,Powell
-3.2,True,79,13,199,1,2,Powell
-3.4,True,79,13,199,1,2,Powell
-3.6,True,79,13,199,1,2,Powell
-3.8,True,79,13,199,1,2,Powell
-4.0,False,137,13,199,1,2,Powell
-4.2,False,137,13,199,1,2,Powell
-4.4,False,137,13,199,1,2,Powell
-4.6,False,137,13,199,1,2,Powell
-4.8,False,137,13,199,1,2,Powell
-5.0,False,137,13,199,1,2,Powell
-5.2,False,137,13,199,1,2,Powell
-5.4,False,137,13,199,1,2,Powell
-5.6,False,137,13,199,1,2,Powell
-5.8,False,137,13,199,1,2,Powell
-6.0,False,137,13,199,1,2,Powell
-6.2,False,137,13,199,1,2,Powell
-6.4,False,137,13,199,1,2,Powell
-6.6,False,137,13,199,1,2,Powell
-6.8,False,137,13,199,1,2,Powell
-7.0,False,137,13,199,1,2,Powell
-7.2,False,137,13,199,1,2,Powell
-7.4,False,137,13,199,1,2,Powell
-7.6,False,137,13,199,1,2,Powell
-7.8,False,137,13,199,1,2,Powell
-8.0,False,137,13,199,1,2,Powell
2.0,True,50,13,200,1,2,Powell
1.8,True,51,13,200,1,2,Powell
1.6,True,51,13,200,1,2,Powell
1.4,True,51,13,200,1,2,Powell
1.2,True,51,13,200,1,2,Powell
1.0,True,51,13,200,1,2,Powell
0.8,True,62,13,200,1,2,Powell
0.6,True,62,13,200,1,2,Powell
0.4,True,62,13,200,1,2,Powell
0.2,True,62,13,200,1,2,Powell
0.0,True,62,13,200,1,2,Powell
-0.2,True,65,13,200,1,2,Powell
-0.4,True,65,13,200,1,2,Powell
-0.6,True,65,13,200,1,2,Powell
-0.8,True,68,13,200,1,2,Powell
-1.0,True,68,13,200,1,2,Powell
-1.2,True,68,13,200,1,2,Powell
-1.4,True,70,13,200,1,2,Powell
-1.6,True,70,13,200,1,2,Powell
-1.8,True,80,13,200,1,2,Powell
-2.0,True,80,13,200,1,2,Powell
-2.2,True,80,13,200,1,2,Powell
-2.4,True,81,13,200,1,2,Powell
-2.6,True,83,13,200,1,2,Powell
-2.8,False,141,13,200,1,2,Powell
-3.0,False,141,13,200,1,2,Powell
-3.2,False,141,13,200,1,2,Powell
-3.4,False,141,13,200,1,2,Powell
-3.6,False,141,13,200,1,2,Powell
-3.8,False,141,13,200,1,2,Powell
-4.0,False,141,13,200,1,2,Powell
-4.2,False,141,13,200,1,2,Powell
-4.4,False,141,13,200,1,2,Powell
-4.6,False,141,13,200,1,2,Powell
-4.8,False,141,13,200,1,2,Powell
-5.0,False,141,13,200,1,2,Powell
-5.2,False,141,13,200,1,2,Powell
-5.4,False,141,13,200,1,2,Powell
-5.6,False,141,13,200,1,2,Powell
-5.8,False,141,13,200,1,2,Powell
-6.0,False,141,13,200,1,2,Powell
-6.2,False,141,13,200,1,2,Powell
-6.4,False,141,13,200,1,2,Powell
-6.6,False,141,13,200,1,2,Powell
-6.8,False,141,13,200,1,2,Powell
-7.0,False,141,13,200,1,2,Powell
-7.2,False,141,13,200,1,2,Powell
-7.4,False,141,13,200,1,2,Powell
-7.6,False,141,13,200,1,2,Powell
-7.8,False,141,13,200,1,2,Powell
-8.0,False,141,13,200,1,2,Powell
2.0,True,4,13,201,1,2,Powell
1.8,True,4,13,201,1,2,Powell
1.6,True,4,13,201,1,2,Powell
1.4,True,10,13,201,1,2,Powell
1.2,True,12,13,201,1,2,Powell
1.0,True,12,13,201,1,2,Powell
0.8,True,12,13,201,1,2,Powell
0.6,False,81,13,201,1,2,Powell
0.4,False,81,13,201,1,2,Powell
0.2,False,81,13,201,1,2,Powell
0.0,False,81,13,201,1,2,Powell
-0.2,False,81,13,201,1,2,Powell
-0.4,False,81,13,201,1,2,Powell
-0.6,False,81,13,201,1,2,Powell
-0.8,False,81,13,201,1,2,Powell
-1.0,False,81,13,201,1,2,Powell
-1.2,False,81,13,201,1,2,Powell
-1.4,False,81,13,201,1,2,Powell
-1.6,False,81,13,201,1,2,Powell
-1.8,False,81,13,201,1,2,Powell
-2.0,False,81,13,201,1,2,Powell
-2.2,False,81,13,201,1,2,Powell
-2.4,False,81,13,201,1,2,Powell
-2.6,False,81,13,201,1,2,Powell
-2.8,False,81,13,201,1,2,Powell
-3.0,False,81,13,201,1,2,Powell
-3.2,False,81,13,201,1,2,Powell
-3.4,False,81,13,201,1,2,Powell
-3.6,False,81,13,201,1,2,Powell
-3.8,False,81,13,201,1,2,Powell
-4.0,False,81,13,201,1,2,Powell
-4.2,False,81,13,201,1,2,Powell
-4.4,False,81,13,201,1,2,Powell
-4.6,False,81,13,201,1,2,Powell
-4.8,False,81,13,201,1,2,Powell
-5.0,False,81,13,201,1,2,Powell
-5.2,False,81,13,201,1,2,Powell
-5.4,False,81,13,201,1,2,Powell
-5.6,False,81,13,201,1,2,Powell
-5.8,False,81,13,201,1,2,Powell
-6.0,False,81,13,201,1,2,Powell
-6.2,False,81,13,201,1,2,Powell
-6.4,False,81,13,201,1,2,Powell
-6.6,False,81,13,201,1,2,Powell
-6.8,False,81,13,201,1,2,Powell
-7.0,False,81,13,201,1,2,Powell
-7.2,False,81,13,201,1,2,Powell
-7.4,False,81,13,201,1,2,Powell
-7.6,False,81,13,201,1,2,Powell
-7.8,False,81,13,201,1,2,Powell
-8.0,False,81,13,201,1,2,Powell
2.0,True,5,13,202,1,2,Powell
1.8,True,5,13,202,1,2,Powell
1.6,True,5,13,202,1,2,Powell
1.4,True,5,13,202,1,2,Powell
1.2,True,7,13,202,1,2,Powell
1.0,True,9,13,202,1,2,Powell
0.8,False,82,13,202,1,2,Powell
0.6,False,82,13,202,1,2,Powell
0.4,False,82,13,202,1,2,Powell
0.2,False,82,13,202,1,2,Powell
0.0,False,82,13,202,1,2,Powell
-0.2,False,82,13,202,1,2,Powell
-0.4,False,82,13,202,1,2,Powell
-0.6,False,82,13,202,1,2,Powell
-0.8,False,82,13,202,1,2,Powell
-1.0,False,82,13,202,1,2,Powell
-1.2,False,82,13,202,1,2,Powell
-1.4,False,82,13,202,1,2,Powell
-1.6,False,82,13,202,1,2,Powell
-1.8,False,82,13,202,1,2,Powell
-2.0,False,82,13,202,1,2,Powell
-2.2,False,82,13,202,1,2,Powell
-2.4,False,82,13,202,1,2,Powell
-2.6,False,82,13,202,1,2,Powell
-2.8,False,82,13,202,1,2,Powell
-3.0,False,82,13,202,1,2,Powell
-3.2,False,82,13,202,1,2,Powell
-3.4,False,82,13,202,1,2,Powell
-3.6,False,82,13,202,1,2,Powell
-3.8,False,82,13,202,1,2,Powell
-4.0,False,82,13,202,1,2,Powell
-4.2,False,82,13,202,1,2,Powell
-4.4,False,82,13,202,1,2,Powell
-4.6,False,82,13,202,1,2,Powell
-4.8,False,82,13,202,1,2,Powell
-5.0,False,82,13,202,1,2,Powell
-5.2,False,82,13,202,1,2,Powell
-5.4,False,82,13,202,1,2,Powell
-5.6,False,82,13,202,1,2,Powell
-5.8,False,82,13,202,1,2,Powell
-6.0,False,82,13,202,1,2,Powell
-6.2,False,82,13,202,1,2,Powell
-6.4,False,82,13,202,1,2,Powell
-6.6,False,82,13,202,1,2,Powell
-6.8,False,82,13,202,1,2,Powell
-7.0,False,82,13,202,1,2,Powell
-7.2,False,82,13,202,1,2,Powell
-7.4,False,82,13,202,1,2,Powell
-7.6,False,82,13,202,1,2,Powell
-7.8,False,82,13,202,1,2,Powell
-8.0,False,82,13,202,1,2,Powell
2.0,True,11,13,203,1,2,Powell
1.8,True,11,13,203,1,2,Powell
1.6,True,12,13,203,1,2,Powell
1.4,True,12,13,203,1,2,Powell
1.2,True,14,13,203,1,2,Powell
1.0,True,14,13,203,1,2,Powell
0.8,True,18,13,203,1,2,Powell
0.6,True,19,13,203,1,2,Powell
0.4,False,187,13,203,1,2,Powell
0.2,False,187,13,203,1,2,Powell
0.0,False,187,13,203,1,2,Powell
-0.2,False,187,13,203,1,2,Powell
-0.4,False,187,13,203,1,2,Powell
-0.6,False,187,13,203,1,2,Powell
-0.8,False,187,13,203,1,2,Powell
-1.0,False,187,13,203,1,2,Powell
-1.2,False,187,13,203,1,2,Powell
-1.4,False,187,13,203,1,2,Powell
-1.6,False,187,13,203,1,2,Powell
-1.8,False,187,13,203,1,2,Powell
-2.0,False,187,13,203,1,2,Powell
-2.2,False,187,13,203,1,2,Powell
-2.4,False,187,13,203,1,2,Powell
-2.6,False,187,13,203,1,2,Powell
-2.8,False,187,13,203,1,2,Powell
-3.0,False,187,13,203,1,2,Powell
-3.2,False,187,13,203,1,2,Powell
-3.4,False,187,13,203,1,2,Powell
-3.6,False,187,13,203,1,2,Powell
-3.8,False,187,13,203,1,2,Powell
-4.0,False,187,13,203,1,2,Powell
-4.2,False,187,13,203,1,2,Powell
-4.4,False,187,13,203,1,2,Powell
-4.6,False,187,13,203,1,2,Powell
-4.8,False,187,13,203,1,2,Powell
-5.0,False,187,13,203,1,2,Powell
-5.2,False,187,13,203,1,2,Powell
-5.4,False,187,13,203,1,2,Powell
-5.6,False,187,13,203,1,2,Powell
-5.8,False,187,13,203,1,2,Powell
-6.0,False,187,13,203,1,2,Powell
-6.2,False,187,13,203,1,2,Powell
-6.4,False,187,13,203,1,2,Powell
-6.6,False,187,13,203,1,2,Powell
-6.8,False,187,13,203,1,2,Powell
-7.0,False,187,13,203,1,2,Powell
-7.2,False,187,13,203,1,2,Powell
-7.4,False,187,13,203,1,2,Powell
-7.6,False,187,13,203,1,2,Powell
-7.8,False,187,13,203,1,2,Powell
-8.0,False,187,13,203,1,2,Powell
2.0,True,10,13,204,1,2,Powell
1.8,True,10,13,204,1,2,Powell
1.6,True,12,13,204,1,2,Powell
1.4,True,26,13,204,1,2,Powell
1.2,False,108,13,204,1,2,Powell
1.0,False,108,13,204,1,2,Powell
0.8,False,108,13,204,1,2,Powell
0.6,False,108,13,204,1,2,Powell
0.4,False,108,13,204,1,2,Powell
0.2,False,108,13,204,1,2,Powell
0.0,False,108,13,204,1,2,Powell
-0.2,False,108,13,204,1,2,Powell
-0.4,False,108,13,204,1,2,Powell
-0.6,False,108,13,204,1,2,Powell
-0.8,False,108,13,204,1,2,Powell
-1.0,False,108,13,204,1,2,Powell
-1.2,False,108,13,204,1,2,Powell
-1.4,False,108,13,204,1,2,Powell
-1.6,False,108,13,204,1,2,Powell
-1.8,False,108,13,204,1,2,Powell
-2.0,False,108,13,204,1,2,Powell
-2.2,False,108,13,204,1,2,Powell
-2.4,False,108,13,204,1,2,Powell
-2.6,False,108,13,204,1,2,Powell
-2.8,False,108,13,204,1,2,Powell
-3.0,False,108,13,204,1,2,Powell
-3.2,False,108,13,204,1,2,Powell
-3.4,False,108,13,204,1,2,Powell
-3.6,False,108,13,204,1,2,Powell
-3.8,False,108,13,204,1,2,Powell
-4.0,False,108,13,204,1,2,Powell
-4.2,False,108,13,204,1,2,Powell
-4.4,False,108,13,204,1,2,Powell
-4.6,False,108,13,204,1,2,Powell
-4.8,False,108,13,204,1,2,Powell
-5.0,False,108,13,204,1,2,Powell
-5.2,False,108,13,204,1,2,Powell
-5.4,False,108,13,204,1,2,Powell
-5.6,False,108,13,204,1,2,Powell
-5.8,False,108,13,204,1,2,Powell
-6.0,False,108,13,204,1,2,Powell
-6.2,False,108,13,204,1,2,Powell
-6.4,False,108,13,204,1,2,Powell
-6.6,False,108,13,204,1,2,Powell
-6.8,False,108,13,204,1,2,Powell
-7.0,False,108,13,204,1,2,Powell
-7.2,False,108,13,204,1,2,Powell
-7.4,False,108,13,204,1,2,Powell
-7.6,False,108,13,204,1,2,Powell
-7.8,False,108,13,204,1,2,Powell
-8.0,False,108,13,204,1,2,Powell
2.0,False,100,13,205,1,2,Powell
1.8,False,100,13,205,1,2,Powell
1.6,False,100,13,205,1,2,Powell
1.4,False,100,13,205,1,2,Powell
1.2,False,100,13,205,1,2,Powell
1.0,False,100,13,205,1,2,Powell
0.8,False,100,13,205,1,2,Powell
0.6,False,100,13,205,1,2,Powell
0.4,False,100,13,205,1,2,Powell
0.2,False,100,13,205,1,2,Powell
0.0,False,100,13,205,1,2,Powell
-0.2,False,100,13,205,1,2,Powell
-0.4,False,100,13,205,1,2,Powell
-0.6,False,100,13,205,1,2,Powell
-0.8,False,100,13,205,1,2,Powell
-1.0,False,100,13,205,1,2,Powell
-1.2,False,100,13,205,1,2,Powell
-1.4,False,100,13,205,1,2,Powell
-1.6,False,100,13,205,1,2,Powell
-1.8,False,100,13,205,1,2,Powell
-2.0,False,100,13,205,1,2,Powell
-2.2,False,100,13,205,1,2,Powell
-2.4,False,100,13,205,1,2,Powell
-2.6,False,100,13,205,1,2,Powell
-2.8,False,100,13,205,1,2,Powell
-3.0,False,100,13,205,1,2,Powell
-3.2,False,100,13,205,1,2,Powell
-3.4,False,100,13,205,1,2,Powell
-3.6,False,100,13,205,1,2,Powell
-3.8,False,100,13,205,1,2,Powell
-4.0,False,100,13,205,1,2,Powell
-4.2,False,100,13,205,1,2,Powell
-4.4,False,100,13,205,1,2,Powell
-4.6,False,100,13,205,1,2,Powell
-4.8,False,100,13,205,1,2,Powell
-5.0,False,100,13,205,1,2,Powell
-5.2,False,100,13,205,1,2,Powell
-5.4,False,100,13,205,1,2,Powell
-5.6,False,100,13,205,1,2,Powell
-5.8,False,100,13,205,1,2,Powell
-6.0,False,100,13,205,1,2,Powell
-6.2,False,100,13,205,1,2,Powell
-6.4,False,100,13,205,1,2,Powell
-6.6,False,100,13,205,1,2,Powell
-6.8,False,100,13,205,1,2,Powell
-7.0,False,100,13,205,1,2,Powell
-7.2,False,100,13,205,1,2,Powell
-7.4,False,100,13,205,1,2,Powell
-7.6,False,100,13,205,1,2,Powell
-7.8,False,100,13,205,1,2,Powell
-8.0,False,100,13,205,1,2,Powell
2.0,True,1,13,206,1,2,Powell
1.8,True,1,13,206,1,2,Powell
1.6,True,15,13,206,1,2,Powell
1.4,True,22,13,206,1,2,Powell
1.2,True,22,13,206,1,2,Powell
1.0,True,35,13,206,1,2,Powell
0.8,True,35,13,206,1,2,Powell
0.6,True,35,13,206,1,2,Powell
0.4,True,35,13,206,1,2,Powell
0.2,True,35,13,206,1,2,Powell
0.0,True,35,13,206,1,2,Powell
-0.2,True,35,13,206,1,2,Powell
-0.4,True,40,13,206,1,2,Powell
-0.6,True,40,13,206,1,2,Powell
-0.8,True,40,13,206,1,2,Powell
-1.0,False,118,13,206,1,2,Powell
-1.2,False,118,13,206,1,2,Powell
-1.4,False,118,13,206,1,2,Powell
-1.6,False,118,13,206,1,2,Powell
-1.8,False,118,13,206,1,2,Powell
-2.0,False,118,13,206,1,2,Powell
-2.2,False,118,13,206,1,2,Powell
-2.4,False,118,13,206,1,2,Powell
-2.6,False,118,13,206,1,2,Powell
-2.8,False,118,13,206,1,2,Powell
-3.0,False,118,13,206,1,2,Powell
-3.2,False,118,13,206,1,2,Powell
-3.4,False,118,13,206,1,2,Powell
-3.6,False,118,13,206,1,2,Powell
-3.8,False,118,13,206,1,2,Powell
-4.0,False,118,13,206,1,2,Powell
-4.2,False,118,13,206,1,2,Powell
-4.4,False,118,13,206,1,2,Powell
-4.6,False,118,13,206,1,2,Powell
-4.8,False,118,13,206,1,2,Powell
-5.0,False,118,13,206,1,2,Powell
-5.2,False,118,13,206,1,2,Powell
-5.4,False,118,13,206,1,2,Powell
-5.6,False,118,13,206,1,2,Powell
-5.8,False,118,13,206,1,2,Powell
-6.0,False,118,13,206,1,2,Powell
-6.2,False,118,13,206,1,2,Powell
-6.4,False,118,13,206,1,2,Powell
-6.6,False,118,13,206,1,2,Powell
-6.8,False,118,13,206,1,2,Powell
-7.0,False,118,13,206,1,2,Powell
-7.2,False,118,13,206,1,2,Powell
-7.4,False,118,13,206,1,2,Powell
-7.6,False,118,13,206,1,2,Powell
-7.8,False,118,13,206,1,2,Powell
-8.0,False,118,13,206,1,2,Powell
2.0,True,7,13,207,1,2,Powell
1.8,True,10,13,207,1,2,Powell
1.6,True,12,13,207,1,2,Powell
1.4,False,81,13,207,1,2,Powell
1.2,False,81,13,207,1,2,Powell
1.0,False,81,13,207,1,2,Powell
0.8,False,81,13,207,1,2,Powell
0.6,False,81,13,207,1,2,Powell
0.4,False,81,13,207,1,2,Powell
0.2,False,81,13,207,1,2,Powell
0.0,False,81,13,207,1,2,Powell
-0.2,False,81,13,207,1,2,Powell
-0.4,False,81,13,207,1,2,Powell
-0.6,False,81,13,207,1,2,Powell
-0.8,False,81,13,207,1,2,Powell
-1.0,False,81,13,207,1,2,Powell
-1.2,False,81,13,207,1,2,Powell
-1.4,False,81,13,207,1,2,Powell
-1.6,False,81,13,207,1,2,Powell
-1.8,False,81,13,207,1,2,Powell
-2.0,False,81,13,207,1,2,Powell
-2.2,False,81,13,207,1,2,Powell
-2.4,False,81,13,207,1,2,Powell
-2.6,False,81,13,207,1,2,Powell
-2.8,False,81,13,207,1,2,Powell
-3.0,False,81,13,207,1,2,Powell
-3.2,False,81,13,207,1,2,Powell
-3.4,False,81,13,207,1,2,Powell
-3.6,False,81,13,207,1,2,Powell
-3.8,False,81,13,207,1,2,Powell
-4.0,False,81,13,207,1,2,Powell
-4.2,False,81,13,207,1,2,Powell
-4.4,False,81,13,207,1,2,Powell
-4.6,False,81,13,207,1,2,Powell
-4.8,False,81,13,207,1,2,Powell
-5.0,False,81,13,207,1,2,Powell
-5.2,False,81,13,207,1,2,Powell
-5.4,False,81,13,207,1,2,Powell
-5.6,False,81,13,207,1,2,Powell
-5.8,False,81,13,207,1,2,Powell
-6.0,False,81,13,207,1,2,Powell
-6.2,False,81,13,207,1,2,Powell
-6.4,False,81,13,207,1,2,Powell
-6.6,False,81,13,207,1,2,Powell
-6.8,False,81,13,207,1,2,Powell
-7.0,False,81,13,207,1,2,Powell
-7.2,False,81,13,207,1,2,Powell
-7.4,False,81,13,207,1,2,Powell
-7.6,False,81,13,207,1,2,Powell
-7.8,False,81,13,207,1,2,Powell
-8.0,False,81,13,207,1,2,Powell
2.0,False,93,13,208,1,2,Powell
1.8,False,93,13,208,1,2,Powell
1.6,False,93,13,208,1,2,Powell
1.4,False,93,13,208,1,2,Powell
1.2,False,93,13,208,1,2,Powell
1.0,False,93,13,208,1,2,Powell
0.8,False,93,13,208,1,2,Powell
0.6,False,93,13,208,1,2,Powell
0.4,False,93,13,208,1,2,Powell
0.2,False,93,13,208,1,2,Powell
0.0,False,93,13,208,1,2,Powell
-0.2,False,93,13,208,1,2,Powell
-0.4,False,93,13,208,1,2,Powell
-0.6,False,93,13,208,1,2,Powell
-0.8,False,93,13,208,1,2,Powell
-1.0,False,93,13,208,1,2,Powell
-1.2,False,93,13,208,1,2,Powell
-1.4,False,93,13,208,1,2,Powell
-1.6,False,93,13,208,1,2,Powell
-1.8,False,93,13,208,1,2,Powell
-2.0,False,93,13,208,1,2,Powell
-2.2,False,93,13,208,1,2,Powell
-2.4,False,93,13,208,1,2,Powell
-2.6,False,93,13,208,1,2,Powell
-2.8,False,93,13,208,1,2,Powell
-3.0,False,93,13,208,1,2,Powell
-3.2,False,93,13,208,1,2,Powell
-3.4,False,93,13,208,1,2,Powell
-3.6,False,93,13,208,1,2,Powell
-3.8,False,93,13,208,1,2,Powell
-4.0,False,93,13,208,1,2,Powell
-4.2,False,93,13,208,1,2,Powell
-4.4,False,93,13,208,1,2,Powell
-4.6,False,93,13,208,1,2,Powell
-4.8,False,93,13,208,1,2,Powell
-5.0,False,93,13,208,1,2,Powell
-5.2,False,93,13,208,1,2,Powell
-5.4,False,93,13,208,1,2,Powell
-5.6,False,93,13,208,1,2,Powell
-5.8,False,93,13,208,1,2,Powell
-6.0,False,93,13,208,1,2,Powell
-6.2,False,93,13,208,1,2,Powell
-6.4,False,93,13,208,1,2,Powell
-6.6,False,93,13,208,1,2,Powell
-6.8,False,93,13,208,1,2,Powell
-7.0,False,93,13,208,1,2,Powell
-7.2,False,93,13,208,1,2,Powell
-7.4,False,93,13,208,1,2,Powell
-7.6,False,93,13,208,1,2,Powell
-7.8,False,93,13,208,1,2,Powell
-8.0,False,93,13,208,1,2,Powell
2.0,False,223,13,209,1,2,Powell
1.8,False,223,13,209,1,2,Powell
1.6,False,223,13,209,1,2,Powell
1.4,False,223,13,209,1,2,Powell
1.2,False,223,13,209,1,2,Powell
1.0,False,223,13,209,1,2,Powell
0.8,False,223,13,209,1,2,Powell
0.6,False,223,13,209,1,2,Powell
0.4,False,223,13,209,1,2,Powell
0.2,False,223,13,209,1,2,Powell
0.0,False,223,13,209,1,2,Powell
-0.2,False,223,13,209,1,2,Powell
-0.4,False,223,13,209,1,2,Powell
-0.6,False,223,13,209,1,2,Powell
-0.8,False,223,13,209,1,2,Powell
-1.0,False,223,13,209,1,2,Powell
-1.2,False,223,13,209,1,2,Powell
-1.4,False,223,13,209,1,2,Powell
-1.6,False,223,13,209,1,2,Powell
-1.8,False,223,13,209,1,2,Powell
-2.0,False,223,13,209,1,2,Powell
-2.2,False,223,13,209,1,2,Powell
-2.4,False,223,13,209,1,2,Powell
-2.6,False,223,13,209,1,2,Powell
-2.8,False,223,13,209,1,2,Powell
-3.0,False,223,13,209,1,2,Powell
-3.2,False,223,13,209,1,2,Powell
-3.4,False,223,13,209,1,2,Powell
-3.6,False,223,13,209,1,2,Powell
-3.8,False,223,13,209,1,2,Powell
-4.0,False,223,13,209,1,2,Powell
-4.2,False,223,13,209,1,2,Powell
-4.4,False,223,13,209,1,2,Powell
-4.6,False,223,13,209,1,2,Powell
-4.8,False,223,13,209,1,2,Powell
-5.0,False,223,13,209,1,2,Powell
-5.2,False,223,13,209,1,2,Powell
-5.4,False,223,13,209,1,2,Powell
-5.6,False,223,13,209,1,2,Powell
-5.8,False,223,13,209,1,2,Powell
-6.0,False,223,13,209,1,2,Powell
-6.2,False,223,13,209,1,2,Powell
-6.4,False,223,13,209,1,2,Powell
-6.6,False,223,13,209,1,2,Powell
-6.8,False,223,13,209,1,2,Powell
-7.0,False,223,13,209,1,2,Powell
-7.2,False,223,13,209,1,2,Powell
-7.4,False,223,13,209,1,2,Powell
-7.6,False,223,13,209,1,2,Powell
-7.8,False,223,13,209,1,2,Powell
-8.0,False,223,13,209,1,2,Powell
2.0,True,4,13,210,1,2,Powell
1.8,True,5,13,210,1,2,Powell
1.6,True,7,13,210,1,2,Powell
1.4,False,81,13,210,1,2,Powell
1.2,False,81,13,210,1,2,Powell
1.0,False,81,13,210,1,2,Powell
0.8,False,81,13,210,1,2,Powell
0.6,False,81,13,210,1,2,Powell
0.4,False,81,13,210,1,2,Powell
0.2,False,81,13,210,1,2,Powell
0.0,False,81,13,210,1,2,Powell
-0.2,False,81,13,210,1,2,Powell
-0.4,False,81,13,210,1,2,Powell
-0.6,False,81,13,210,1,2,Powell
-0.8,False,81,13,210,1,2,Powell
-1.0,False,81,13,210,1,2,Powell
-1.2,False,81,13,210,1,2,Powell
-1.4,False,81,13,210,1,2,Powell
-1.6,False,81,13,210,1,2,Powell
-1.8,False,81,13,210,1,2,Powell
-2.0,False,81,13,210,1,2,Powell
-2.2,False,81,13,210,1,2,Powell
-2.4,False,81,13,210,1,2,Powell
-2.6,False,81,13,210,1,2,Powell
-2.8,False,81,13,210,1,2,Powell
-3.0,False,81,13,210,1,2,Powell
-3.2,False,81,13,210,1,2,Powell
-3.4,False,81,13,210,1,2,Powell
-3.6,False,81,13,210,1,2,Powell
-3.8,False,81,13,210,1,2,Powell
-4.0,False,81,13,210,1,2,Powell
-4.2,False,81,13,210,1,2,Powell
-4.4,False,81,13,210,1,2,Powell
-4.6,False,81,13,210,1,2,Powell
-4.8,False,81,13,210,1,2,Powell
-5.0,False,81,13,210,1,2,Powell
-5.2,False,81,13,210,1,2,Powell
-5.4,False,81,13,210,1,2,Powell
-5.6,False,81,13,210,1,2,Powell
-5.8,False,81,13,210,1,2,Powell
-6.0,False,81,13,210,1,2,Powell
-6.2,False,81,13,210,1,2,Powell
-6.4,False,81,13,210,1,2,Powell
-6.6,False,81,13,210,1,2,Powell
-6.8,False,81,13,210,1,2,Powell
-7.0,False,81,13,210,1,2,Powell
-7.2,False,81,13,210,1,2,Powell
-7.4,False,81,13,210,1,2,Powell
-7.6,False,81,13,210,1,2,Powell
-7.8,False,81,13,210,1,2,Powell
-8.0,False,81,13,210,1,2,Powell
2.0,True,7,13,211,1,2,Powell
1.8,True,10,13,211,1,2,Powell
1.6,True,10,13,211,1,2,Powell
1.4,True,10,13,211,1,2,Powell
1.2,True,12,13,211,1,2,Powell
1.0,False,145,13,211,1,2,Powell
0.8,False,145,13,211,1,2,Powell
0.6,False,145,13,211,1,2,Powell
0.4,False,145,13,211,1,2,Powell
0.2,False,145,13,211,1,2,Powell
0.0,False,145,13,211,1,2,Powell
-0.2,False,145,13,211,1,2,Powell
-0.4,False,145,13,211,1,2,Powell
-0.6,False,145,13,211,1,2,Powell
-0.8,False,145,13,211,1,2,Powell
-1.0,False,145,13,211,1,2,Powell
-1.2,False,145,13,211,1,2,Powell
-1.4,False,145,13,211,1,2,Powell
-1.6,False,145,13,211,1,2,Powell
-1.8,False,145,13,211,1,2,Powell
-2.0,False,145,13,211,1,2,Powell
-2.2,False,145,13,211,1,2,Powell
-2.4,False,145,13,211,1,2,Powell
-2.6,False,145,13,211,1,2,Powell
-2.8,False,145,13,211,1,2,Powell
-3.0,False,145,13,211,1,2,Powell
-3.2,False,145,13,211,1,2,Powell
-3.4,False,145,13,211,1,2,Powell
-3.6,False,145,13,211,1,2,Powell
-3.8,False,145,13,211,1,2,Powell
-4.0,False,145,13,211,1,2,Powell
-4.2,False,145,13,211,1,2,Powell
-4.4,False,145,13,211,1,2,Powell
-4.6,False,145,13,211,1,2,Powell
-4.8,False,145,13,211,1,2,Powell
-5.0,False,145,13,211,1,2,Powell
-5.2,False,145,13,211,1,2,Powell
-5.4,False,145,13,211,1,2,Powell
-5.6,False,145,13,211,1,2,Powell
-5.8,False,145,13,211,1,2,Powell
-6.0,False,145,13,211,1,2,Powell
-6.2,False,145,13,211,1,2,Powell
-6.4,False,145,13,211,1,2,Powell
-6.6,False,145,13,211,1,2,Powell
-6.8,False,145,13,211,1,2,Powell
-7.0,False,145,13,211,1,2,Powell
-7.2,False,145,13,211,1,2,Powell
-7.4,False,145,13,211,1,2,Powell
-7.6,False,145,13,211,1,2,Powell
-7.8,False,145,13,211,1,2,Powell
-8.0,False,145,13,211,1,2,Powell
2.0,True,5,13,212,1,2,Powell
1.8,True,5,13,212,1,2,Powell
1.6,True,5,13,212,1,2,Powell
1.4,True,8,13,212,1,2,Powell
1.2,False,84,13,212,1,2,Powell
1.0,False,84,13,212,1,2,Powell
0.8,False,84,13,212,1,2,Powell
0.6,False,84,13,212,1,2,Powell
0.4,False,84,13,212,1,2,Powell
0.2,False,84,13,212,1,2,Powell
0.0,False,84,13,212,1,2,Powell
-0.2,False,84,13,212,1,2,Powell
-0.4,False,84,13,212,1,2,Powell
-0.6,False,84,13,212,1,2,Powell
-0.8,False,84,13,212,1,2,Powell
-1.0,False,84,13,212,1,2,Powell
-1.2,False,84,13,212,1,2,Powell
-1.4,False,84,13,212,1,2,Powell
-1.6,False,84,13,212,1,2,Powell
-1.8,False,84,13,212,1,2,Powell
-2.0,False,84,13,212,1,2,Powell
-2.2,False,84,13,212,1,2,Powell
-2.4,False,84,13,212,1,2,Powell
-2.6,False,84,13,212,1,2,Powell
-2.8,False,84,13,212,1,2,Powell
-3.0,False,84,13,212,1,2,Powell
-3.2,False,84,13,212,1,2,Powell
-3.4,False,84,13,212,1,2,Powell
-3.6,False,84,13,212,1,2,Powell
-3.8,False,84,13,212,1,2,Powell
-4.0,False,84,13,212,1,2,Powell
-4.2,False,84,13,212,1,2,Powell
-4.4,False,84,13,212,1,2,Powell
-4.6,False,84,13,212,1,2,Powell
-4.8,False,84,13,212,1,2,Powell
-5.0,False,84,13,212,1,2,Powell
-5.2,False,84,13,212,1,2,Powell
-5.4,False,84,13,212,1,2,Powell
-5.6,False,84,13,212,1,2,Powell
-5.8,False,84,13,212,1,2,Powell
-6.0,False,84,13,212,1,2,Powell
-6.2,False,84,13,212,1,2,Powell
-6.4,False,84,13,212,1,2,Powell
-6.6,False,84,13,212,1,2,Powell
-6.8,False,84,13,212,1,2,Powell
-7.0,False,84,13,212,1,2,Powell
-7.2,False,84,13,212,1,2,Powell
-7.4,False,84,13,212,1,2,Powell
-7.6,False,84,13,212,1,2,Powell
-7.8,False,84,13,212,1,2,Powell
-8.0,False,84,13,212,1,2,Powell
2.0,True,1,13,213,1,2,Powell
1.8,True,7,13,213,1,2,Powell
1.6,True,7,13,213,1,2,Powell
1.4,False,90,13,213,1,2,Powell
1.2,False,90,13,213,1,2,Powell
1.0,False,90,13,213,1,2,Powell
0.8,False,90,13,213,1,2,Powell
0.6,False,90,13,213,1,2,Powell
0.4,False,90,13,213,1,2,Powell
0.2,False,90,13,213,1,2,Powell
0.0,False,90,13,213,1,2,Powell
-0.2,False,90,13,213,1,2,Powell
-0.4,False,90,13,213,1,2,Powell
-0.6,False,90,13,213,1,2,Powell
-0.8,False,90,13,213,1,2,Powell
-1.0,False,90,13,213,1,2,Powell
-1.2,False,90,13,213,1,2,Powell
-1.4,False,90,13,213,1,2,Powell
-1.6,False,90,13,213,1,2,Powell
-1.8,False,90,13,213,1,2,Powell
-2.0,False,90,13,213,1,2,Powell
-2.2,False,90,13,213,1,2,Powell
-2.4,False,90,13,213,1,2,Powell
-2.6,False,90,13,213,1,2,Powell
-2.8,False,90,13,213,1,2,Powell
-3.0,False,90,13,213,1,2,Powell
-3.2,False,90,13,213,1,2,Powell
-3.4,False,90,13,213,1,2,Powell
-3.6,False,90,13,213,1,2,Powell
-3.8,False,90,13,213,1,2,Powell
-4.0,False,90,13,213,1,2,Powell
-4.2,False,90,13,213,1,2,Powell
-4.4,False,90,13,213,1,2,Powell
-4.6,False,90,13,213,1,2,Powell
-4.8,False,90,13,213,1,2,Powell
-5.0,False,90,13,213,1,2,Powell
-5.2,False,90,13,213,1,2,Powell
-5.4,False,90,13,213,1,2,Powell
-5.6,False,90,13,213,1,2,Powell
-5.8,False,90,13,213,1,2,Powell
-6.0,False,90,13,213,1,2,Powell
-6.2,False,90,13,213,1,2,Powell
-6.4,False,90,13,213,1,2,Powell
-6.6,False,90,13,213,1,2,Powell
-6.8,False,90,13,213,1,2,Powell
-7.0,False,90,13,213,1,2,Powell
-7.2,False,90,13,213,1,2,Powell
-7.4,False,90,13,213,1,2,Powell
-7.6,False,90,13,213,1,2,Powell
-7.8,False,90,13,213,1,2,Powell
-8.0,False,90,13,213,1,2,Powell
2.0,True,4,13,214,1,2,Powell
1.8,True,5,13,214,1,2,Powell
1.6,True,10,13,214,1,2,Powell
1.4,False,126,13,214,1,2,Powell
1.2,False,126,13,214,1,2,Powell
1.0,False,126,13,214,1,2,Powell
0.8,False,126,13,214,1,2,Powell
0.6,False,126,13,214,1,2,Powell
0.4,False,126,13,214,1,2,Powell
0.2,False,126,13,214,1,2,Powell
0.0,False,126,13,214,1,2,Powell
-0.2,False,126,13,214,1,2,Powell
-0.4,False,126,13,214,1,2,Powell
-0.6,False,126,13,214,1,2,Powell
-0.8,False,126,13,214,1,2,Powell
-1.0,False,126,13,214,1,2,Powell
-1.2,False,126,13,214,1,2,Powell
-1.4,False,126,13,214,1,2,Powell
-1.6,False,126,13,214,1,2,Powell
-1.8,False,126,13,214,1,2,Powell
-2.0,False,126,13,214,1,2,Powell
-2.2,False,126,13,214,1,2,Powell
-2.4,False,126,13,214,1,2,Powell
-2.6,False,126,13,214,1,2,Powell
-2.8,False,126,13,214,1,2,Powell
-3.0,False,126,13,214,1,2,Powell
-3.2,False,126,13,214,1,2,Powell
-3.4,False,126,13,214,1,2,Powell
-3.6,False,126,13,214,1,2,Powell
-3.8,False,126,13,214,1,2,Powell
-4.0,False,126,13,214,1,2,Powell
-4.2,False,126,13,214,1,2,Powell
-4.4,False,126,13,214,1,2,Powell
-4.6,False,126,13,214,1,2,Powell
-4.8,False,126,13,214,1,2,Powell
-5.0,False,126,13,214,1,2,Powell
-5.2,False,126,13,214,1,2,Powell
-5.4,False,126,13,214,1,2,Powell
-5.6,False,126,13,214,1,2,Powell
-5.8,False,126,13,214,1,2,Powell
-6.0,False,126,13,214,1,2,Powell
-6.2,False,126,13,214,1,2,Powell
-6.4,False,126,13,214,1,2,Powell
-6.6,False,126,13,214,1,2,Powell
-6.8,False,126,13,214,1,2,Powell
-7.0,False,126,13,214,1,2,Powell
-7.2,False,126,13,214,1,2,Powell
-7.4,False,126,13,214,1,2,Powell
-7.6,False,126,13,214,1,2,Powell
-7.8,False,126,13,214,1,2,Powell
-8.0,False,126,13,214,1,2,Powell
2.0,True,10,13,215,1,2,Powell
1.8,True,10,13,215,1,2,Powell
1.6,True,12,13,215,1,2,Powell
1.4,True,14,13,215,1,2,Powell
1.2,True,23,13,215,1,2,Powell
1.0,False,76,13,215,1,2,Powell
0.8,False,76,13,215,1,2,Powell
0.6,False,76,13,215,1,2,Powell
0.4,False,76,13,215,1,2,Powell
0.2,False,76,13,215,1,2,Powell
0.0,False,76,13,215,1,2,Powell
-0.2,False,76,13,215,1,2,Powell
-0.4,False,76,13,215,1,2,Powell
-0.6,False,76,13,215,1,2,Powell
-0.8,False,76,13,215,1,2,Powell
-1.0,False,76,13,215,1,2,Powell
-1.2,False,76,13,215,1,2,Powell
-1.4,False,76,13,215,1,2,Powell
-1.6,False,76,13,215,1,2,Powell
-1.8,False,76,13,215,1,2,Powell
-2.0,False,76,13,215,1,2,Powell
-2.2,False,76,13,215,1,2,Powell
-2.4,False,76,13,215,1,2,Powell
-2.6,False,76,13,215,1,2,Powell
-2.8,False,76,13,215,1,2,Powell
-3.0,False,76,13,215,1,2,Powell
-3.2,False,76,13,215,1,2,Powell
-3.4,False,76,13,215,1,2,Powell
-3.6,False,76,13,215,1,2,Powell
-3.8,False,76,13,215,1,2,Powell
-4.0,False,76,13,215,1,2,Powell
-4.2,False,76,13,215,1,2,Powell
-4.4,False,76,13,215,1,2,Powell
-4.6,False,76,13,215,1,2,Powell
-4.8,False,76,13,215,1,2,Powell
-5.0,False,76,13,215,1,2,Powell
-5.2,False,76,13,215,1,2,Powell
-5.4,False,76,13,215,1,2,Powell
-5.6,False,76,13,215,1,2,Powell
-5.8,False,76,13,215,1,2,Powell
-6.0,False,76,13,215,1,2,Powell
-6.2,False,76,13,215,1,2,Powell
-6.4,False,76,13,215,1,2,Powell
-6.6,False,76,13,215,1,2,Powell
-6.8,False,76,13,215,1,2,Powell
-7.0,False,76,13,215,1,2,Powell
-7.2,False,76,13,215,1,2,Powell
-7.4,False,76,13,215,1,2,Powell
-7.6,False,76,13,215,1,2,Powell
-7.8,False,76,13,215,1,2,Powell
-8.0,False,76,13,215,1,2,Powell
2.0,True,3,13,216,1,2,Powell
1.8,True,8,13,216,1,2,Powell
1.6,True,21,13,216,1,2,Powell
1.4,True,21,13,216,1,2,Powell
1.2,True,21,13,216,1,2,Powell
1.0,True,26,13,216,1,2,Powell
0.8,True,28,13,216,1,2,Powell
0.6,False,160,13,216,1,2,Powell
0.4,False,160,13,216,1,2,Powell
0.2,False,160,13,216,1,2,Powell
0.0,False,160,13,216,1,2,Powell
-0.2,False,160,13,216,1,2,Powell
-0.4,False,160,13,216,1,2,Powell
-0.6,False,160,13,216,1,2,Powell
-0.8,False,160,13,216,1,2,Powell
-1.0,False,160,13,216,1,2,Powell
-1.2,False,160,13,216,1,2,Powell
-1.4,False,160,13,216,1,2,Powell
-1.6,False,160,13,216,1,2,Powell
-1.8,False,160,13,216,1,2,Powell
-2.0,False,160,13,216,1,2,Powell
-2.2,False,160,13,216,1,2,Powell
-2.4,False,160,13,216,1,2,Powell
-2.6,False,160,13,216,1,2,Powell
-2.8,False,160,13,216,1,2,Powell
-3.0,False,160,13,216,1,2,Powell
-3.2,False,160,13,216,1,2,Powell
-3.4,False,160,13,216,1,2,Powell
-3.6,False,160,13,216,1,2,Powell
-3.8,False,160,13,216,1,2,Powell
-4.0,False,160,13,216,1,2,Powell
-4.2,False,160,13,216,1,2,Powell
-4.4,False,160,13,216,1,2,Powell
-4.6,False,160,13,216,1,2,Powell
-4.8,False,160,13,216,1,2,Powell
-5.0,False,160,13,216,1,2,Powell
-5.2,False,160,13,216,1,2,Powell
-5.4,False,160,13,216,1,2,Powell
-5.6,False,160,13,216,1,2,Powell
-5.8,False,160,13,216,1,2,Powell
-6.0,False,160,13,216,1,2,Powell
-6.2,False,160,13,216,1,2,Powell
-6.4,False,160,13,216,1,2,Powell
-6.6,False,160,13,216,1,2,Powell
-6.8,False,160,13,216,1,2,Powell
-7.0,False,160,13,216,1,2,Powell
-7.2,False,160,13,216,1,2,Powell
-7.4,False,160,13,216,1,2,Powell
-7.6,False,160,13,216,1,2,Powell
-7.8,False,160,13,216,1,2,Powell
-8.0,False,160,13,216,1,2,Powell
2.0,True,10,13,217,1,2,Powell
1.8,True,14,13,217,1,2,Powell
1.6,True,71,13,217,1,2,Powell
1.4,True,74,13,217,1,2,Powell
1.2,True,75,13,217,1,2,Powell
1.0,True,75,13,217,1,2,Powell
0.8,True,75,13,217,1,2,Powell
0.6,True,75,13,217,1,2,Powell
0.4,True,86,13,217,1,2,Powell
0.2,True,86,13,217,1,2,Powell
0.0,True,86,13,217,1,2,Powell
-0.2,True,86,13,217,1,2,Powell
-0.4,True,86,13,217,1,2,Powell
-0.6,True,91,13,217,1,2,Powell
-0.8,True,100,13,217,1,2,Powell
-1.0,True,113,13,217,1,2,Powell
-1.2,True,115,13,217,1,2,Powell
-1.4,False,183,13,217,1,2,Powell
-1.6,False,183,13,217,1,2,Powell
-1.8,False,183,13,217,1,2,Powell
-2.0,False,183,13,217,1,2,Powell
-2.2,False,183,13,217,1,2,Powell
-2.4,False,183,13,217,1,2,Powell
-2.6,False,183,13,217,1,2,Powell
-2.8,False,183,13,217,1,2,Powell
-3.0,False,183,13,217,1,2,Powell
-3.2,False,183,13,217,1,2,Powell
-3.4,False,183,13,217,1,2,Powell
-3.6,False,183,13,217,1,2,Powell
-3.8,False,183,13,217,1,2,Powell
-4.0,False,183,13,217,1,2,Powell
-4.2,False,183,13,217,1,2,Powell
-4.4,False,183,13,217,1,2,Powell
-4.6,False,183,13,217,1,2,Powell
-4.8,False,183,13,217,1,2,Powell
-5.0,False,183,13,217,1,2,Powell
-5.2,False,183,13,217,1,2,Powell
-5.4,False,183,13,217,1,2,Powell
-5.6,False,183,13,217,1,2,Powell
-5.8,False,183,13,217,1,2,Powell
-6.0,False,183,13,217,1,2,Powell
-6.2,False,183,13,217,1,2,Powell
-6.4,False,183,13,217,1,2,Powell
-6.6,False,183,13,217,1,2,Powell
-6.8,False,183,13,217,1,2,Powell
-7.0,False,183,13,217,1,2,Powell
-7.2,False,183,13,217,1,2,Powell
-7.4,False,183,13,217,1,2,Powell
-7.6,False,183,13,217,1,2,Powell
-7.8,False,183,13,217,1,2,Powell
-8.0,False,183,13,217,1,2,Powell
2.0,True,10,13,218,1,2,Powell
1.8,True,10,13,218,1,2,Powell
1.6,True,10,13,218,1,2,Powell
1.4,False,132,13,218,1,2,Powell
1.2,False,132,13,218,1,2,Powell
1.0,False,132,13,218,1,2,Powell
0.8,False,132,13,218,1,2,Powell
0.6,False,132,13,218,1,2,Powell
0.4,False,132,13,218,1,2,Powell
0.2,False,132,13,218,1,2,Powell
0.0,False,132,13,218,1,2,Powell
-0.2,False,132,13,218,1,2,Powell
-0.4,False,132,13,218,1,2,Powell
-0.6,False,132,13,218,1,2,Powell
-0.8,False,132,13,218,1,2,Powell
-1.0,False,132,13,218,1,2,Powell
-1.2,False,132,13,218,1,2,Powell
-1.4,False,132,13,218,1,2,Powell
-1.6,False,132,13,218,1,2,Powell
-1.8,False,132,13,218,1,2,Powell
-2.0,False,132,13,218,1,2,Powell
-2.2,False,132,13,218,1,2,Powell
-2.4,False,132,13,218,1,2,Powell
-2.6,False,132,13,218,1,2,Powell
-2.8,False,132,13,218,1,2,Powell
-3.0,False,132,13,218,1,2,Powell
-3.2,False,132,13,218,1,2,Powell
-3.4,False,132,13,218,1,2,Powell
-3.6,False,132,13,218,1,2,Powell
-3.8,False,132,13,218,1,2,Powell
-4.0,False,132,13,218,1,2,Powell
-4.2,False,132,13,218,1,2,Powell
-4.4,False,132,13,218,1,2,Powell
-4.6,False,132,13,218,1,2,Powell
-4.8,False,132,13,218,1,2,Powell
-5.0,False,132,13,218,1,2,Powell
-5.2,False,132,13,218,1,2,Powell
-5.4,False,132,13,218,1,2,Powell
-5.6,False,132,13,218,1,2,Powell
-5.8,False,132,13,218,1,2,Powell
-6.0,False,132,13,218,1,2,Powell
-6.2,False,132,13,218,1,2,Powell
-6.4,False,132,13,218,1,2,Powell
-6.6,False,132,13,218,1,2,Powell
-6.8,False,132,13,218,1,2,Powell
-7.0,False,132,13,218,1,2,Powell
-7.2,False,132,13,218,1,2,Powell
-7.4,False,132,13,218,1,2,Powell
-7.6,False,132,13,218,1,2,Powell
-7.8,False,132,13,218,1,2,Powell
-8.0,False,132,13,218,1,2,Powell
2.0,True,1,13,219,1,2,Powell
1.8,True,1,13,219,1,2,Powell
1.6,True,7,13,219,1,2,Powell
1.4,True,11,13,219,1,2,Powell
1.2,False,112,13,219,1,2,Powell
1.0,False,112,13,219,1,2,Powell
0.8,False,112,13,219,1,2,Powell
0.6,False,112,13,219,1,2,Powell
0.4,False,112,13,219,1,2,Powell
0.2,False,112,13,219,1,2,Powell
0.0,False,112,13,219,1,2,Powell
-0.2,False,112,13,219,1,2,Powell
-0.4,False,112,13,219,1,2,Powell
-0.6,False,112,13,219,1,2,Powell
-0.8,False,112,13,219,1,2,Powell
-1.0,False,112,13,219,1,2,Powell
-1.2,False,112,13,219,1,2,Powell
-1.4,False,112,13,219,1,2,Powell
-1.6,False,112,13,219,1,2,Powell
-1.8,False,112,13,219,1,2,Powell
-2.0,False,112,13,219,1,2,Powell
-2.2,False,112,13,219,1,2,Powell
-2.4,False,112,13,219,1,2,Powell
-2.6,False,112,13,219,1,2,Powell
-2.8,False,112,13,219,1,2,Powell
-3.0,False,112,13,219,1,2,Powell
-3.2,False,112,13,219,1,2,Powell
-3.4,False,112,13,219,1,2,Powell
-3.6,False,112,13,219,1,2,Powell
-3.8,False,112,13,219,1,2,Powell
-4.0,False,112,13,219,1,2,Powell
-4.2,False,112,13,219,1,2,Powell
-4.4,False,112,13,219,1,2,Powell
-4.6,False,112,13,219,1,2,Powell
-4.8,False,112,13,219,1,2,Powell
-5.0,False,112,13,219,1,2,Powell
-5.2,False,112,13,219,1,2,Powell
-5.4,False,112,13,219,1,2,Powell
-5.6,False,112,13,219,1,2,Powell
-5.8,False,112,13,219,1,2,Powell
-6.0,False,112,13,219,1,2,Powell
-6.2,False,112,13,219,1,2,Powell
-6.4,False,112,13,219,1,2,Powell
-6.6,False,112,13,219,1,2,Powell
-6.8,False,112,13,219,1,2,Powell
-7.0,False,112,13,219,1,2,Powell
-7.2,False,112,13,219,1,2,Powell
-7.4,False,112,13,219,1,2,Powell
-7.6,False,112,13,219,1,2,Powell
-7.8,False,112,13,219,1,2,Powell
-8.0,False,112,13,219,1,2,Powell
2.0,True,1,13,220,1,2,Powell
1.8,True,7,13,220,1,2,Powell
1.6,False,96,13,220,1,2,Powell
1.4,False,96,13,220,1,2,Powell
1.2,False,96,13,220,1,2,Powell
1.0,False,96,13,220,1,2,Powell
0.8,False,96,13,220,1,2,Powell
0.6,False,96,13,220,1,2,Powell
0.4,False,96,13,220,1,2,Powell
0.2,False,96,13,220,1,2,Powell
0.0,False,96,13,220,1,2,Powell
-0.2,False,96,13,220,1,2,Powell
-0.4,False,96,13,220,1,2,Powell
-0.6,False,96,13,220,1,2,Powell
-0.8,False,96,13,220,1,2,Powell
-1.0,False,96,13,220,1,2,Powell
-1.2,False,96,13,220,1,2,Powell
-1.4,False,96,13,220,1,2,Powell
-1.6,False,96,13,220,1,2,Powell
-1.8,False,96,13,220,1,2,Powell
-2.0,False,96,13,220,1,2,Powell
-2.2,False,96,13,220,1,2,Powell
-2.4,False,96,13,220,1,2,Powell
-2.6,False,96,13,220,1,2,Powell
-2.8,False,96,13,220,1,2,Powell
-3.0,False,96,13,220,1,2,Powell
-3.2,False,96,13,220,1,2,Powell
-3.4,False,96,13,220,1,2,Powell
-3.6,False,96,13,220,1,2,Powell
-3.8,False,96,13,220,1,2,Powell
-4.0,False,96,13,220,1,2,Powell
-4.2,False,96,13,220,1,2,Powell
-4.4,False,96,13,220,1,2,Powell
-4.6,False,96,13,220,1,2,Powell
-4.8,False,96,13,220,1,2,Powell
-5.0,False,96,13,220,1,2,Powell
-5.2,False,96,13,220,1,2,Powell
-5.4,False,96,13,220,1,2,Powell
-5.6,False,96,13,220,1,2,Powell
-5.8,False,96,13,220,1,2,Powell
-6.0,False,96,13,220,1,2,Powell
-6.2,False,96,13,220,1,2,Powell
-6.4,False,96,13,220,1,2,Powell
-6.6,False,96,13,220,1,2,Powell
-6.8,False,96,13,220,1,2,Powell
-7.0,False,96,13,220,1,2,Powell
-7.2,False,96,13,220,1,2,Powell
-7.4,False,96,13,220,1,2,Powell
-7.6,False,96,13,220,1,2,Powell
-7.8,False,96,13,220,1,2,Powell
-8.0,False,96,13,220,1,2,Powell
2.0,True,1,13,221,1,2,Powell
1.8,True,6,13,221,1,2,Powell
1.6,True,6,13,221,1,2,Powell
1.4,True,8,13,221,1,2,Powell
1.2,False,89,13,221,1,2,Powell
1.0,False,89,13,221,1,2,Powell
0.8,False,89,13,221,1,2,Powell
0.6,False,89,13,221,1,2,Powell
0.4,False,89,13,221,1,2,Powell
0.2,False,89,13,221,1,2,Powell
0.0,False,89,13,221,1,2,Powell
-0.2,False,89,13,221,1,2,Powell
-0.4,False,89,13,221,1,2,Powell
-0.6,False,89,13,221,1,2,Powell
-0.8,False,89,13,221,1,2,Powell
-1.0,False,89,13,221,1,2,Powell
-1.2,False,89,13,221,1,2,Powell
-1.4,False,89,13,221,1,2,Powell
-1.6,False,89,13,221,1,2,Powell
-1.8,False,89,13,221,1,2,Powell
-2.0,False,89,13,221,1,2,Powell
-2.2,False,89,13,221,1,2,Powell
-2.4,False,89,13,221,1,2,Powell
-2.6,False,89,13,221,1,2,Powell
-2.8,False,89,13,221,1,2,Powell
-3.0,False,89,13,221,1,2,Powell
-3.2,False,89,13,221,1,2,Powell
-3.4,False,89,13,221,1,2,Powell
-3.6,False,89,13,221,1,2,Powell
-3.8,False,89,13,221,1,2,Powell
-4.0,False,89,13,221,1,2,Powell
-4.2,False,89,13,221,1,2,Powell
-4.4,False,89,13,221,1,2,Powell
-4.6,False,89,13,221,1,2,Powell
-4.8,False,89,13,221,1,2,Powell
-5.0,False,89,13,221,1,2,Powell
-5.2,False,89,13,221,1,2,Powell
-5.4,False,89,13,221,1,2,Powell
-5.6,False,89,13,221,1,2,Powell
-5.8,False,89,13,221,1,2,Powell
-6.0,False,89,13,221,1,2,Powell
-6.2,False,89,13,221,1,2,Powell
-6.4,False,89,13,221,1,2,Powell
-6.6,False,89,13,221,1,2,Powell
-6.8,False,89,13,221,1,2,Powell
-7.0,False,89,13,221,1,2,Powell
-7.2,False,89,13,221,1,2,Powell
-7.4,False,89,13,221,1,2,Powell
-7.6,False,89,13,221,1,2,Powell
-7.8,False,89,13,221,1,2,Powell
-8.0,False,89,13,221,1,2,Powell
2.0,True,43,13,222,1,2,Powell
1.8,True,51,13,222,1,2,Powell
1.6,True,54,13,222,1,2,Powell
1.4,True,54,13,222,1,2,Powell
1.2,True,54,13,222,1,2,Powell
1.0,True,54,13,222,1,2,Powell
0.8,True,54,13,222,1,2,Powell
0.6,True,54,13,222,1,2,Powell
0.4,True,55,13,222,1,2,Powell
0.2,True,55,13,222,1,2,Powell
0.0,True,68,13,222,1,2,Powell
-0.2,True,68,13,222,1,2,Powell
-0.4,True,68,13,222,1,2,Powell
-0.6,True,68,13,222,1,2,Powell
-0.8,True,68,13,222,1,2,Powell
-1.0,True,68,13,222,1,2,Powell
-1.2,True,68,13,222,1,2,Powell
-1.4,True,68,13,222,1,2,Powell
-1.6,True,68,13,222,1,2,Powell
-1.8,True,68,13,222,1,2,Powell
-2.0,True,73,13,222,1,2,Powell
-2.2,True,82,13,222,1,2,Powell
-2.4,False,161,13,222,1,2,Powell
-2.6,False,161,13,222,1,2,Powell
-2.8,False,161,13,222,1,2,Powell
-3.0,False,161,13,222,1,2,Powell
-3.2,False,161,13,222,1,2,Powell
-3.4,False,161,13,222,1,2,Powell
-3.6,False,161,13,222,1,2,Powell
-3.8,False,161,13,222,1,2,Powell
-4.0,False,161,13,222,1,2,Powell
-4.2,False,161,13,222,1,2,Powell
-4.4,False,161,13,222,1,2,Powell
-4.6,False,161,13,222,1,2,Powell
-4.8,False,161,13,222,1,2,Powell
-5.0,False,161,13,222,1,2,Powell
-5.2,False,161,13,222,1,2,Powell
-5.4,False,161,13,222,1,2,Powell
-5.6,False,161,13,222,1,2,Powell
-5.8,False,161,13,222,1,2,Powell
-6.0,False,161,13,222,1,2,Powell
-6.2,False,161,13,222,1,2,Powell
-6.4,False,161,13,222,1,2,Powell
-6.6,False,161,13,222,1,2,Powell
-6.8,False,161,13,222,1,2,Powell
-7.0,False,161,13,222,1,2,Powell
-7.2,False,161,13,222,1,2,Powell
-7.4,False,161,13,222,1,2,Powell
-7.6,False,161,13,222,1,2,Powell
-7.8,False,161,13,222,1,2,Powell
-8.0,False,161,13,222,1,2,Powell
2.0,True,36,13,223,1,2,Powell
1.8,True,46,13,223,1,2,Powell
1.6,True,49,13,223,1,2,Powell
1.4,True,49,13,223,1,2,Powell
1.2,True,50,13,223,1,2,Powell
1.0,True,50,13,223,1,2,Powell
0.8,True,50,13,223,1,2,Powell
0.6,True,50,13,223,1,2,Powell
0.4,True,61,13,223,1,2,Powell
0.2,True,62,13,223,1,2,Powell
0.0,True,62,13,223,1,2,Powell
-0.2,True,64,13,223,1,2,Powell
-0.4,True,64,13,223,1,2,Powell
-0.6,True,64,13,223,1,2,Powell
-0.8,True,64,13,223,1,2,Powell
-1.0,True,66,13,223,1,2,Powell
-1.2,True,66,13,223,1,2,Powell
-1.4,True,66,13,223,1,2,Powell
-1.6,True,66,13,223,1,2,Powell
-1.8,True,66,13,223,1,2,Powell
-2.0,True,66,13,223,1,2,Powell
-2.2,True,78,13,223,1,2,Powell
-2.4,True,78,13,223,1,2,Powell
-2.6,True,79,13,223,1,2,Powell
-2.8,True,81,13,223,1,2,Powell
-3.0,True,81,13,223,1,2,Powell
-3.2,True,85,13,223,1,2,Powell
-3.4,False,137,13,223,1,2,Powell
-3.6,False,137,13,223,1,2,Powell
-3.8,False,137,13,223,1,2,Powell
-4.0,False,137,13,223,1,2,Powell
-4.2,False,137,13,223,1,2,Powell
-4.4,False,137,13,223,1,2,Powell
-4.6,False,137,13,223,1,2,Powell
-4.8,False,137,13,223,1,2,Powell
-5.0,False,137,13,223,1,2,Powell
-5.2,False,137,13,223,1,2,Powell
-5.4,False,137,13,223,1,2,Powell
-5.6,False,137,13,223,1,2,Powell
-5.8,False,137,13,223,1,2,Powell
-6.0,False,137,13,223,1,2,Powell
-6.2,False,137,13,223,1,2,Powell
-6.4,False,137,13,223,1,2,Powell
-6.6,False,137,13,223,1,2,Powell
-6.8,False,137,13,223,1,2,Powell
-7.0,False,137,13,223,1,2,Powell
-7.2,False,137,13,223,1,2,Powell
-7.4,False,137,13,223,1,2,Powell
-7.6,False,137,13,223,1,2,Powell
-7.8,False,137,13,223,1,2,Powell
-8.0,False,137,13,223,1,2,Powell
2.0,True,4,13,224,1,2,Powell
1.8,True,4,13,224,1,2,Powell
1.6,True,11,13,224,1,2,Powell
1.4,True,11,13,224,1,2,Powell
1.2,True,13,13,224,1,2,Powell
1.0,True,13,13,224,1,2,Powell
0.8,False,109,13,224,1,2,Powell
0.6,False,109,13,224,1,2,Powell
0.4,False,109,13,224,1,2,Powell
0.2,False,109,13,224,1,2,Powell
0.0,False,109,13,224,1,2,Powell
-0.2,False,109,13,224,1,2,Powell
-0.4,False,109,13,224,1,2,Powell
-0.6,False,109,13,224,1,2,Powell
-0.8,False,109,13,224,1,2,Powell
-1.0,False,109,13,224,1,2,Powell
-1.2,False,109,13,224,1,2,Powell
-1.4,False,109,13,224,1,2,Powell
-1.6,False,109,13,224,1,2,Powell
-1.8,False,109,13,224,1,2,Powell
-2.0,False,109,13,224,1,2,Powell
-2.2,False,109,13,224,1,2,Powell
-2.4,False,109,13,224,1,2,Powell
-2.6,False,109,13,224,1,2,Powell
-2.8,False,109,13,224,1,2,Powell
-3.0,False,109,13,224,1,2,Powell
-3.2,False,109,13,224,1,2,Powell
-3.4,False,109,13,224,1,2,Powell
-3.6,False,109,13,224,1,2,Powell
-3.8,False,109,13,224,1,2,Powell
-4.0,False,109,13,224,1,2,Powell
-4.2,False,109,13,224,1,2,Powell
-4.4,False,109,13,224,1,2,Powell
-4.6,False,109,13,224,1,2,Powell
-4.8,False,109,13,224,1,2,Powell
-5.0,False,109,13,224,1,2,Powell
-5.2,False,109,13,224,1,2,Powell
-5.4,False,109,13,224,1,2,Powell
-5.6,False,109,13,224,1,2,Powell
-5.8,False,109,13,224,1,2,Powell
-6.0,False,109,13,224,1,2,Powell
-6.2,False,109,13,224,1,2,Powell
-6.4,False,109,13,224,1,2,Powell
-6.6,False,109,13,224,1,2,Powell
-6.8,False,109,13,224,1,2,Powell
-7.0,False,109,13,224,1,2,Powell
-7.2,False,109,13,224,1,2,Powell
-7.4,False,109,13,224,1,2,Powell
-7.6,False,109,13,224,1,2,Powell
-7.8,False,109,13,224,1,2,Powell
-8.0,False,109,13,224,1,2,Powell
2.0,False,159,13,225,1,2,Powell
1.8,False,159,13,225,1,2,Powell
1.6,False,159,13,225,1,2,Powell
1.4,False,159,13,225,1,2,Powell
1.2,False,159,13,225,1,2,Powell
1.0,False,159,13,225,1,2,Powell
0.8,False,159,13,225,1,2,Powell
0.6,False,159,13,225,1,2,Powell
0.4,False,159,13,225,1,2,Powell
0.2,False,159,13,225,1,2,Powell
0.0,False,159,13,225,1,2,Powell
-0.2,False,159,13,225,1,2,Powell
-0.4,False,159,13,225,1,2,Powell
-0.6,False,159,13,225,1,2,Powell
-0.8,False,159,13,225,1,2,Powell
-1.0,False,159,13,225,1,2,Powell
-1.2,False,159,13,225,1,2,Powell
-1.4,False,159,13,225,1,2,Powell
-1.6,False,159,13,225,1,2,Powell
-1.8,False,159,13,225,1,2,Powell
-2.0,False,159,13,225,1,2,Powell
-2.2,False,159,13,225,1,2,Powell
-2.4,False,159,13,225,1,2,Powell
-2.6,False,159,13,225,1,2,Powell
-2.8,False,159,13,225,1,2,Powell
-3.0,False,159,13,225,1,2,Powell
-3.2,False,159,13,225,1,2,Powell
-3.4,False,159,13,225,1,2,Powell
-3.6,False,159,13,225,1,2,Powell
-3.8,False,159,13,225,1,2,Powell
-4.0,False,159,13,225,1,2,Powell
-4.2,False,159,13,225,1,2,Powell
-4.4,False,159,13,225,1,2,Powell
-4.6,False,159,13,225,1,2,Powell
-4.8,False,159,13,225,1,2,Powell
-5.0,False,159,13,225,1,2,Powell
-5.2,False,159,13,225,1,2,Powell
-5.4,False,159,13,225,1,2,Powell
-5.6,False,159,13,225,1,2,Powell
-5.8,False,159,13,225,1,2,Powell
-6.0,False,159,13,225,1,2,Powell
-6.2,False,159,13,225,1,2,Powell
-6.4,False,159,13,225,1,2,Powell
-6.6,False,159,13,225,1,2,Powell
-6.8,False,159,13,225,1,2,Powell
-7.0,False,159,13,225,1,2,Powell
-7.2,False,159,13,225,1,2,Powell
-7.4,False,159,13,225,1,2,Powell
-7.6,False,159,13,225,1,2,Powell
-7.8,False,159,13,225,1,2,Powell
-8.0,False,159,13,225,1,2,Powell
2.0,True,5,13,226,1,2,Powell
1.8,True,5,13,226,1,2,Powell
1.6,True,5,13,226,1,2,Powell
1.4,True,7,13,226,1,2,Powell
1.2,False,119,13,226,1,2,Powell
1.0,False,119,13,226,1,2,Powell
0.8,False,119,13,226,1,2,Powell
0.6,False,119,13,226,1,2,Powell
0.4,False,119,13,226,1,2,Powell
0.2,False,119,13,226,1,2,Powell
0.0,False,119,13,226,1,2,Powell
-0.2,False,119,13,226,1,2,Powell
-0.4,False,119,13,226,1,2,Powell
-0.6,False,119,13,226,1,2,Powell
-0.8,False,119,13,226,1,2,Powell
-1.0,False,119,13,226,1,2,Powell
-1.2,False,119,13,226,1,2,Powell
-1.4,False,119,13,226,1,2,Powell
-1.6,False,119,13,226,1,2,Powell
-1.8,False,119,13,226,1,2,Powell
-2.0,False,119,13,226,1,2,Powell
-2.2,False,119,13,226,1,2,Powell
-2.4,False,119,13,226,1,2,Powell
-2.6,False,119,13,226,1,2,Powell
-2.8,False,119,13,226,1,2,Powell
-3.0,False,119,13,226,1,2,Powell
-3.2,False,119,13,226,1,2,Powell
-3.4,False,119,13,226,1,2,Powell
-3.6,False,119,13,226,1,2,Powell
-3.8,False,119,13,226,1,2,Powell
-4.0,False,119,13,226,1,2,Powell
-4.2,False,119,13,226,1,2,Powell
-4.4,False,119,13,226,1,2,Powell
-4.6,False,119,13,226,1,2,Powell
-4.8,False,119,13,226,1,2,Powell
-5.0,False,119,13,226,1,2,Powell
-5.2,False,119,13,226,1,2,Powell
-5.4,False,119,13,226,1,2,Powell
-5.6,False,119,13,226,1,2,Powell
-5.8,False,119,13,226,1,2,Powell
-6.0,False,119,13,226,1,2,Powell
-6.2,False,119,13,226,1,2,Powell
-6.4,False,119,13,226,1,2,Powell
-6.6,False,119,13,226,1,2,Powell
-6.8,False,119,13,226,1,2,Powell
-7.0,False,119,13,226,1,2,Powell
-7.2,False,119,13,226,1,2,Powell
-7.4,False,119,13,226,1,2,Powell
-7.6,False,119,13,226,1,2,Powell
-7.8,False,119,13,226,1,2,Powell
-8.0,False,119,13,226,1,2,Powell
2.0,True,4,13,227,1,2,Powell
1.8,True,10,13,227,1,2,Powell
1.6,True,10,13,227,1,2,Powell
1.4,True,12,13,227,1,2,Powell
1.2,False,82,13,227,1,2,Powell
1.0,False,82,13,227,1,2,Powell
0.8,False,82,13,227,1,2,Powell
0.6,False,82,13,227,1,2,Powell
0.4,False,82,13,227,1,2,Powell
0.2,False,82,13,227,1,2,Powell
0.0,False,82,13,227,1,2,Powell
-0.2,False,82,13,227,1,2,Powell
-0.4,False,82,13,227,1,2,Powell
-0.6,False,82,13,227,1,2,Powell
-0.8,False,82,13,227,1,2,Powell
-1.0,False,82,13,227,1,2,Powell
-1.2,False,82,13,227,1,2,Powell
-1.4,False,82,13,227,1,2,Powell
-1.6,False,82,13,227,1,2,Powell
-1.8,False,82,13,227,1,2,Powell
-2.0,False,82,13,227,1,2,Powell
-2.2,False,82,13,227,1,2,Powell
-2.4,False,82,13,227,1,2,Powell
-2.6,False,82,13,227,1,2,Powell
-2.8,False,82,13,227,1,2,Powell
-3.0,False,82,13,227,1,2,Powell
-3.2,False,82,13,227,1,2,Powell
-3.4,False,82,13,227,1,2,Powell
-3.6,False,82,13,227,1,2,Powell
-3.8,False,82,13,227,1,2,Powell
-4.0,False,82,13,227,1,2,Powell
-4.2,False,82,13,227,1,2,Powell
-4.4,False,82,13,227,1,2,Powell
-4.6,False,82,13,227,1,2,Powell
-4.8,False,82,13,227,1,2,Powell
-5.0,False,82,13,227,1,2,Powell
-5.2,False,82,13,227,1,2,Powell
-5.4,False,82,13,227,1,2,Powell
-5.6,False,82,13,227,1,2,Powell
-5.8,False,82,13,227,1,2,Powell
-6.0,False,82,13,227,1,2,Powell
-6.2,False,82,13,227,1,2,Powell
-6.4,False,82,13,227,1,2,Powell
-6.6,False,82,13,227,1,2,Powell
-6.8,False,82,13,227,1,2,Powell
-7.0,False,82,13,227,1,2,Powell
-7.2,False,82,13,227,1,2,Powell
-7.4,False,82,13,227,1,2,Powell
-7.6,False,82,13,227,1,2,Powell
-7.8,False,82,13,227,1,2,Powell
-8.0,False,82,13,227,1,2,Powell
2.0,True,5,13,228,1,2,Powell
1.8,True,5,13,228,1,2,Powell
1.6,True,5,13,228,1,2,Powell
1.4,True,8,13,228,1,2,Powell
1.2,True,8,13,228,1,2,Powell
1.0,True,9,13,228,1,2,Powell
0.8,False,126,13,228,1,2,Powell
0.6,False,126,13,228,1,2,Powell
0.4,False,126,13,228,1,2,Powell
0.2,False,126,13,228,1,2,Powell
0.0,False,126,13,228,1,2,Powell
-0.2,False,126,13,228,1,2,Powell
-0.4,False,126,13,228,1,2,Powell
-0.6,False,126,13,228,1,2,Powell
-0.8,False,126,13,228,1,2,Powell
-1.0,False,126,13,228,1,2,Powell
-1.2,False,126,13,228,1,2,Powell
-1.4,False,126,13,228,1,2,Powell
-1.6,False,126,13,228,1,2,Powell
-1.8,False,126,13,228,1,2,Powell
-2.0,False,126,13,228,1,2,Powell
-2.2,False,126,13,228,1,2,Powell
-2.4,False,126,13,228,1,2,Powell
-2.6,False,126,13,228,1,2,Powell
-2.8,False,126,13,228,1,2,Powell
-3.0,False,126,13,228,1,2,Powell
-3.2,False,126,13,228,1,2,Powell
-3.4,False,126,13,228,1,2,Powell
-3.6,False,126,13,228,1,2,Powell
-3.8,False,126,13,228,1,2,Powell
-4.0,False,126,13,228,1,2,Powell
-4.2,False,126,13,228,1,2,Powell
-4.4,False,126,13,228,1,2,Powell
-4.6,False,126,13,228,1,2,Powell
-4.8,False,126,13,228,1,2,Powell
-5.0,False,126,13,228,1,2,Powell
-5.2,False,126,13,228,1,2,Powell
-5.4,False,126,13,228,1,2,Powell
-5.6,False,126,13,228,1,2,Powell
-5.8,False,126,13,228,1,2,Powell
-6.0,False,126,13,228,1,2,Powell
-6.2,False,126,13,228,1,2,Powell
-6.4,False,126,13,228,1,2,Powell
-6.6,False,126,13,228,1,2,Powell
-6.8,False,126,13,228,1,2,Powell
-7.0,False,126,13,228,1,2,Powell
-7.2,False,126,13,228,1,2,Powell
-7.4,False,126,13,228,1,2,Powell
-7.6,False,126,13,228,1,2,Powell
-7.8,False,126,13,228,1,2,Powell
-8.0,False,126,13,228,1,2,Powell
2.0,False,147,13,229,1,2,Powell
1.8,False,147,13,229,1,2,Powell
1.6,False,147,13,229,1,2,Powell
1.4,False,147,13,229,1,2,Powell
1.2,False,147,13,229,1,2,Powell
1.0,False,147,13,229,1,2,Powell
0.8,False,147,13,229,1,2,Powell
0.6,False,147,13,229,1,2,Powell
0.4,False,147,13,229,1,2,Powell
0.2,False,147,13,229,1,2,Powell
0.0,False,147,13,229,1,2,Powell
-0.2,False,147,13,229,1,2,Powell
-0.4,False,147,13,229,1,2,Powell
-0.6,False,147,13,229,1,2,Powell
-0.8,False,147,13,229,1,2,Powell
-1.0,False,147,13,229,1,2,Powell
-1.2,False,147,13,229,1,2,Powell
-1.4,False,147,13,229,1,2,Powell
-1.6,False,147,13,229,1,2,Powell
-1.8,False,147,13,229,1,2,Powell
-2.0,False,147,13,229,1,2,Powell
-2.2,False,147,13,229,1,2,Powell
-2.4,False,147,13,229,1,2,Powell
-2.6,False,147,13,229,1,2,Powell
-2.8,False,147,13,229,1,2,Powell
-3.0,False,147,13,229,1,2,Powell
-3.2,False,147,13,229,1,2,Powell
-3.4,False,147,13,229,1,2,Powell
-3.6,False,147,13,229,1,2,Powell
-3.8,False,147,13,229,1,2,Powell
-4.0,False,147,13,229,1,2,Powell
-4.2,False,147,13,229,1,2,Powell
-4.4,False,147,13,229,1,2,Powell
-4.6,False,147,13,229,1,2,Powell
-4.8,False,147,13,229,1,2,Powell
-5.0,False,147,13,229,1,2,Powell
-5.2,False,147,13,229,1,2,Powell
-5.4,False,147,13,229,1,2,Powell
-5.6,False,147,13,229,1,2,Powell
-5.8,False,147,13,229,1,2,Powell
-6.0,False,147,13,229,1,2,Powell
-6.2,False,147,13,229,1,2,Powell
-6.4,False,147,13,229,1,2,Powell
-6.6,False,147,13,229,1,2,Powell
-6.8,False,147,13,229,1,2,Powell
-7.0,False,147,13,229,1,2,Powell
-7.2,False,147,13,229,1,2,Powell
-7.4,False,147,13,229,1,2,Powell
-7.6,False,147,13,229,1,2,Powell
-7.8,False,147,13,229,1,2,Powell
-8.0,False,147,13,229,1,2,Powell
2.0,True,11,13,230,1,2,Powell
1.8,True,11,13,230,1,2,Powell
1.6,True,11,13,230,1,2,Powell
1.4,True,11,13,230,1,2,Powell
1.2,True,11,13,230,1,2,Powell
1.0,True,11,13,230,1,2,Powell
0.8,False,157,13,230,1,2,Powell
0.6,False,157,13,230,1,2,Powell
0.4,False,157,13,230,1,2,Powell
0.2,False,157,13,230,1,2,Powell
0.0,False,157,13,230,1,2,Powell
-0.2,False,157,13,230,1,2,Powell
-0.4,False,157,13,230,1,2,Powell
-0.6,False,157,13,230,1,2,Powell
-0.8,False,157,13,230,1,2,Powell
-1.0,False,157,13,230,1,2,Powell
-1.2,False,157,13,230,1,2,Powell
-1.4,False,157,13,230,1,2,Powell
-1.6,False,157,13,230,1,2,Powell
-1.8,False,157,13,230,1,2,Powell
-2.0,False,157,13,230,1,2,Powell
-2.2,False,157,13,230,1,2,Powell
-2.4,False,157,13,230,1,2,Powell
-2.6,False,157,13,230,1,2,Powell
-2.8,False,157,13,230,1,2,Powell
-3.0,False,157,13,230,1,2,Powell
-3.2,False,157,13,230,1,2,Powell
-3.4,False,157,13,230,1,2,Powell
-3.6,False,157,13,230,1,2,Powell
-3.8,False,157,13,230,1,2,Powell
-4.0,False,157,13,230,1,2,Powell
-4.2,False,157,13,230,1,2,Powell
-4.4,False,157,13,230,1,2,Powell
-4.6,False,157,13,230,1,2,Powell
-4.8,False,157,13,230,1,2,Powell
-5.0,False,157,13,230,1,2,Powell
-5.2,False,157,13,230,1,2,Powell
-5.4,False,157,13,230,1,2,Powell
-5.6,False,157,13,230,1,2,Powell
-5.8,False,157,13,230,1,2,Powell
-6.0,False,157,13,230,1,2,Powell
-6.2,False,157,13,230,1,2,Powell
-6.4,False,157,13,230,1,2,Powell
-6.6,False,157,13,230,1,2,Powell
-6.8,False,157,13,230,1,2,Powell
-7.0,False,157,13,230,1,2,Powell
-7.2,False,157,13,230,1,2,Powell
-7.4,False,157,13,230,1,2,Powell
-7.6,False,157,13,230,1,2,Powell
-7.8,False,157,13,230,1,2,Powell
-8.0,False,157,13,230,1,2,Powell
2.0,True,7,13,231,1,2,Powell
1.8,True,7,13,231,1,2,Powell
1.6,True,11,13,231,1,2,Powell
1.4,True,11,13,231,1,2,Powell
1.2,False,148,13,231,1,2,Powell
1.0,False,148,13,231,1,2,Powell
0.8,False,148,13,231,1,2,Powell
0.6,False,148,13,231,1,2,Powell
0.4,False,148,13,231,1,2,Powell
0.2,False,148,13,231,1,2,Powell
0.0,False,148,13,231,1,2,Powell
-0.2,False,148,13,231,1,2,Powell
-0.4,False,148,13,231,1,2,Powell
-0.6,False,148,13,231,1,2,Powell
-0.8,False,148,13,231,1,2,Powell
-1.0,False,148,13,231,1,2,Powell
-1.2,False,148,13,231,1,2,Powell
-1.4,False,148,13,231,1,2,Powell
-1.6,False,148,13,231,1,2,Powell
-1.8,False,148,13,231,1,2,Powell
-2.0,False,148,13,231,1,2,Powell
-2.2,False,148,13,231,1,2,Powell
-2.4,False,148,13,231,1,2,Powell
-2.6,False,148,13,231,1,2,Powell
-2.8,False,148,13,231,1,2,Powell
-3.0,False,148,13,231,1,2,Powell
-3.2,False,148,13,231,1,2,Powell
-3.4,False,148,13,231,1,2,Powell
-3.6,False,148,13,231,1,2,Powell
-3.8,False,148,13,231,1,2,Powell
-4.0,False,148,13,231,1,2,Powell
-4.2,False,148,13,231,1,2,Powell
-4.4,False,148,13,231,1,2,Powell
-4.6,False,148,13,231,1,2,Powell
-4.8,False,148,13,231,1,2,Powell
-5.0,False,148,13,231,1,2,Powell
-5.2,False,148,13,231,1,2,Powell
-5.4,False,148,13,231,1,2,Powell
-5.6,False,148,13,231,1,2,Powell
-5.8,False,148,13,231,1,2,Powell
-6.0,False,148,13,231,1,2,Powell
-6.2,False,148,13,231,1,2,Powell
-6.4,False,148,13,231,1,2,Powell
-6.6,False,148,13,231,1,2,Powell
-6.8,False,148,13,231,1,2,Powell
-7.0,False,148,13,231,1,2,Powell
-7.2,False,148,13,231,1,2,Powell
-7.4,False,148,13,231,1,2,Powell
-7.6,False,148,13,231,1,2,Powell
-7.8,False,148,13,231,1,2,Powell
-8.0,False,148,13,231,1,2,Powell
2.0,True,12,13,232,1,2,Powell
1.8,True,17,13,232,1,2,Powell
1.6,True,17,13,232,1,2,Powell
1.4,True,17,13,232,1,2,Powell
1.2,True,21,13,232,1,2,Powell
1.0,True,29,13,232,1,2,Powell
0.8,False,173,13,232,1,2,Powell
0.6,False,173,13,232,1,2,Powell
0.4,False,173,13,232,1,2,Powell
0.2,False,173,13,232,1,2,Powell
0.0,False,173,13,232,1,2,Powell
-0.2,False,173,13,232,1,2,Powell
-0.4,False,173,13,232,1,2,Powell
-0.6,False,173,13,232,1,2,Powell
-0.8,False,173,13,232,1,2,Powell
-1.0,False,173,13,232,1,2,Powell
-1.2,False,173,13,232,1,2,Powell
-1.4,False,173,13,232,1,2,Powell
-1.6,False,173,13,232,1,2,Powell
-1.8,False,173,13,232,1,2,Powell
-2.0,False,173,13,232,1,2,Powell
-2.2,False,173,13,232,1,2,Powell
-2.4,False,173,13,232,1,2,Powell
-2.6,False,173,13,232,1,2,Powell
-2.8,False,173,13,232,1,2,Powell
-3.0,False,173,13,232,1,2,Powell
-3.2,False,173,13,232,1,2,Powell
-3.4,False,173,13,232,1,2,Powell
-3.6,False,173,13,232,1,2,Powell
-3.8,False,173,13,232,1,2,Powell
-4.0,False,173,13,232,1,2,Powell
-4.2,False,173,13,232,1,2,Powell
-4.4,False,173,13,232,1,2,Powell
-4.6,False,173,13,232,1,2,Powell
-4.8,False,173,13,232,1,2,Powell
-5.0,False,173,13,232,1,2,Powell
-5.2,False,173,13,232,1,2,Powell
-5.4,False,173,13,232,1,2,Powell
-5.6,False,173,13,232,1,2,Powell
-5.8,False,173,13,232,1,2,Powell
-6.0,False,173,13,232,1,2,Powell
-6.2,False,173,13,232,1,2,Powell
-6.4,False,173,13,232,1,2,Powell
-6.6,False,173,13,232,1,2,Powell
-6.8,False,173,13,232,1,2,Powell
-7.0,False,173,13,232,1,2,Powell
-7.2,False,173,13,232,1,2,Powell
-7.4,False,173,13,232,1,2,Powell
-7.6,False,173,13,232,1,2,Powell
-7.8,False,173,13,232,1,2,Powell
-8.0,False,173,13,232,1,2,Powell
2.0,True,21,13,233,1,2,Powell
1.8,True,22,13,233,1,2,Powell
1.6,True,25,13,233,1,2,Powell
1.4,False,151,13,233,1,2,Powell
1.2,False,151,13,233,1,2,Powell
1.0,False,151,13,233,1,2,Powell
0.8,False,151,13,233,1,2,Powell
0.6,False,151,13,233,1,2,Powell
0.4,False,151,13,233,1,2,Powell
0.2,False,151,13,233,1,2,Powell
0.0,False,151,13,233,1,2,Powell
-0.2,False,151,13,233,1,2,Powell
-0.4,False,151,13,233,1,2,Powell
-0.6,False,151,13,233,1,2,Powell
-0.8,False,151,13,233,1,2,Powell
-1.0,False,151,13,233,1,2,Powell
-1.2,False,151,13,233,1,2,Powell
-1.4,False,151,13,233,1,2,Powell
-1.6,False,151,13,233,1,2,Powell
-1.8,False,151,13,233,1,2,Powell
-2.0,False,151,13,233,1,2,Powell
-2.2,False,151,13,233,1,2,Powell
-2.4,False,151,13,233,1,2,Powell
-2.6,False,151,13,233,1,2,Powell
-2.8,False,151,13,233,1,2,Powell
-3.0,False,151,13,233,1,2,Powell
-3.2,False,151,13,233,1,2,Powell
-3.4,False,151,13,233,1,2,Powell
-3.6,False,151,13,233,1,2,Powell
-3.8,False,151,13,233,1,2,Powell
-4.0,False,151,13,233,1,2,Powell
-4.2,False,151,13,233,1,2,Powell
-4.4,False,151,13,233,1,2,Powell
-4.6,False,151,13,233,1,2,Powell
-4.8,False,151,13,233,1,2,Powell
-5.0,False,151,13,233,1,2,Powell
-5.2,False,151,13,233,1,2,Powell
-5.4,False,151,13,233,1,2,Powell
-5.6,False,151,13,233,1,2,Powell
-5.8,False,151,13,233,1,2,Powell
-6.0,False,151,13,233,1,2,Powell
-6.2,False,151,13,233,1,2,Powell
-6.4,False,151,13,233,1,2,Powell
-6.6,False,151,13,233,1,2,Powell
-6.8,False,151,13,233,1,2,Powell
-7.0,False,151,13,233,1,2,Powell
-7.2,False,151,13,233,1,2,Powell
-7.4,False,151,13,233,1,2,Powell
-7.6,False,151,13,233,1,2,Powell
-7.8,False,151,13,233,1,2,Powell
-8.0,False,151,13,233,1,2,Powell
2.0,True,15,13,234,1,2,Powell
1.8,True,15,13,234,1,2,Powell
1.6,False,109,13,234,1,2,Powell
1.4,False,109,13,234,1,2,Powell
1.2,False,109,13,234,1,2,Powell
1.0,False,109,13,234,1,2,Powell
0.8,False,109,13,234,1,2,Powell
0.6,False,109,13,234,1,2,Powell
0.4,False,109,13,234,1,2,Powell
0.2,False,109,13,234,1,2,Powell
0.0,False,109,13,234,1,2,Powell
-0.2,False,109,13,234,1,2,Powell
-0.4,False,109,13,234,1,2,Powell
-0.6,False,109,13,234,1,2,Powell
-0.8,False,109,13,234,1,2,Powell
-1.0,False,109,13,234,1,2,Powell
-1.2,False,109,13,234,1,2,Powell
-1.4,False,109,13,234,1,2,Powell
-1.6,False,109,13,234,1,2,Powell
-1.8,False,109,13,234,1,2,Powell
-2.0,False,109,13,234,1,2,Powell
-2.2,False,109,13,234,1,2,Powell
-2.4,False,109,13,234,1,2,Powell
-2.6,False,109,13,234,1,2,Powell
-2.8,False,109,13,234,1,2,Powell
-3.0,False,109,13,234,1,2,Powell
-3.2,False,109,13,234,1,2,Powell
-3.4,False,109,13,234,1,2,Powell
-3.6,False,109,13,234,1,2,Powell
-3.8,False,109,13,234,1,2,Powell
-4.0,False,109,13,234,1,2,Powell
-4.2,False,109,13,234,1,2,Powell
-4.4,False,109,13,234,1,2,Powell
-4.6,False,109,13,234,1,2,Powell
-4.8,False,109,13,234,1,2,Powell
-5.0,False,109,13,234,1,2,Powell
-5.2,False,109,13,234,1,2,Powell
-5.4,False,109,13,234,1,2,Powell
-5.6,False,109,13,234,1,2,Powell
-5.8,False,109,13,234,1,2,Powell
-6.0,False,109,13,234,1,2,Powell
-6.2,False,109,13,234,1,2,Powell
-6.4,False,109,13,234,1,2,Powell
-6.6,False,109,13,234,1,2,Powell
-6.8,False,109,13,234,1,2,Powell
-7.0,False,109,13,234,1,2,Powell
-7.2,False,109,13,234,1,2,Powell
-7.4,False,109,13,234,1,2,Powell
-7.6,False,109,13,234,1,2,Powell
-7.8,False,109,13,234,1,2,Powell
-8.0,False,109,13,234,1,2,Powell
2.0,True,9,13,235,1,2,Powell
1.8,True,10,13,235,1,2,Powell
1.6,True,12,13,235,1,2,Powell
1.4,True,12,13,235,1,2,Powell
1.2,True,12,13,235,1,2,Powell
1.0,False,87,13,235,1,2,Powell
0.8,False,87,13,235,1,2,Powell
0.6,False,87,13,235,1,2,Powell
0.4,False,87,13,235,1,2,Powell
0.2,False,87,13,235,1,2,Powell
0.0,False,87,13,235,1,2,Powell
-0.2,False,87,13,235,1,2,Powell
-0.4,False,87,13,235,1,2,Powell
-0.6,False,87,13,235,1,2,Powell
-0.8,False,87,13,235,1,2,Powell
-1.0,False,87,13,235,1,2,Powell
-1.2,False,87,13,235,1,2,Powell
-1.4,False,87,13,235,1,2,Powell
-1.6,False,87,13,235,1,2,Powell
-1.8,False,87,13,235,1,2,Powell
-2.0,False,87,13,235,1,2,Powell
-2.2,False,87,13,235,1,2,Powell
-2.4,False,87,13,235,1,2,Powell
-2.6,False,87,13,235,1,2,Powell
-2.8,False,87,13,235,1,2,Powell
-3.0,False,87,13,235,1,2,Powell
-3.2,False,87,13,235,1,2,Powell
-3.4,False,87,13,235,1,2,Powell
-3.6,False,87,13,235,1,2,Powell
-3.8,False,87,13,235,1,2,Powell
-4.0,False,87,13,235,1,2,Powell
-4.2,False,87,13,235,1,2,Powell
-4.4,False,87,13,235,1,2,Powell
-4.6,False,87,13,235,1,2,Powell
-4.8,False,87,13,235,1,2,Powell
-5.0,False,87,13,235,1,2,Powell
-5.2,False,87,13,235,1,2,Powell
-5.4,False,87,13,235,1,2,Powell
-5.6,False,87,13,235,1,2,Powell
-5.8,False,87,13,235,1,2,Powell
-6.0,False,87,13,235,1,2,Powell
-6.2,False,87,13,235,1,2,Powell
-6.4,False,87,13,235,1,2,Powell
-6.6,False,87,13,235,1,2,Powell
-6.8,False,87,13,235,1,2,Powell
-7.0,False,87,13,235,1,2,Powell
-7.2,False,87,13,235,1,2,Powell
-7.4,False,87,13,235,1,2,Powell
-7.6,False,87,13,235,1,2,Powell
-7.8,False,87,13,235,1,2,Powell
-8.0,False,87,13,235,1,2,Powell
2.0,False,102,13,236,1,2,Powell
1.8,False,102,13,236,1,2,Powell
1.6,False,102,13,236,1,2,Powell
1.4,False,102,13,236,1,2,Powell
1.2,False,102,13,236,1,2,Powell
1.0,False,102,13,236,1,2,Powell
0.8,False,102,13,236,1,2,Powell
0.6,False,102,13,236,1,2,Powell
0.4,False,102,13,236,1,2,Powell
0.2,False,102,13,236,1,2,Powell
0.0,False,102,13,236,1,2,Powell
-0.2,False,102,13,236,1,2,Powell
-0.4,False,102,13,236,1,2,Powell
-0.6,False,102,13,236,1,2,Powell
-0.8,False,102,13,236,1,2,Powell
-1.0,False,102,13,236,1,2,Powell
-1.2,False,102,13,236,1,2,Powell
-1.4,False,102,13,236,1,2,Powell
-1.6,False,102,13,236,1,2,Powell
-1.8,False,102,13,236,1,2,Powell
-2.0,False,102,13,236,1,2,Powell
-2.2,False,102,13,236,1,2,Powell
-2.4,False,102,13,236,1,2,Powell
-2.6,False,102,13,236,1,2,Powell
-2.8,False,102,13,236,1,2,Powell
-3.0,False,102,13,236,1,2,Powell
-3.2,False,102,13,236,1,2,Powell
-3.4,False,102,13,236,1,2,Powell
-3.6,False,102,13,236,1,2,Powell
-3.8,False,102,13,236,1,2,Powell
-4.0,False,102,13,236,1,2,Powell
-4.2,False,102,13,236,1,2,Powell
-4.4,False,102,13,236,1,2,Powell
-4.6,False,102,13,236,1,2,Powell
-4.8,False,102,13,236,1,2,Powell
-5.0,False,102,13,236,1,2,Powell
-5.2,False,102,13,236,1,2,Powell
-5.4,False,102,13,236,1,2,Powell
-5.6,False,102,13,236,1,2,Powell
-5.8,False,102,13,236,1,2,Powell
-6.0,False,102,13,236,1,2,Powell
-6.2,False,102,13,236,1,2,Powell
-6.4,False,102,13,236,1,2,Powell
-6.6,False,102,13,236,1,2,Powell
-6.8,False,102,13,236,1,2,Powell
-7.0,False,102,13,236,1,2,Powell
-7.2,False,102,13,236,1,2,Powell
-7.4,False,102,13,236,1,2,Powell
-7.6,False,102,13,236,1,2,Powell
-7.8,False,102,13,236,1,2,Powell
-8.0,False,102,13,236,1,2,Powell
2.0,False,102,13,237,1,2,Powell
1.8,False,102,13,237,1,2,Powell
1.6,False,102,13,237,1,2,Powell
1.4,False,102,13,237,1,2,Powell
1.2,False,102,13,237,1,2,Powell
1.0,False,102,13,237,1,2,Powell
0.8,False,102,13,237,1,2,Powell
0.6,False,102,13,237,1,2,Powell
0.4,False,102,13,237,1,2,Powell
0.2,False,102,13,237,1,2,Powell
0.0,False,102,13,237,1,2,Powell
-0.2,False,102,13,237,1,2,Powell
-0.4,False,102,13,237,1,2,Powell
-0.6,False,102,13,237,1,2,Powell
-0.8,False,102,13,237,1,2,Powell
-1.0,False,102,13,237,1,2,Powell
-1.2,False,102,13,237,1,2,Powell
-1.4,False,102,13,237,1,2,Powell
-1.6,False,102,13,237,1,2,Powell
-1.8,False,102,13,237,1,2,Powell
-2.0,False,102,13,237,1,2,Powell
-2.2,False,102,13,237,1,2,Powell
-2.4,False,102,13,237,1,2,Powell
-2.6,False,102,13,237,1,2,Powell
-2.8,False,102,13,237,1,2,Powell
-3.0,False,102,13,237,1,2,Powell
-3.2,False,102,13,237,1,2,Powell
-3.4,False,102,13,237,1,2,Powell
-3.6,False,102,13,237,1,2,Powell
-3.8,False,102,13,237,1,2,Powell
-4.0,False,102,13,237,1,2,Powell
-4.2,False,102,13,237,1,2,Powell
-4.4,False,102,13,237,1,2,Powell
-4.6,False,102,13,237,1,2,Powell
-4.8,False,102,13,237,1,2,Powell
-5.0,False,102,13,237,1,2,Powell
-5.2,False,102,13,237,1,2,Powell
-5.4,False,102,13,237,1,2,Powell
-5.6,False,102,13,237,1,2,Powell
-5.8,False,102,13,237,1,2,Powell
-6.0,False,102,13,237,1,2,Powell
-6.2,False,102,13,237,1,2,Powell
-6.4,False,102,13,237,1,2,Powell
-6.6,False,102,13,237,1,2,Powell
-6.8,False,102,13,237,1,2,Powell
-7.0,False,102,13,237,1,2,Powell
-7.2,False,102,13,237,1,2,Powell
-7.4,False,102,13,237,1,2,Powell
-7.6,False,102,13,237,1,2,Powell
-7.8,False,102,13,237,1,2,Powell
-8.0,False,102,13,237,1,2,Powell
2.0,True,11,13,238,1,2,Powell
1.8,True,11,13,238,1,2,Powell
1.6,True,11,13,238,1,2,Powell
1.4,True,11,13,238,1,2,Powell
1.2,True,13,13,238,1,2,Powell
1.0,False,80,13,238,1,2,Powell
0.8,False,80,13,238,1,2,Powell
0.6,False,80,13,238,1,2,Powell
0.4,False,80,13,238,1,2,Powell
0.2,False,80,13,238,1,2,Powell
0.0,False,80,13,238,1,2,Powell
-0.2,False,80,13,238,1,2,Powell
-0.4,False,80,13,238,1,2,Powell
-0.6,False,80,13,238,1,2,Powell
-0.8,False,80,13,238,1,2,Powell
-1.0,False,80,13,238,1,2,Powell
-1.2,False,80,13,238,1,2,Powell
-1.4,False,80,13,238,1,2,Powell
-1.6,False,80,13,238,1,2,Powell
-1.8,False,80,13,238,1,2,Powell
-2.0,False,80,13,238,1,2,Powell
-2.2,False,80,13,238,1,2,Powell
-2.4,False,80,13,238,1,2,Powell
-2.6,False,80,13,238,1,2,Powell
-2.8,False,80,13,238,1,2,Powell
-3.0,False,80,13,238,1,2,Powell
-3.2,False,80,13,238,1,2,Powell
-3.4,False,80,13,238,1,2,Powell
-3.6,False,80,13,238,1,2,Powell
-3.8,False,80,13,238,1,2,Powell
-4.0,False,80,13,238,1,2,Powell
-4.2,False,80,13,238,1,2,Powell
-4.4,False,80,13,238,1,2,Powell
-4.6,False,80,13,238,1,2,Powell
-4.8,False,80,13,238,1,2,Powell
-5.0,False,80,13,238,1,2,Powell
-5.2,False,80,13,238,1,2,Powell
-5.4,False,80,13,238,1,2,Powell
-5.6,False,80,13,238,1,2,Powell
-5.8,False,80,13,238,1,2,Powell
-6.0,False,80,13,238,1,2,Powell
-6.2,False,80,13,238,1,2,Powell
-6.4,False,80,13,238,1,2,Powell
-6.6,False,80,13,238,1,2,Powell
-6.8,False,80,13,238,1,2,Powell
-7.0,False,80,13,238,1,2,Powell
-7.2,False,80,13,238,1,2,Powell
-7.4,False,80,13,238,1,2,Powell
-7.6,False,80,13,238,1,2,Powell
-7.8,False,80,13,238,1,2,Powell
-8.0,False,80,13,238,1,2,Powell
2.0,False,226,13,239,1,2,Powell
1.8,False,226,13,239,1,2,Powell
1.6,False,226,13,239,1,2,Powell
1.4,False,226,13,239,1,2,Powell
1.2,False,226,13,239,1,2,Powell
1.0,False,226,13,239,1,2,Powell
0.8,False,226,13,239,1,2,Powell
0.6,False,226,13,239,1,2,Powell
0.4,False,226,13,239,1,2,Powell
0.2,False,226,13,239,1,2,Powell
0.0,False,226,13,239,1,2,Powell
-0.2,False,226,13,239,1,2,Powell
-0.4,False,226,13,239,1,2,Powell
-0.6,False,226,13,239,1,2,Powell
-0.8,False,226,13,239,1,2,Powell
-1.0,False,226,13,239,1,2,Powell
-1.2,False,226,13,239,1,2,Powell
-1.4,False,226,13,239,1,2,Powell
-1.6,False,226,13,239,1,2,Powell
-1.8,False,226,13,239,1,2,Powell
-2.0,False,226,13,239,1,2,Powell
-2.2,False,226,13,239,1,2,Powell
-2.4,False,226,13,239,1,2,Powell
-2.6,False,226,13,239,1,2,Powell
-2.8,False,226,13,239,1,2,Powell
-3.0,False,226,13,239,1,2,Powell
-3.2,False,226,13,239,1,2,Powell
-3.4,False,226,13,239,1,2,Powell
-3.6,False,226,13,239,1,2,Powell
-3.8,False,226,13,239,1,2,Powell
-4.0,False,226,13,239,1,2,Powell
-4.2,False,226,13,239,1,2,Powell
-4.4,False,226,13,239,1,2,Powell
-4.6,False,226,13,239,1,2,Powell
-4.8,False,226,13,239,1,2,Powell
-5.0,False,226,13,239,1,2,Powell
-5.2,False,226,13,239,1,2,Powell
-5.4,False,226,13,239,1,2,Powell
-5.6,False,226,13,239,1,2,Powell
-5.8,False,226,13,239,1,2,Powell
-6.0,False,226,13,239,1,2,Powell
-6.2,False,226,13,239,1,2,Powell
-6.4,False,226,13,239,1,2,Powell
-6.6,False,226,13,239,1,2,Powell
-6.8,False,226,13,239,1,2,Powell
-7.0,False,226,13,239,1,2,Powell
-7.2,False,226,13,239,1,2,Powell
-7.4,False,226,13,239,1,2,Powell
-7.6,False,226,13,239,1,2,Powell
-7.8,False,226,13,239,1,2,Powell
-8.0,False,226,13,239,1,2,Powell
2.0,True,10,13,240,1,2,Powell
1.8,True,15,13,240,1,2,Powell
1.6,False,163,13,240,1,2,Powell
1.4,False,163,13,240,1,2,Powell
1.2,False,163,13,240,1,2,Powell
1.0,False,163,13,240,1,2,Powell
0.8,False,163,13,240,1,2,Powell
0.6,False,163,13,240,1,2,Powell
0.4,False,163,13,240,1,2,Powell
0.2,False,163,13,240,1,2,Powell
0.0,False,163,13,240,1,2,Powell
-0.2,False,163,13,240,1,2,Powell
-0.4,False,163,13,240,1,2,Powell
-0.6,False,163,13,240,1,2,Powell
-0.8,False,163,13,240,1,2,Powell
-1.0,False,163,13,240,1,2,Powell
-1.2,False,163,13,240,1,2,Powell
-1.4,False,163,13,240,1,2,Powell
-1.6,False,163,13,240,1,2,Powell
-1.8,False,163,13,240,1,2,Powell
-2.0,False,163,13,240,1,2,Powell
-2.2,False,163,13,240,1,2,Powell
-2.4,False,163,13,240,1,2,Powell
-2.6,False,163,13,240,1,2,Powell
-2.8,False,163,13,240,1,2,Powell
-3.0,False,163,13,240,1,2,Powell
-3.2,False,163,13,240,1,2,Powell
-3.4,False,163,13,240,1,2,Powell
-3.6,False,163,13,240,1,2,Powell
-3.8,False,163,13,240,1,2,Powell
-4.0,False,163,13,240,1,2,Powell
-4.2,False,163,13,240,1,2,Powell
-4.4,False,163,13,240,1,2,Powell
-4.6,False,163,13,240,1,2,Powell
-4.8,False,163,13,240,1,2,Powell
-5.0,False,163,13,240,1,2,Powell
-5.2,False,163,13,240,1,2,Powell
-5.4,False,163,13,240,1,2,Powell
-5.6,False,163,13,240,1,2,Powell
-5.8,False,163,13,240,1,2,Powell
-6.0,False,163,13,240,1,2,Powell
-6.2,False,163,13,240,1,2,Powell
-6.4,False,163,13,240,1,2,Powell
-6.6,False,163,13,240,1,2,Powell
-6.8,False,163,13,240,1,2,Powell
-7.0,False,163,13,240,1,2,Powell
-7.2,False,163,13,240,1,2,Powell
-7.4,False,163,13,240,1,2,Powell
-7.6,False,163,13,240,1,2,Powell
-7.8,False,163,13,240,1,2,Powell
-8.0,False,163,13,240,1,2,Powell
2.0,True,18,13,241,1,2,Powell
1.8,True,18,13,241,1,2,Powell
1.6,True,22,13,241,1,2,Powell
1.4,True,27,13,241,1,2,Powell
1.2,True,28,13,241,1,2,Powell
1.0,True,28,13,241,1,2,Powell
0.8,True,28,13,241,1,2,Powell
0.6,True,41,13,241,1,2,Powell
0.4,True,41,13,241,1,2,Powell
0.2,True,41,13,241,1,2,Powell
0.0,True,41,13,241,1,2,Powell
-0.2,True,41,13,241,1,2,Powell
-0.4,True,41,13,241,1,2,Powell
-0.6,True,41,13,241,1,2,Powell
-0.8,True,41,13,241,1,2,Powell
-1.0,True,41,13,241,1,2,Powell
-1.2,True,41,13,241,1,2,Powell
-1.4,True,41,13,241,1,2,Powell
-1.6,True,41,13,241,1,2,Powell
-1.8,True,71,13,241,1,2,Powell
-2.0,True,71,13,241,1,2,Powell
-2.2,True,71,13,241,1,2,Powell
-2.4,True,71,13,241,1,2,Powell
-2.6,True,71,13,241,1,2,Powell
-2.8,True,74,13,241,1,2,Powell
-3.0,True,74,13,241,1,2,Powell
-3.2,False,77,13,241,1,2,Powell
-3.4,False,77,13,241,1,2,Powell
-3.6,False,77,13,241,1,2,Powell
-3.8,False,77,13,241,1,2,Powell
-4.0,False,77,13,241,1,2,Powell
-4.2,False,77,13,241,1,2,Powell
-4.4,False,77,13,241,1,2,Powell
-4.6,False,77,13,241,1,2,Powell
-4.8,False,77,13,241,1,2,Powell
-5.0,False,77,13,241,1,2,Powell
-5.2,False,77,13,241,1,2,Powell
-5.4,False,77,13,241,1,2,Powell
-5.6,False,77,13,241,1,2,Powell
-5.8,False,77,13,241,1,2,Powell
-6.0,False,77,13,241,1,2,Powell
-6.2,False,77,13,241,1,2,Powell
-6.4,False,77,13,241,1,2,Powell
-6.6,False,77,13,241,1,2,Powell
-6.8,False,77,13,241,1,2,Powell
-7.0,False,77,13,241,1,2,Powell
-7.2,False,77,13,241,1,2,Powell
-7.4,False,77,13,241,1,2,Powell
-7.6,False,77,13,241,1,2,Powell
-7.8,False,77,13,241,1,2,Powell
-8.0,False,77,13,241,1,2,Powell
2.0,True,10,13,242,1,2,Powell
1.8,True,10,13,242,1,2,Powell
1.6,True,15,13,242,1,2,Powell
1.4,False,83,13,242,1,2,Powell
1.2,False,83,13,242,1,2,Powell
1.0,False,83,13,242,1,2,Powell
0.8,False,83,13,242,1,2,Powell
0.6,False,83,13,242,1,2,Powell
0.4,False,83,13,242,1,2,Powell
0.2,False,83,13,242,1,2,Powell
0.0,False,83,13,242,1,2,Powell
-0.2,False,83,13,242,1,2,Powell
-0.4,False,83,13,242,1,2,Powell
-0.6,False,83,13,242,1,2,Powell
-0.8,False,83,13,242,1,2,Powell
-1.0,False,83,13,242,1,2,Powell
-1.2,False,83,13,242,1,2,Powell
-1.4,False,83,13,242,1,2,Powell
-1.6,False,83,13,242,1,2,Powell
-1.8,False,83,13,242,1,2,Powell
-2.0,False,83,13,242,1,2,Powell
-2.2,False,83,13,242,1,2,Powell
-2.4,False,83,13,242,1,2,Powell
-2.6,False,83,13,242,1,2,Powell
-2.8,False,83,13,242,1,2,Powell
-3.0,False,83,13,242,1,2,Powell
-3.2,False,83,13,242,1,2,Powell
-3.4,False,83,13,242,1,2,Powell
-3.6,False,83,13,242,1,2,Powell
-3.8,False,83,13,242,1,2,Powell
-4.0,False,83,13,242,1,2,Powell
-4.2,False,83,13,242,1,2,Powell
-4.4,False,83,13,242,1,2,Powell
-4.6,False,83,13,242,1,2,Powell
-4.8,False,83,13,242,1,2,Powell
-5.0,False,83,13,242,1,2,Powell
-5.2,False,83,13,242,1,2,Powell
-5.4,False,83,13,242,1,2,Powell
-5.6,False,83,13,242,1,2,Powell
-5.8,False,83,13,242,1,2,Powell
-6.0,False,83,13,242,1,2,Powell
-6.2,False,83,13,242,1,2,Powell
-6.4,False,83,13,242,1,2,Powell
-6.6,False,83,13,242,1,2,Powell
-6.8,False,83,13,242,1,2,Powell
-7.0,False,83,13,242,1,2,Powell
-7.2,False,83,13,242,1,2,Powell
-7.4,False,83,13,242,1,2,Powell
-7.6,False,83,13,242,1,2,Powell
-7.8,False,83,13,242,1,2,Powell
-8.0,False,83,13,242,1,2,Powell
2.0,True,1,13,243,1,2,Powell
1.8,True,1,13,243,1,2,Powell
1.6,True,1,13,243,1,2,Powell
1.4,True,7,13,243,1,2,Powell
1.2,True,7,13,243,1,2,Powell
1.0,True,8,13,243,1,2,Powell
0.8,True,10,13,243,1,2,Powell
0.6,False,109,13,243,1,2,Powell
0.4,False,109,13,243,1,2,Powell
0.2,False,109,13,243,1,2,Powell
0.0,False,109,13,243,1,2,Powell
-0.2,False,109,13,243,1,2,Powell
-0.4,False,109,13,243,1,2,Powell
-0.6,False,109,13,243,1,2,Powell
-0.8,False,109,13,243,1,2,Powell
-1.0,False,109,13,243,1,2,Powell
-1.2,False,109,13,243,1,2,Powell
-1.4,False,109,13,243,1,2,Powell
-1.6,False,109,13,243,1,2,Powell
-1.8,False,109,13,243,1,2,Powell
-2.0,False,109,13,243,1,2,Powell
-2.2,False,109,13,243,1,2,Powell
-2.4,False,109,13,243,1,2,Powell
-2.6,False,109,13,243,1,2,Powell
-2.8,False,109,13,243,1,2,Powell
-3.0,False,109,13,243,1,2,Powell
-3.2,False,109,13,243,1,2,Powell
-3.4,False,109,13,243,1,2,Powell
-3.6,False,109,13,243,1,2,Powell
-3.8,False,109,13,243,1,2,Powell
-4.0,False,109,13,243,1,2,Powell
-4.2,False,109,13,243,1,2,Powell
-4.4,False,109,13,243,1,2,Powell
-4.6,False,109,13,243,1,2,Powell
-4.8,False,109,13,243,1,2,Powell
-5.0,False,109,13,243,1,2,Powell
-5.2,False,109,13,243,1,2,Powell
-5.4,False,109,13,243,1,2,Powell
-5.6,False,109,13,243,1,2,Powell
-5.8,False,109,13,243,1,2,Powell
-6.0,False,109,13,243,1,2,Powell
-6.2,False,109,13,243,1,2,Powell
-6.4,False,109,13,243,1,2,Powell
-6.6,False,109,13,243,1,2,Powell
-6.8,False,109,13,243,1,2,Powell
-7.0,False,109,13,243,1,2,Powell
-7.2,False,109,13,243,1,2,Powell
-7.4,False,109,13,243,1,2,Powell
-7.6,False,109,13,243,1,2,Powell
-7.8,False,109,13,243,1,2,Powell
-8.0,False,109,13,243,1,2,Powell
2.0,True,12,13,244,1,2,Powell
1.8,True,13,13,244,1,2,Powell
1.6,False,87,13,244,1,2,Powell
1.4,False,87,13,244,1,2,Powell
1.2,False,87,13,244,1,2,Powell
1.0,False,87,13,244,1,2,Powell
0.8,False,87,13,244,1,2,Powell
0.6,False,87,13,244,1,2,Powell
0.4,False,87,13,244,1,2,Powell
0.2,False,87,13,244,1,2,Powell
0.0,False,87,13,244,1,2,Powell
-0.2,False,87,13,244,1,2,Powell
-0.4,False,87,13,244,1,2,Powell
-0.6,False,87,13,244,1,2,Powell
-0.8,False,87,13,244,1,2,Powell
-1.0,False,87,13,244,1,2,Powell
-1.2,False,87,13,244,1,2,Powell
-1.4,False,87,13,244,1,2,Powell
-1.6,False,87,13,244,1,2,Powell
-1.8,False,87,13,244,1,2,Powell
-2.0,False,87,13,244,1,2,Powell
-2.2,False,87,13,244,1,2,Powell
-2.4,False,87,13,244,1,2,Powell
-2.6,False,87,13,244,1,2,Powell
-2.8,False,87,13,244,1,2,Powell
-3.0,False,87,13,244,1,2,Powell
-3.2,False,87,13,244,1,2,Powell
-3.4,False,87,13,244,1,2,Powell
-3.6,False,87,13,244,1,2,Powell
-3.8,False,87,13,244,1,2,Powell
-4.0,False,87,13,244,1,2,Powell
-4.2,False,87,13,244,1,2,Powell
-4.4,False,87,13,244,1,2,Powell
-4.6,False,87,13,244,1,2,Powell
-4.8,False,87,13,244,1,2,Powell
-5.0,False,87,13,244,1,2,Powell
-5.2,False,87,13,244,1,2,Powell
-5.4,False,87,13,244,1,2,Powell
-5.6,False,87,13,244,1,2,Powell
-5.8,False,87,13,244,1,2,Powell
-6.0,False,87,13,244,1,2,Powell
-6.2,False,87,13,244,1,2,Powell
-6.4,False,87,13,244,1,2,Powell
-6.6,False,87,13,244,1,2,Powell
-6.8,False,87,13,244,1,2,Powell
-7.0,False,87,13,244,1,2,Powell
-7.2,False,87,13,244,1,2,Powell
-7.4,False,87,13,244,1,2,Powell
-7.6,False,87,13,244,1,2,Powell
-7.8,False,87,13,244,1,2,Powell
-8.0,False,87,13,244,1,2,Powell
2.0,True,9,13,245,1,2,Powell
1.8,True,10,13,245,1,2,Powell
1.6,True,10,13,245,1,2,Powell
1.4,True,21,13,245,1,2,Powell
1.2,False,108,13,245,1,2,Powell
1.0,False,108,13,245,1,2,Powell
0.8,False,108,13,245,1,2,Powell
0.6,False,108,13,245,1,2,Powell
0.4,False,108,13,245,1,2,Powell
0.2,False,108,13,245,1,2,Powell
0.0,False,108,13,245,1,2,Powell
-0.2,False,108,13,245,1,2,Powell
-0.4,False,108,13,245,1,2,Powell
-0.6,False,108,13,245,1,2,Powell
-0.8,False,108,13,245,1,2,Powell
-1.0,False,108,13,245,1,2,Powell
-1.2,False,108,13,245,1,2,Powell
-1.4,False,108,13,245,1,2,Powell
-1.6,False,108,13,245,1,2,Powell
-1.8,False,108,13,245,1,2,Powell
-2.0,False,108,13,245,1,2,Powell
-2.2,False,108,13,245,1,2,Powell
-2.4,False,108,13,245,1,2,Powell
-2.6,False,108,13,245,1,2,Powell
-2.8,False,108,13,245,1,2,Powell
-3.0,False,108,13,245,1,2,Powell
-3.2,False,108,13,245,1,2,Powell
-3.4,False,108,13,245,1,2,Powell
-3.6,False,108,13,245,1,2,Powell
-3.8,False,108,13,245,1,2,Powell
-4.0,False,108,13,245,1,2,Powell
-4.2,False,108,13,245,1,2,Powell
-4.4,False,108,13,245,1,2,Powell
-4.6,False,108,13,245,1,2,Powell
-4.8,False,108,13,245,1,2,Powell
-5.0,False,108,13,245,1,2,Powell
-5.2,False,108,13,245,1,2,Powell
-5.4,False,108,13,245,1,2,Powell
-5.6,False,108,13,245,1,2,Powell
-5.8,False,108,13,245,1,2,Powell
-6.0,False,108,13,245,1,2,Powell
-6.2,False,108,13,245,1,2,Powell
-6.4,False,108,13,245,1,2,Powell
-6.6,False,108,13,245,1,2,Powell
-6.8,False,108,13,245,1,2,Powell
-7.0,False,108,13,245,1,2,Powell
-7.2,False,108,13,245,1,2,Powell
-7.4,False,108,13,245,1,2,Powell
-7.6,False,108,13,245,1,2,Powell
-7.8,False,108,13,245,1,2,Powell
-8.0,False,108,13,245,1,2,Powell
2.0,True,13,13,246,1,2,Powell
1.8,False,87,13,246,1,2,Powell
1.6,False,87,13,246,1,2,Powell
1.4,False,87,13,246,1,2,Powell
1.2,False,87,13,246,1,2,Powell
1.0,False,87,13,246,1,2,Powell
0.8,False,87,13,246,1,2,Powell
0.6,False,87,13,246,1,2,Powell
0.4,False,87,13,246,1,2,Powell
0.2,False,87,13,246,1,2,Powell
0.0,False,87,13,246,1,2,Powell
-0.2,False,87,13,246,1,2,Powell
-0.4,False,87,13,246,1,2,Powell
-0.6,False,87,13,246,1,2,Powell
-0.8,False,87,13,246,1,2,Powell
-1.0,False,87,13,246,1,2,Powell
-1.2,False,87,13,246,1,2,Powell
-1.4,False,87,13,246,1,2,Powell
-1.6,False,87,13,246,1,2,Powell
-1.8,False,87,13,246,1,2,Powell
-2.0,False,87,13,246,1,2,Powell
-2.2,False,87,13,246,1,2,Powell
-2.4,False,87,13,246,1,2,Powell
-2.6,False,87,13,246,1,2,Powell
-2.8,False,87,13,246,1,2,Powell
-3.0,False,87,13,246,1,2,Powell
-3.2,False,87,13,246,1,2,Powell
-3.4,False,87,13,246,1,2,Powell
-3.6,False,87,13,246,1,2,Powell
-3.8,False,87,13,246,1,2,Powell
-4.0,False,87,13,246,1,2,Powell
-4.2,False,87,13,246,1,2,Powell
-4.4,False,87,13,246,1,2,Powell
-4.6,False,87,13,246,1,2,Powell
-4.8,False,87,13,246,1,2,Powell
-5.0,False,87,13,246,1,2,Powell
-5.2,False,87,13,246,1,2,Powell
-5.4,False,87,13,246,1,2,Powell
-5.6,False,87,13,246,1,2,Powell
-5.8,False,87,13,246,1,2,Powell
-6.0,False,87,13,246,1,2,Powell
-6.2,False,87,13,246,1,2,Powell
-6.4,False,87,13,246,1,2,Powell
-6.6,False,87,13,246,1,2,Powell
-6.8,False,87,13,246,1,2,Powell
-7.0,False,87,13,246,1,2,Powell
-7.2,False,87,13,246,1,2,Powell
-7.4,False,87,13,246,1,2,Powell
-7.6,False,87,13,246,1,2,Powell
-7.8,False,87,13,246,1,2,Powell
-8.0,False,87,13,246,1,2,Powell
2.0,True,13,13,247,1,2,Powell
1.8,True,13,13,247,1,2,Powell
1.6,True,13,13,247,1,2,Powell
1.4,True,13,13,247,1,2,Powell
1.2,True,13,13,247,1,2,Powell
1.0,True,13,13,247,1,2,Powell
0.8,True,23,13,247,1,2,Powell
0.6,False,145,13,247,1,2,Powell
0.4,False,145,13,247,1,2,Powell
0.2,False,145,13,247,1,2,Powell
0.0,False,145,13,247,1,2,Powell
-0.2,False,145,13,247,1,2,Powell
-0.4,False,145,13,247,1,2,Powell
-0.6,False,145,13,247,1,2,Powell
-0.8,False,145,13,247,1,2,Powell
-1.0,False,145,13,247,1,2,Powell
-1.2,False,145,13,247,1,2,Powell
-1.4,False,145,13,247,1,2,Powell
-1.6,False,145,13,247,1,2,Powell
-1.8,False,145,13,247,1,2,Powell
-2.0,False,145,13,247,1,2,Powell
-2.2,False,145,13,247,1,2,Powell
-2.4,False,145,13,247,1,2,Powell
-2.6,False,145,13,247,1,2,Powell
-2.8,False,145,13,247,1,2,Powell
-3.0,False,145,13,247,1,2,Powell
-3.2,False,145,13,247,1,2,Powell
-3.4,False,145,13,247,1,2,Powell
-3.6,False,145,13,247,1,2,Powell
-3.8,False,145,13,247,1,2,Powell
-4.0,False,145,13,247,1,2,Powell
-4.2,False,145,13,247,1,2,Powell
-4.4,False,145,13,247,1,2,Powell
-4.6,False,145,13,247,1,2,Powell
-4.8,False,145,13,247,1,2,Powell
-5.0,False,145,13,247,1,2,Powell
-5.2,False,145,13,247,1,2,Powell
-5.4,False,145,13,247,1,2,Powell
-5.6,False,145,13,247,1,2,Powell
-5.8,False,145,13,247,1,2,Powell
-6.0,False,145,13,247,1,2,Powell
-6.2,False,145,13,247,1,2,Powell
-6.4,False,145,13,247,1,2,Powell
-6.6,False,145,13,247,1,2,Powell
-6.8,False,145,13,247,1,2,Powell
-7.0,False,145,13,247,1,2,Powell
-7.2,False,145,13,247,1,2,Powell
-7.4,False,145,13,247,1,2,Powell
-7.6,False,145,13,247,1,2,Powell
-7.8,False,145,13,247,1,2,Powell
-8.0,False,145,13,247,1,2,Powell
2.0,True,5,13,248,1,2,Powell
1.8,True,5,13,248,1,2,Powell
1.6,True,5,13,248,1,2,Powell
1.4,True,5,13,248,1,2,Powell
1.2,True,7,13,248,1,2,Powell
1.0,True,7,13,248,1,2,Powell
0.8,True,9,13,248,1,2,Powell
0.6,True,10,13,248,1,2,Powell
0.4,True,21,13,248,1,2,Powell
0.2,False,103,13,248,1,2,Powell
0.0,False,103,13,248,1,2,Powell
-0.2,False,103,13,248,1,2,Powell
-0.4,False,103,13,248,1,2,Powell
-0.6,False,103,13,248,1,2,Powell
-0.8,False,103,13,248,1,2,Powell
-1.0,False,103,13,248,1,2,Powell
-1.2,False,103,13,248,1,2,Powell
-1.4,False,103,13,248,1,2,Powell
-1.6,False,103,13,248,1,2,Powell
-1.8,False,103,13,248,1,2,Powell
-2.0,False,103,13,248,1,2,Powell
-2.2,False,103,13,248,1,2,Powell
-2.4,False,103,13,248,1,2,Powell
-2.6,False,103,13,248,1,2,Powell
-2.8,False,103,13,248,1,2,Powell
-3.0,False,103,13,248,1,2,Powell
-3.2,False,103,13,248,1,2,Powell
-3.4,False,103,13,248,1,2,Powell
-3.6,False,103,13,248,1,2,Powell
-3.8,False,103,13,248,1,2,Powell
-4.0,False,103,13,248,1,2,Powell
-4.2,False,103,13,248,1,2,Powell
-4.4,False,103,13,248,1,2,Powell
-4.6,False,103,13,248,1,2,Powell
-4.8,False,103,13,248,1,2,Powell
-5.0,False,103,13,248,1,2,Powell
-5.2,False,103,13,248,1,2,Powell
-5.4,False,103,13,248,1,2,Powell
-5.6,False,103,13,248,1,2,Powell
-5.8,False,103,13,248,1,2,Powell
-6.0,False,103,13,248,1,2,Powell
-6.2,False,103,13,248,1,2,Powell
-6.4,False,103,13,248,1,2,Powell
-6.6,False,103,13,248,1,2,Powell
-6.8,False,103,13,248,1,2,Powell
-7.0,False,103,13,248,1,2,Powell
-7.2,False,103,13,248,1,2,Powell
-7.4,False,103,13,248,1,2,Powell
-7.6,False,103,13,248,1,2,Powell
-7.8,False,103,13,248,1,2,Powell
-8.0,False,103,13,248,1,2,Powell
2.0,True,11,13,249,1,2,Powell
1.8,True,13,13,249,1,2,Powell
1.6,True,13,13,249,1,2,Powell
1.4,True,13,13,249,1,2,Powell
1.2,True,13,13,249,1,2,Powell
1.0,False,119,13,249,1,2,Powell
0.8,False,119,13,249,1,2,Powell
0.6,False,119,13,249,1,2,Powell
0.4,False,119,13,249,1,2,Powell
0.2,False,119,13,249,1,2,Powell
0.0,False,119,13,249,1,2,Powell
-0.2,False,119,13,249,1,2,Powell
-0.4,False,119,13,249,1,2,Powell
-0.6,False,119,13,249,1,2,Powell
-0.8,False,119,13,249,1,2,Powell
-1.0,False,119,13,249,1,2,Powell
-1.2,False,119,13,249,1,2,Powell
-1.4,False,119,13,249,1,2,Powell
-1.6,False,119,13,249,1,2,Powell
-1.8,False,119,13,249,1,2,Powell
-2.0,False,119,13,249,1,2,Powell
-2.2,False,119,13,249,1,2,Powell
-2.4,False,119,13,249,1,2,Powell
-2.6,False,119,13,249,1,2,Powell
-2.8,False,119,13,249,1,2,Powell
-3.0,False,119,13,249,1,2,Powell
-3.2,False,119,13,249,1,2,Powell
-3.4,False,119,13,249,1,2,Powell
-3.6,False,119,13,249,1,2,Powell
-3.8,False,119,13,249,1,2,Powell
-4.0,False,119,13,249,1,2,Powell
-4.2,False,119,13,249,1,2,Powell
-4.4,False,119,13,249,1,2,Powell
-4.6,False,119,13,249,1,2,Powell
-4.8,False,119,13,249,1,2,Powell
-5.0,False,119,13,249,1,2,Powell
-5.2,False,119,13,249,1,2,Powell
-5.4,False,119,13,249,1,2,Powell
-5.6,False,119,13,249,1,2,Powell
-5.8,False,119,13,249,1,2,Powell
-6.0,False,119,13,249,1,2,Powell
-6.2,False,119,13,249,1,2,Powell
-6.4,False,119,13,249,1,2,Powell
-6.6,False,119,13,249,1,2,Powell
-6.8,False,119,13,249,1,2,Powell
-7.0,False,119,13,249,1,2,Powell
-7.2,False,119,13,249,1,2,Powell
-7.4,False,119,13,249,1,2,Powell
-7.6,False,119,13,249,1,2,Powell
-7.8,False,119,13,249,1,2,Powell
-8.0,False,119,13,249,1,2,Powell
2.0,True,1,13,250,1,2,Powell
1.8,True,1,13,250,1,2,Powell
1.6,True,1,13,250,1,2,Powell
1.4,True,6,13,250,1,2,Powell
1.2,True,8,13,250,1,2,Powell
1.0,False,96,13,250,1,2,Powell
0.8,False,96,13,250,1,2,Powell
0.6,False,96,13,250,1,2,Powell
0.4,False,96,13,250,1,2,Powell
0.2,False,96,13,250,1,2,Powell
0.0,False,96,13,250,1,2,Powell
-0.2,False,96,13,250,1,2,Powell
-0.4,False,96,13,250,1,2,Powell
-0.6,False,96,13,250,1,2,Powell
-0.8,False,96,13,250,1,2,Powell
-1.0,False,96,13,250,1,2,Powell
-1.2,False,96,13,250,1,2,Powell
-1.4,False,96,13,250,1,2,Powell
-1.6,False,96,13,250,1,2,Powell
-1.8,False,96,13,250,1,2,Powell
-2.0,False,96,13,250,1,2,Powell
-2.2,False,96,13,250,1,2,Powell
-2.4,False,96,13,250,1,2,Powell
-2.6,False,96,13,250,1,2,Powell
-2.8,False,96,13,250,1,2,Powell
-3.0,False,96,13,250,1,2,Powell
-3.2,False,96,13,250,1,2,Powell
-3.4,False,96,13,250,1,2,Powell
-3.6,False,96,13,250,1,2,Powell
-3.8,False,96,13,250,1,2,Powell
-4.0,False,96,13,250,1,2,Powell
-4.2,False,96,13,250,1,2,Powell
-4.4,False,96,13,250,1,2,Powell
-4.6,False,96,13,250,1,2,Powell
-4.8,False,96,13,250,1,2,Powell
-5.0,False,96,13,250,1,2,Powell
-5.2,False,96,13,250,1,2,Powell
-5.4,False,96,13,250,1,2,Powell
-5.6,False,96,13,250,1,2,Powell
-5.8,False,96,13,250,1,2,Powell
-6.0,False,96,13,250,1,2,Powell
-6.2,False,96,13,250,1,2,Powell
-6.4,False,96,13,250,1,2,Powell
-6.6,False,96,13,250,1,2,Powell
-6.8,False,96,13,250,1,2,Powell
-7.0,False,96,13,250,1,2,Powell
-7.2,False,96,13,250,1,2,Powell
-7.4,False,96,13,250,1,2,Powell
-7.6,False,96,13,250,1,2,Powell
-7.8,False,96,13,250,1,2,Powell
-8.0,False,96,13,250,1,2,Powell
2.0,False,165,13,251,1,2,Powell
1.8,False,165,13,251,1,2,Powell
1.6,False,165,13,251,1,2,Powell
1.4,False,165,13,251,1,2,Powell
1.2,False,165,13,251,1,2,Powell
1.0,False,165,13,251,1,2,Powell
0.8,False,165,13,251,1,2,Powell
0.6,False,165,13,251,1,2,Powell
0.4,False,165,13,251,1,2,Powell
0.2,False,165,13,251,1,2,Powell
0.0,False,165,13,251,1,2,Powell
-0.2,False,165,13,251,1,2,Powell
-0.4,False,165,13,251,1,2,Powell
-0.6,False,165,13,251,1,2,Powell
-0.8,False,165,13,251,1,2,Powell
-1.0,False,165,13,251,1,2,Powell
-1.2,False,165,13,251,1,2,Powell
-1.4,False,165,13,251,1,2,Powell
-1.6,False,165,13,251,1,2,Powell
-1.8,False,165,13,251,1,2,Powell
-2.0,False,165,13,251,1,2,Powell
-2.2,False,165,13,251,1,2,Powell
-2.4,False,165,13,251,1,2,Powell
-2.6,False,165,13,251,1,2,Powell
-2.8,False,165,13,251,1,2,Powell
-3.0,False,165,13,251,1,2,Powell
-3.2,False,165,13,251,1,2,Powell
-3.4,False,165,13,251,1,2,Powell
-3.6,False,165,13,251,1,2,Powell
-3.8,False,165,13,251,1,2,Powell
-4.0,False,165,13,251,1,2,Powell
-4.2,False,165,13,251,1,2,Powell
-4.4,False,165,13,251,1,2,Powell
-4.6,False,165,13,251,1,2,Powell
-4.8,False,165,13,251,1,2,Powell
-5.0,False,165,13,251,1,2,Powell
-5.2,False,165,13,251,1,2,Powell
-5.4,False,165,13,251,1,2,Powell
-5.6,False,165,13,251,1,2,Powell
-5.8,False,165,13,251,1,2,Powell
-6.0,False,165,13,251,1,2,Powell
-6.2,False,165,13,251,1,2,Powell
-6.4,False,165,13,251,1,2,Powell
-6.6,False,165,13,251,1,2,Powell
-6.8,False,165,13,251,1,2,Powell
-7.0,False,165,13,251,1,2,Powell
-7.2,False,165,13,251,1,2,Powell
-7.4,False,165,13,251,1,2,Powell
-7.6,False,165,13,251,1,2,Powell
-7.8,False,165,13,251,1,2,Powell
-8.0,False,165,13,251,1,2,Powell
2.0,True,11,13,252,1,2,Powell
1.8,True,11,13,252,1,2,Powell
1.6,True,13,13,252,1,2,Powell
1.4,True,13,13,252,1,2,Powell
1.2,True,15,13,252,1,2,Powell
1.0,True,23,13,252,1,2,Powell
0.8,False,81,13,252,1,2,Powell
0.6,False,81,13,252,1,2,Powell
0.4,False,81,13,252,1,2,Powell
0.2,False,81,13,252,1,2,Powell
0.0,False,81,13,252,1,2,Powell
-0.2,False,81,13,252,1,2,Powell
-0.4,False,81,13,252,1,2,Powell
-0.6,False,81,13,252,1,2,Powell
-0.8,False,81,13,252,1,2,Powell
-1.0,False,81,13,252,1,2,Powell
-1.2,False,81,13,252,1,2,Powell
-1.4,False,81,13,252,1,2,Powell
-1.6,False,81,13,252,1,2,Powell
-1.8,False,81,13,252,1,2,Powell
-2.0,False,81,13,252,1,2,Powell
-2.2,False,81,13,252,1,2,Powell
-2.4,False,81,13,252,1,2,Powell
-2.6,False,81,13,252,1,2,Powell
-2.8,False,81,13,252,1,2,Powell
-3.0,False,81,13,252,1,2,Powell
-3.2,False,81,13,252,1,2,Powell
-3.4,False,81,13,252,1,2,Powell
-3.6,False,81,13,252,1,2,Powell
-3.8,False,81,13,252,1,2,Powell
-4.0,False,81,13,252,1,2,Powell
-4.2,False,81,13,252,1,2,Powell
-4.4,False,81,13,252,1,2,Powell
-4.6,False,81,13,252,1,2,Powell
-4.8,False,81,13,252,1,2,Powell
-5.0,False,81,13,252,1,2,Powell
-5.2,False,81,13,252,1,2,Powell
-5.4,False,81,13,252,1,2,Powell
-5.6,False,81,13,252,1,2,Powell
-5.8,False,81,13,252,1,2,Powell
-6.0,False,81,13,252,1,2,Powell
-6.2,False,81,13,252,1,2,Powell
-6.4,False,81,13,252,1,2,Powell
-6.6,False,81,13,252,1,2,Powell
-6.8,False,81,13,252,1,2,Powell
-7.0,False,81,13,252,1,2,Powell
-7.2,False,81,13,252,1,2,Powell
-7.4,False,81,13,252,1,2,Powell
-7.6,False,81,13,252,1,2,Powell
-7.8,False,81,13,252,1,2,Powell
-8.0,False,81,13,252,1,2,Powell
2.0,True,18,13,253,1,2,Powell
1.8,True,18,13,253,1,2,Powell
1.6,True,19,13,253,1,2,Powell
1.4,True,19,13,253,1,2,Powell
1.2,True,19,13,253,1,2,Powell
1.0,True,19,13,253,1,2,Powell
0.8,True,26,13,253,1,2,Powell
0.6,True,29,13,253,1,2,Powell
0.4,True,40,13,253,1,2,Powell
0.2,True,40,13,253,1,2,Powell
0.0,True,52,13,253,1,2,Powell
-0.2,True,66,13,253,1,2,Powell
-0.4,True,66,13,253,1,2,Powell
-0.6,True,68,13,253,1,2,Powell
-0.8,True,89,13,253,1,2,Powell
-1.0,True,89,13,253,1,2,Powell
-1.2,True,89,13,253,1,2,Powell
-1.4,True,89,13,253,1,2,Powell
-1.6,True,94,13,253,1,2,Powell
-1.8,True,103,13,253,1,2,Powell
-2.0,True,105,13,253,1,2,Powell
-2.2,True,105,13,253,1,2,Powell
-2.4,True,105,13,253,1,2,Powell
-2.6,True,105,13,253,1,2,Powell
-2.8,True,105,13,253,1,2,Powell
-3.0,True,116,13,253,1,2,Powell
-3.2,True,132,13,253,1,2,Powell
-3.4,True,132,13,253,1,2,Powell
-3.6,False,147,13,253,1,2,Powell
-3.8,False,147,13,253,1,2,Powell
-4.0,False,147,13,253,1,2,Powell
-4.2,False,147,13,253,1,2,Powell
-4.4,False,147,13,253,1,2,Powell
-4.6,False,147,13,253,1,2,Powell
-4.8,False,147,13,253,1,2,Powell
-5.0,False,147,13,253,1,2,Powell
-5.2,False,147,13,253,1,2,Powell
-5.4,False,147,13,253,1,2,Powell
-5.6,False,147,13,253,1,2,Powell
-5.8,False,147,13,253,1,2,Powell
-6.0,False,147,13,253,1,2,Powell
-6.2,False,147,13,253,1,2,Powell
-6.4,False,147,13,253,1,2,Powell
-6.6,False,147,13,253,1,2,Powell
-6.8,False,147,13,253,1,2,Powell
-7.0,False,147,13,253,1,2,Powell
-7.2,False,147,13,253,1,2,Powell
-7.4,False,147,13,253,1,2,Powell
-7.6,False,147,13,253,1,2,Powell
-7.8,False,147,13,253,1,2,Powell
-8.0,False,147,13,253,1,2,Powell
2.0,True,5,13,254,1,2,Powell
1.8,True,5,13,254,1,2,Powell
1.6,True,5,13,254,1,2,Powell
1.4,True,5,13,254,1,2,Powell
1.2,True,5,13,254,1,2,Powell
1.0,True,5,13,254,1,2,Powell
0.8,True,5,13,254,1,2,Powell
0.6,True,5,13,254,1,2,Powell
0.4,True,9,13,254,1,2,Powell
0.2,True,9,13,254,1,2,Powell
0.0,True,19,13,254,1,2,Powell
-0.2,True,19,13,254,1,2,Powell
-0.4,True,19,13,254,1,2,Powell
-0.6,True,19,13,254,1,2,Powell
-0.8,True,19,13,254,1,2,Powell
-1.0,True,19,13,254,1,2,Powell
-1.2,True,19,13,254,1,2,Powell
-1.4,True,19,13,254,1,2,Powell
-1.6,True,19,13,254,1,2,Powell
-1.8,False,74,13,254,1,2,Powell
-2.0,False,74,13,254,1,2,Powell
-2.2,False,74,13,254,1,2,Powell
-2.4,False,74,13,254,1,2,Powell
-2.6,False,74,13,254,1,2,Powell
-2.8,False,74,13,254,1,2,Powell
-3.0,False,74,13,254,1,2,Powell
-3.2,False,74,13,254,1,2,Powell
-3.4,False,74,13,254,1,2,Powell
-3.6,False,74,13,254,1,2,Powell
-3.8,False,74,13,254,1,2,Powell
-4.0,False,74,13,254,1,2,Powell
-4.2,False,74,13,254,1,2,Powell
-4.4,False,74,13,254,1,2,Powell
-4.6,False,74,13,254,1,2,Powell
-4.8,False,74,13,254,1,2,Powell
-5.0,False,74,13,254,1,2,Powell
-5.2,False,74,13,254,1,2,Powell
-5.4,False,74,13,254,1,2,Powell
-5.6,False,74,13,254,1,2,Powell
-5.8,False,74,13,254,1,2,Powell
-6.0,False,74,13,254,1,2,Powell
-6.2,False,74,13,254,1,2,Powell
-6.4,False,74,13,254,1,2,Powell
-6.6,False,74,13,254,1,2,Powell
-6.8,False,74,13,254,1,2,Powell
-7.0,False,74,13,254,1,2,Powell
-7.2,False,74,13,254,1,2,Powell
-7.4,False,74,13,254,1,2,Powell
-7.6,False,74,13,254,1,2,Powell
-7.8,False,74,13,254,1,2,Powell
-8.0,False,74,13,254,1,2,Powell
2.0,True,4,13,255,1,2,Powell
1.8,True,4,13,255,1,2,Powell
1.6,True,4,13,255,1,2,Powell
1.4,True,4,13,255,1,2,Powell
1.2,True,11,13,255,1,2,Powell
1.0,True,13,13,255,1,2,Powell
0.8,True,13,13,255,1,2,Powell
0.6,True,13,13,255,1,2,Powell
0.4,True,22,13,255,1,2,Powell
0.2,False,79,13,255,1,2,Powell
0.0,False,79,13,255,1,2,Powell
-0.2,False,79,13,255,1,2,Powell
-0.4,False,79,13,255,1,2,Powell
-0.6,False,79,13,255,1,2,Powell
-0.8,False,79,13,255,1,2,Powell
-1.0,False,79,13,255,1,2,Powell
-1.2,False,79,13,255,1,2,Powell
-1.4,False,79,13,255,1,2,Powell
-1.6,False,79,13,255,1,2,Powell
-1.8,False,79,13,255,1,2,Powell
-2.0,False,79,13,255,1,2,Powell
-2.2,False,79,13,255,1,2,Powell
-2.4,False,79,13,255,1,2,Powell
-2.6,False,79,13,255,1,2,Powell
-2.8,False,79,13,255,1,2,Powell
-3.0,False,79,13,255,1,2,Powell
-3.2,False,79,13,255,1,2,Powell
-3.4,False,79,13,255,1,2,Powell
-3.6,False,79,13,255,1,2,Powell
-3.8,False,79,13,255,1,2,Powell
-4.0,False,79,13,255,1,2,Powell
-4.2,False,79,13,255,1,2,Powell
-4.4,False,79,13,255,1,2,Powell
-4.6,False,79,13,255,1,2,Powell
-4.8,False,79,13,255,1,2,Powell
-5.0,False,79,13,255,1,2,Powell
-5.2,False,79,13,255,1,2,Powell
-5.4,False,79,13,255,1,2,Powell
-5.6,False,79,13,255,1,2,Powell
-5.8,False,79,13,255,1,2,Powell
-6.0,False,79,13,255,1,2,Powell
-6.2,False,79,13,255,1,2,Powell
-6.4,False,79,13,255,1,2,Powell
-6.6,False,79,13,255,1,2,Powell
-6.8,False,79,13,255,1,2,Powell
-7.0,False,79,13,255,1,2,Powell
-7.2,False,79,13,255,1,2,Powell
-7.4,False,79,13,255,1,2,Powell
-7.6,False,79,13,255,1,2,Powell
-7.8,False,79,13,255,1,2,Powell
-8.0,False,79,13,255,1,2,Powell
2.0,True,12,13,256,1,2,Powell
1.8,True,24,13,256,1,2,Powell
1.6,False,85,13,256,1,2,Powell
1.4,False,85,13,256,1,2,Powell
1.2,False,85,13,256,1,2,Powell
1.0,False,85,13,256,1,2,Powell
0.8,False,85,13,256,1,2,Powell
0.6,False,85,13,256,1,2,Powell
0.4,False,85,13,256,1,2,Powell
0.2,False,85,13,256,1,2,Powell
0.0,False,85,13,256,1,2,Powell
-0.2,False,85,13,256,1,2,Powell
-0.4,False,85,13,256,1,2,Powell
-0.6,False,85,13,256,1,2,Powell
-0.8,False,85,13,256,1,2,Powell
-1.0,False,85,13,256,1,2,Powell
-1.2,False,85,13,256,1,2,Powell
-1.4,False,85,13,256,1,2,Powell
-1.6,False,85,13,256,1,2,Powell
-1.8,False,85,13,256,1,2,Powell
-2.0,False,85,13,256,1,2,Powell
-2.2,False,85,13,256,1,2,Powell
-2.4,False,85,13,256,1,2,Powell
-2.6,False,85,13,256,1,2,Powell
-2.8,False,85,13,256,1,2,Powell
-3.0,False,85,13,256,1,2,Powell
-3.2,False,85,13,256,1,2,Powell
-3.4,False,85,13,256,1,2,Powell
-3.6,False,85,13,256,1,2,Powell
-3.8,False,85,13,256,1,2,Powell
-4.0,False,85,13,256,1,2,Powell
-4.2,False,85,13,256,1,2,Powell
-4.4,False,85,13,256,1,2,Powell
-4.6,False,85,13,256,1,2,Powell
-4.8,False,85,13,256,1,2,Powell
-5.0,False,85,13,256,1,2,Powell
-5.2,False,85,13,256,1,2,Powell
-5.4,False,85,13,256,1,2,Powell
-5.6,False,85,13,256,1,2,Powell
-5.8,False,85,13,256,1,2,Powell
-6.0,False,85,13,256,1,2,Powell
-6.2,False,85,13,256,1,2,Powell
-6.4,False,85,13,256,1,2,Powell
-6.6,False,85,13,256,1,2,Powell
-6.8,False,85,13,256,1,2,Powell
-7.0,False,85,13,256,1,2,Powell
-7.2,False,85,13,256,1,2,Powell
-7.4,False,85,13,256,1,2,Powell
-7.6,False,85,13,256,1,2,Powell
-7.8,False,85,13,256,1,2,Powell
-8.0,False,85,13,256,1,2,Powell
2.0,True,4,13,257,1,2,Powell
1.8,True,10,13,257,1,2,Powell
1.6,True,10,13,257,1,2,Powell
1.4,True,10,13,257,1,2,Powell
1.2,True,10,13,257,1,2,Powell
1.0,True,11,13,257,1,2,Powell
0.8,True,20,13,257,1,2,Powell
0.6,False,118,13,257,1,2,Powell
0.4,False,118,13,257,1,2,Powell
0.2,False,118,13,257,1,2,Powell
0.0,False,118,13,257,1,2,Powell
-0.2,False,118,13,257,1,2,Powell
-0.4,False,118,13,257,1,2,Powell
-0.6,False,118,13,257,1,2,Powell
-0.8,False,118,13,257,1,2,Powell
-1.0,False,118,13,257,1,2,Powell
-1.2,False,118,13,257,1,2,Powell
-1.4,False,118,13,257,1,2,Powell
-1.6,False,118,13,257,1,2,Powell
-1.8,False,118,13,257,1,2,Powell
-2.0,False,118,13,257,1,2,Powell
-2.2,False,118,13,257,1,2,Powell
-2.4,False,118,13,257,1,2,Powell
-2.6,False,118,13,257,1,2,Powell
-2.8,False,118,13,257,1,2,Powell
-3.0,False,118,13,257,1,2,Powell
-3.2,False,118,13,257,1,2,Powell
-3.4,False,118,13,257,1,2,Powell
-3.6,False,118,13,257,1,2,Powell
-3.8,False,118,13,257,1,2,Powell
-4.0,False,118,13,257,1,2,Powell
-4.2,False,118,13,257,1,2,Powell
-4.4,False,118,13,257,1,2,Powell
-4.6,False,118,13,257,1,2,Powell
-4.8,False,118,13,257,1,2,Powell
-5.0,False,118,13,257,1,2,Powell
-5.2,False,118,13,257,1,2,Powell
-5.4,False,118,13,257,1,2,Powell
-5.6,False,118,13,257,1,2,Powell
-5.8,False,118,13,257,1,2,Powell
-6.0,False,118,13,257,1,2,Powell
-6.2,False,118,13,257,1,2,Powell
-6.4,False,118,13,257,1,2,Powell
-6.6,False,118,13,257,1,2,Powell
-6.8,False,118,13,257,1,2,Powell
-7.0,False,118,13,257,1,2,Powell
-7.2,False,118,13,257,1,2,Powell
-7.4,False,118,13,257,1,2,Powell
-7.6,False,118,13,257,1,2,Powell
-7.8,False,118,13,257,1,2,Powell
-8.0,False,118,13,257,1,2,Powell
2.0,True,10,13,258,1,2,Powell
1.8,False,95,13,258,1,2,Powell
1.6,False,95,13,258,1,2,Powell
1.4,False,95,13,258,1,2,Powell
1.2,False,95,13,258,1,2,Powell
1.0,False,95,13,258,1,2,Powell
0.8,False,95,13,258,1,2,Powell
0.6,False,95,13,258,1,2,Powell
0.4,False,95,13,258,1,2,Powell
0.2,False,95,13,258,1,2,Powell
0.0,False,95,13,258,1,2,Powell
-0.2,False,95,13,258,1,2,Powell
-0.4,False,95,13,258,1,2,Powell
-0.6,False,95,13,258,1,2,Powell
-0.8,False,95,13,258,1,2,Powell
-1.0,False,95,13,258,1,2,Powell
-1.2,False,95,13,258,1,2,Powell
-1.4,False,95,13,258,1,2,Powell
-1.6,False,95,13,258,1,2,Powell
-1.8,False,95,13,258,1,2,Powell
-2.0,False,95,13,258,1,2,Powell
-2.2,False,95,13,258,1,2,Powell
-2.4,False,95,13,258,1,2,Powell
-2.6,False,95,13,258,1,2,Powell
-2.8,False,95,13,258,1,2,Powell
-3.0,False,95,13,258,1,2,Powell
-3.2,False,95,13,258,1,2,Powell
-3.4,False,95,13,258,1,2,Powell
-3.6,False,95,13,258,1,2,Powell
-3.8,False,95,13,258,1,2,Powell
-4.0,False,95,13,258,1,2,Powell
-4.2,False,95,13,258,1,2,Powell
-4.4,False,95,13,258,1,2,Powell
-4.6,False,95,13,258,1,2,Powell
-4.8,False,95,13,258,1,2,Powell
-5.0,False,95,13,258,1,2,Powell
-5.2,False,95,13,258,1,2,Powell
-5.4,False,95,13,258,1,2,Powell
-5.6,False,95,13,258,1,2,Powell
-5.8,False,95,13,258,1,2,Powell
-6.0,False,95,13,258,1,2,Powell
-6.2,False,95,13,258,1,2,Powell
-6.4,False,95,13,258,1,2,Powell
-6.6,False,95,13,258,1,2,Powell
-6.8,False,95,13,258,1,2,Powell
-7.0,False,95,13,258,1,2,Powell
-7.2,False,95,13,258,1,2,Powell
-7.4,False,95,13,258,1,2,Powell
-7.6,False,95,13,258,1,2,Powell
-7.8,False,95,13,258,1,2,Powell
-8.0,False,95,13,258,1,2,Powell
2.0,True,3,13,259,1,2,Powell
1.8,True,12,13,259,1,2,Powell
1.6,False,115,13,259,1,2,Powell
1.4,False,115,13,259,1,2,Powell
1.2,False,115,13,259,1,2,Powell
1.0,False,115,13,259,1,2,Powell
0.8,False,115,13,259,1,2,Powell
0.6,False,115,13,259,1,2,Powell
0.4,False,115,13,259,1,2,Powell
0.2,False,115,13,259,1,2,Powell
0.0,False,115,13,259,1,2,Powell
-0.2,False,115,13,259,1,2,Powell
-0.4,False,115,13,259,1,2,Powell
-0.6,False,115,13,259,1,2,Powell
-0.8,False,115,13,259,1,2,Powell
-1.0,False,115,13,259,1,2,Powell
-1.2,False,115,13,259,1,2,Powell
-1.4,False,115,13,259,1,2,Powell
-1.6,False,115,13,259,1,2,Powell
-1.8,False,115,13,259,1,2,Powell
-2.0,False,115,13,259,1,2,Powell
-2.2,False,115,13,259,1,2,Powell
-2.4,False,115,13,259,1,2,Powell
-2.6,False,115,13,259,1,2,Powell
-2.8,False,115,13,259,1,2,Powell
-3.0,False,115,13,259,1,2,Powell
-3.2,False,115,13,259,1,2,Powell
-3.4,False,115,13,259,1,2,Powell
-3.6,False,115,13,259,1,2,Powell
-3.8,False,115,13,259,1,2,Powell
-4.0,False,115,13,259,1,2,Powell
-4.2,False,115,13,259,1,2,Powell
-4.4,False,115,13,259,1,2,Powell
-4.6,False,115,13,259,1,2,Powell
-4.8,False,115,13,259,1,2,Powell
-5.0,False,115,13,259,1,2,Powell
-5.2,False,115,13,259,1,2,Powell
-5.4,False,115,13,259,1,2,Powell
-5.6,False,115,13,259,1,2,Powell
-5.8,False,115,13,259,1,2,Powell
-6.0,False,115,13,259,1,2,Powell
-6.2,False,115,13,259,1,2,Powell
-6.4,False,115,13,259,1,2,Powell
-6.6,False,115,13,259,1,2,Powell
-6.8,False,115,13,259,1,2,Powell
-7.0,False,115,13,259,1,2,Powell
-7.2,False,115,13,259,1,2,Powell
-7.4,False,115,13,259,1,2,Powell
-7.6,False,115,13,259,1,2,Powell
-7.8,False,115,13,259,1,2,Powell
-8.0,False,115,13,259,1,2,Powell
2.0,True,11,13,260,1,2,Powell
1.8,True,11,13,260,1,2,Powell
1.6,True,11,13,260,1,2,Powell
1.4,True,13,13,260,1,2,Powell
1.2,True,15,13,260,1,2,Powell
1.0,True,15,13,260,1,2,Powell
0.8,True,15,13,260,1,2,Powell
0.6,True,15,13,260,1,2,Powell
0.4,True,15,13,260,1,2,Powell
0.2,True,15,13,260,1,2,Powell
0.0,True,15,13,260,1,2,Powell
-0.2,True,15,13,260,1,2,Powell
-0.4,True,24,13,260,1,2,Powell
-0.6,True,24,13,260,1,2,Powell
-0.8,True,24,13,260,1,2,Powell
-1.0,True,24,13,260,1,2,Powell
-1.2,True,29,13,260,1,2,Powell
-1.4,True,29,13,260,1,2,Powell
-1.6,True,29,13,260,1,2,Powell
-1.8,False,109,13,260,1,2,Powell
-2.0,False,109,13,260,1,2,Powell
-2.2,False,109,13,260,1,2,Powell
-2.4,False,109,13,260,1,2,Powell
-2.6,False,109,13,260,1,2,Powell
-2.8,False,109,13,260,1,2,Powell
-3.0,False,109,13,260,1,2,Powell
-3.2,False,109,13,260,1,2,Powell
-3.4,False,109,13,260,1,2,Powell
-3.6,False,109,13,260,1,2,Powell
-3.8,False,109,13,260,1,2,Powell
-4.0,False,109,13,260,1,2,Powell
-4.2,False,109,13,260,1,2,Powell
-4.4,False,109,13,260,1,2,Powell
-4.6,False,109,13,260,1,2,Powell
-4.8,False,109,13,260,1,2,Powell
-5.0,False,109,13,260,1,2,Powell
-5.2,False,109,13,260,1,2,Powell
-5.4,False,109,13,260,1,2,Powell
-5.6,False,109,13,260,1,2,Powell
-5.8,False,109,13,260,1,2,Powell
-6.0,False,109,13,260,1,2,Powell
-6.2,False,109,13,260,1,2,Powell
-6.4,False,109,13,260,1,2,Powell
-6.6,False,109,13,260,1,2,Powell
-6.8,False,109,13,260,1,2,Powell
-7.0,False,109,13,260,1,2,Powell
-7.2,False,109,13,260,1,2,Powell
-7.4,False,109,13,260,1,2,Powell
-7.6,False,109,13,260,1,2,Powell
-7.8,False,109,13,260,1,2,Powell
-8.0,False,109,13,260,1,2,Powell
2.0,True,4,13,261,1,2,Powell
1.8,True,4,13,261,1,2,Powell
1.6,True,4,13,261,1,2,Powell
1.4,True,4,13,261,1,2,Powell
1.2,True,14,13,261,1,2,Powell
1.0,True,14,13,261,1,2,Powell
0.8,True,16,13,261,1,2,Powell
0.6,True,18,13,261,1,2,Powell
0.4,True,18,13,261,1,2,Powell
0.2,True,18,13,261,1,2,Powell
0.0,True,20,13,261,1,2,Powell
-0.2,True,20,13,261,1,2,Powell
-0.4,True,23,13,261,1,2,Powell
-0.6,False,169,13,261,1,2,Powell
-0.8,False,169,13,261,1,2,Powell
-1.0,False,169,13,261,1,2,Powell
-1.2,False,169,13,261,1,2,Powell
-1.4,False,169,13,261,1,2,Powell
-1.6,False,169,13,261,1,2,Powell
-1.8,False,169,13,261,1,2,Powell
-2.0,False,169,13,261,1,2,Powell
-2.2,False,169,13,261,1,2,Powell
-2.4,False,169,13,261,1,2,Powell
-2.6,False,169,13,261,1,2,Powell
-2.8,False,169,13,261,1,2,Powell
-3.0,False,169,13,261,1,2,Powell
-3.2,False,169,13,261,1,2,Powell
-3.4,False,169,13,261,1,2,Powell
-3.6,False,169,13,261,1,2,Powell
-3.8,False,169,13,261,1,2,Powell
-4.0,False,169,13,261,1,2,Powell
-4.2,False,169,13,261,1,2,Powell
-4.4,False,169,13,261,1,2,Powell
-4.6,False,169,13,261,1,2,Powell
-4.8,False,169,13,261,1,2,Powell
-5.0,False,169,13,261,1,2,Powell
-5.2,False,169,13,261,1,2,Powell
-5.4,False,169,13,261,1,2,Powell
-5.6,False,169,13,261,1,2,Powell
-5.8,False,169,13,261,1,2,Powell
-6.0,False,169,13,261,1,2,Powell
-6.2,False,169,13,261,1,2,Powell
-6.4,False,169,13,261,1,2,Powell
-6.6,False,169,13,261,1,2,Powell
-6.8,False,169,13,261,1,2,Powell
-7.0,False,169,13,261,1,2,Powell
-7.2,False,169,13,261,1,2,Powell
-7.4,False,169,13,261,1,2,Powell
-7.6,False,169,13,261,1,2,Powell
-7.8,False,169,13,261,1,2,Powell
-8.0,False,169,13,261,1,2,Powell
2.0,True,4,13,262,1,2,Powell
1.8,True,10,13,262,1,2,Powell
1.6,True,10,13,262,1,2,Powell
1.4,True,10,13,262,1,2,Powell
1.2,True,10,13,262,1,2,Powell
1.0,True,14,13,262,1,2,Powell
0.8,False,91,13,262,1,2,Powell
0.6,False,91,13,262,1,2,Powell
0.4,False,91,13,262,1,2,Powell
0.2,False,91,13,262,1,2,Powell
0.0,False,91,13,262,1,2,Powell
-0.2,False,91,13,262,1,2,Powell
-0.4,False,91,13,262,1,2,Powell
-0.6,False,91,13,262,1,2,Powell
-0.8,False,91,13,262,1,2,Powell
-1.0,False,91,13,262,1,2,Powell
-1.2,False,91,13,262,1,2,Powell
-1.4,False,91,13,262,1,2,Powell
-1.6,False,91,13,262,1,2,Powell
-1.8,False,91,13,262,1,2,Powell
-2.0,False,91,13,262,1,2,Powell
-2.2,False,91,13,262,1,2,Powell
-2.4,False,91,13,262,1,2,Powell
-2.6,False,91,13,262,1,2,Powell
-2.8,False,91,13,262,1,2,Powell
-3.0,False,91,13,262,1,2,Powell
-3.2,False,91,13,262,1,2,Powell
-3.4,False,91,13,262,1,2,Powell
-3.6,False,91,13,262,1,2,Powell
-3.8,False,91,13,262,1,2,Powell
-4.0,False,91,13,262,1,2,Powell
-4.2,False,91,13,262,1,2,Powell
-4.4,False,91,13,262,1,2,Powell
-4.6,False,91,13,262,1,2,Powell
-4.8,False,91,13,262,1,2,Powell
-5.0,False,91,13,262,1,2,Powell
-5.2,False,91,13,262,1,2,Powell
-5.4,False,91,13,262,1,2,Powell
-5.6,False,91,13,262,1,2,Powell
-5.8,False,91,13,262,1,2,Powell
-6.0,False,91,13,262,1,2,Powell
-6.2,False,91,13,262,1,2,Powell
-6.4,False,91,13,262,1,2,Powell
-6.6,False,91,13,262,1,2,Powell
-6.8,False,91,13,262,1,2,Powell
-7.0,False,91,13,262,1,2,Powell
-7.2,False,91,13,262,1,2,Powell
-7.4,False,91,13,262,1,2,Powell
-7.6,False,91,13,262,1,2,Powell
-7.8,False,91,13,262,1,2,Powell
-8.0,False,91,13,262,1,2,Powell
2.0,True,5,13,263,1,2,Powell
1.8,True,5,13,263,1,2,Powell
1.6,True,7,13,263,1,2,Powell
1.4,True,7,13,263,1,2,Powell
1.2,True,7,13,263,1,2,Powell
1.0,True,7,13,263,1,2,Powell
0.8,False,151,13,263,1,2,Powell
0.6,False,151,13,263,1,2,Powell
0.4,False,151,13,263,1,2,Powell
0.2,False,151,13,263,1,2,Powell
0.0,False,151,13,263,1,2,Powell
-0.2,False,151,13,263,1,2,Powell
-0.4,False,151,13,263,1,2,Powell
-0.6,False,151,13,263,1,2,Powell
-0.8,False,151,13,263,1,2,Powell
-1.0,False,151,13,263,1,2,Powell
-1.2,False,151,13,263,1,2,Powell
-1.4,False,151,13,263,1,2,Powell
-1.6,False,151,13,263,1,2,Powell
-1.8,False,151,13,263,1,2,Powell
-2.0,False,151,13,263,1,2,Powell
-2.2,False,151,13,263,1,2,Powell
-2.4,False,151,13,263,1,2,Powell
-2.6,False,151,13,263,1,2,Powell
-2.8,False,151,13,263,1,2,Powell
-3.0,False,151,13,263,1,2,Powell
-3.2,False,151,13,263,1,2,Powell
-3.4,False,151,13,263,1,2,Powell
-3.6,False,151,13,263,1,2,Powell
-3.8,False,151,13,263,1,2,Powell
-4.0,False,151,13,263,1,2,Powell
-4.2,False,151,13,263,1,2,Powell
-4.4,False,151,13,263,1,2,Powell
-4.6,False,151,13,263,1,2,Powell
-4.8,False,151,13,263,1,2,Powell
-5.0,False,151,13,263,1,2,Powell
-5.2,False,151,13,263,1,2,Powell
-5.4,False,151,13,263,1,2,Powell
-5.6,False,151,13,263,1,2,Powell
-5.8,False,151,13,263,1,2,Powell
-6.0,False,151,13,263,1,2,Powell
-6.2,False,151,13,263,1,2,Powell
-6.4,False,151,13,263,1,2,Powell
-6.6,False,151,13,263,1,2,Powell
-6.8,False,151,13,263,1,2,Powell
-7.0,False,151,13,263,1,2,Powell
-7.2,False,151,13,263,1,2,Powell
-7.4,False,151,13,263,1,2,Powell
-7.6,False,151,13,263,1,2,Powell
-7.8,False,151,13,263,1,2,Powell
-8.0,False,151,13,263,1,2,Powell
2.0,True,13,13,264,1,2,Powell
1.8,True,18,13,264,1,2,Powell
1.6,True,26,13,264,1,2,Powell
1.4,True,37,13,264,1,2,Powell
1.2,True,45,13,264,1,2,Powell
1.0,True,45,13,264,1,2,Powell
0.8,True,45,13,264,1,2,Powell
0.6,True,45,13,264,1,2,Powell
0.4,True,45,13,264,1,2,Powell
0.2,True,51,13,264,1,2,Powell
0.0,True,59,13,264,1,2,Powell
-0.2,True,59,13,264,1,2,Powell
-0.4,True,61,13,264,1,2,Powell
-0.6,True,61,13,264,1,2,Powell
-0.8,True,62,13,264,1,2,Powell
-1.0,True,63,13,264,1,2,Powell
-1.2,True,63,13,264,1,2,Powell
-1.4,True,63,13,264,1,2,Powell
-1.6,True,64,13,264,1,2,Powell
-1.8,True,64,13,264,1,2,Powell
-2.0,True,64,13,264,1,2,Powell
-2.2,True,66,13,264,1,2,Powell
-2.4,True,66,13,264,1,2,Powell
-2.6,True,66,13,264,1,2,Powell
-2.8,True,75,13,264,1,2,Powell
-3.0,True,77,13,264,1,2,Powell
-3.2,True,77,13,264,1,2,Powell
-3.4,True,77,13,264,1,2,Powell
-3.6,True,77,13,264,1,2,Powell
-3.8,True,77,13,264,1,2,Powell
-4.0,True,80,13,264,1,2,Powell
-4.2,True,80,13,264,1,2,Powell
-4.4,False,139,13,264,1,2,Powell
-4.6,False,139,13,264,1,2,Powell
-4.8,False,139,13,264,1,2,Powell
-5.0,False,139,13,264,1,2,Powell
-5.2,False,139,13,264,1,2,Powell
-5.4,False,139,13,264,1,2,Powell
-5.6,False,139,13,264,1,2,Powell
-5.8,False,139,13,264,1,2,Powell
-6.0,False,139,13,264,1,2,Powell
-6.2,False,139,13,264,1,2,Powell
-6.4,False,139,13,264,1,2,Powell
-6.6,False,139,13,264,1,2,Powell
-6.8,False,139,13,264,1,2,Powell
-7.0,False,139,13,264,1,2,Powell
-7.2,False,139,13,264,1,2,Powell
-7.4,False,139,13,264,1,2,Powell
-7.6,False,139,13,264,1,2,Powell
-7.8,False,139,13,264,1,2,Powell
-8.0,False,139,13,264,1,2,Powell
2.0,False,132,13,265,1,2,Powell
1.8,False,132,13,265,1,2,Powell
1.6,False,132,13,265,1,2,Powell
1.4,False,132,13,265,1,2,Powell
1.2,False,132,13,265,1,2,Powell
1.0,False,132,13,265,1,2,Powell
0.8,False,132,13,265,1,2,Powell
0.6,False,132,13,265,1,2,Powell
0.4,False,132,13,265,1,2,Powell
0.2,False,132,13,265,1,2,Powell
0.0,False,132,13,265,1,2,Powell
-0.2,False,132,13,265,1,2,Powell
-0.4,False,132,13,265,1,2,Powell
-0.6,False,132,13,265,1,2,Powell
-0.8,False,132,13,265,1,2,Powell
-1.0,False,132,13,265,1,2,Powell
-1.2,False,132,13,265,1,2,Powell
-1.4,False,132,13,265,1,2,Powell
-1.6,False,132,13,265,1,2,Powell
-1.8,False,132,13,265,1,2,Powell
-2.0,False,132,13,265,1,2,Powell
-2.2,False,132,13,265,1,2,Powell
-2.4,False,132,13,265,1,2,Powell
-2.6,False,132,13,265,1,2,Powell
-2.8,False,132,13,265,1,2,Powell
-3.0,False,132,13,265,1,2,Powell
-3.2,False,132,13,265,1,2,Powell
-3.4,False,132,13,265,1,2,Powell
-3.6,False,132,13,265,1,2,Powell
-3.8,False,132,13,265,1,2,Powell
-4.0,False,132,13,265,1,2,Powell
-4.2,False,132,13,265,1,2,Powell
-4.4,False,132,13,265,1,2,Powell
-4.6,False,132,13,265,1,2,Powell
-4.8,False,132,13,265,1,2,Powell
-5.0,False,132,13,265,1,2,Powell
-5.2,False,132,13,265,1,2,Powell
-5.4,False,132,13,265,1,2,Powell
-5.6,False,132,13,265,1,2,Powell
-5.8,False,132,13,265,1,2,Powell
-6.0,False,132,13,265,1,2,Powell
-6.2,False,132,13,265,1,2,Powell
-6.4,False,132,13,265,1,2,Powell
-6.6,False,132,13,265,1,2,Powell
-6.8,False,132,13,265,1,2,Powell
-7.0,False,132,13,265,1,2,Powell
-7.2,False,132,13,265,1,2,Powell
-7.4,False,132,13,265,1,2,Powell
-7.6,False,132,13,265,1,2,Powell
-7.8,False,132,13,265,1,2,Powell
-8.0,False,132,13,265,1,2,Powell
2.0,True,64,13,266,1,2,Powell
1.8,True,64,13,266,1,2,Powell
1.6,True,64,13,266,1,2,Powell
1.4,True,64,13,266,1,2,Powell
1.2,True,75,13,266,1,2,Powell
1.0,True,75,13,266,1,2,Powell
0.8,True,75,13,266,1,2,Powell
0.6,True,75,13,266,1,2,Powell
0.4,True,75,13,266,1,2,Powell
0.2,True,75,13,266,1,2,Powell
0.0,True,75,13,266,1,2,Powell
-0.2,True,75,13,266,1,2,Powell
-0.4,True,75,13,266,1,2,Powell
-0.6,True,75,13,266,1,2,Powell
-0.8,True,75,13,266,1,2,Powell
-1.0,True,75,13,266,1,2,Powell
-1.2,True,75,13,266,1,2,Powell
-1.4,True,75,13,266,1,2,Powell
-1.6,True,88,13,266,1,2,Powell
-1.8,True,88,13,266,1,2,Powell
-2.0,True,88,13,266,1,2,Powell
-2.2,True,92,13,266,1,2,Powell
-2.4,True,94,13,266,1,2,Powell
-2.6,False,154,13,266,1,2,Powell
-2.8,False,154,13,266,1,2,Powell
-3.0,False,154,13,266,1,2,Powell
-3.2,False,154,13,266,1,2,Powell
-3.4,False,154,13,266,1,2,Powell
-3.6,False,154,13,266,1,2,Powell
-3.8,False,154,13,266,1,2,Powell
-4.0,False,154,13,266,1,2,Powell
-4.2,False,154,13,266,1,2,Powell
-4.4,False,154,13,266,1,2,Powell
-4.6,False,154,13,266,1,2,Powell
-4.8,False,154,13,266,1,2,Powell
-5.0,False,154,13,266,1,2,Powell
-5.2,False,154,13,266,1,2,Powell
-5.4,False,154,13,266,1,2,Powell
-5.6,False,154,13,266,1,2,Powell
-5.8,False,154,13,266,1,2,Powell
-6.0,False,154,13,266,1,2,Powell
-6.2,False,154,13,266,1,2,Powell
-6.4,False,154,13,266,1,2,Powell
-6.6,False,154,13,266,1,2,Powell
-6.8,False,154,13,266,1,2,Powell
-7.0,False,154,13,266,1,2,Powell
-7.2,False,154,13,266,1,2,Powell
-7.4,False,154,13,266,1,2,Powell
-7.6,False,154,13,266,1,2,Powell
-7.8,False,154,13,266,1,2,Powell
-8.0,False,154,13,266,1,2,Powell
2.0,False,121,13,267,1,2,Powell
1.8,False,121,13,267,1,2,Powell
1.6,False,121,13,267,1,2,Powell
1.4,False,121,13,267,1,2,Powell
1.2,False,121,13,267,1,2,Powell
1.0,False,121,13,267,1,2,Powell
0.8,False,121,13,267,1,2,Powell
0.6,False,121,13,267,1,2,Powell
0.4,False,121,13,267,1,2,Powell
0.2,False,121,13,267,1,2,Powell
0.0,False,121,13,267,1,2,Powell
-0.2,False,121,13,267,1,2,Powell
-0.4,False,121,13,267,1,2,Powell
-0.6,False,121,13,267,1,2,Powell
-0.8,False,121,13,267,1,2,Powell
-1.0,False,121,13,267,1,2,Powell
-1.2,False,121,13,267,1,2,Powell
-1.4,False,121,13,267,1,2,Powell
-1.6,False,121,13,267,1,2,Powell
-1.8,False,121,13,267,1,2,Powell
-2.0,False,121,13,267,1,2,Powell
-2.2,False,121,13,267,1,2,Powell
-2.4,False,121,13,267,1,2,Powell
-2.6,False,121,13,267,1,2,Powell
-2.8,False,121,13,267,1,2,Powell
-3.0,False,121,13,267,1,2,Powell
-3.2,False,121,13,267,1,2,Powell
-3.4,False,121,13,267,1,2,Powell
-3.6,False,121,13,267,1,2,Powell
-3.8,False,121,13,267,1,2,Powell
-4.0,False,121,13,267,1,2,Powell
-4.2,False,121,13,267,1,2,Powell
-4.4,False,121,13,267,1,2,Powell
-4.6,False,121,13,267,1,2,Powell
-4.8,False,121,13,267,1,2,Powell
-5.0,False,121,13,267,1,2,Powell
-5.2,False,121,13,267,1,2,Powell
-5.4,False,121,13,267,1,2,Powell
-5.6,False,121,13,267,1,2,Powell
-5.8,False,121,13,267,1,2,Powell
-6.0,False,121,13,267,1,2,Powell
-6.2,False,121,13,267,1,2,Powell
-6.4,False,121,13,267,1,2,Powell
-6.6,False,121,13,267,1,2,Powell
-6.8,False,121,13,267,1,2,Powell
-7.0,False,121,13,267,1,2,Powell
-7.2,False,121,13,267,1,2,Powell
-7.4,False,121,13,267,1,2,Powell
-7.6,False,121,13,267,1,2,Powell
-7.8,False,121,13,267,1,2,Powell
-8.0,False,121,13,267,1,2,Powell
2.0,True,39,13,268,1,2,Powell
1.8,True,45,13,268,1,2,Powell
1.6,True,45,13,268,1,2,Powell
1.4,True,48,13,268,1,2,Powell
1.2,True,48,13,268,1,2,Powell
1.0,True,48,13,268,1,2,Powell
0.8,True,48,13,268,1,2,Powell
0.6,True,48,13,268,1,2,Powell
0.4,True,59,13,268,1,2,Powell
0.2,True,59,13,268,1,2,Powell
0.0,True,59,13,268,1,2,Powell
-0.2,True,61,13,268,1,2,Powell
-0.4,True,62,13,268,1,2,Powell
-0.6,True,64,13,268,1,2,Powell
-0.8,True,73,13,268,1,2,Powell
-1.0,True,87,13,268,1,2,Powell
-1.2,True,87,13,268,1,2,Powell
-1.4,False,158,13,268,1,2,Powell
-1.6,False,158,13,268,1,2,Powell
-1.8,False,158,13,268,1,2,Powell
-2.0,False,158,13,268,1,2,Powell
-2.2,False,158,13,268,1,2,Powell
-2.4,False,158,13,268,1,2,Powell
-2.6,False,158,13,268,1,2,Powell
-2.8,False,158,13,268,1,2,Powell
-3.0,False,158,13,268,1,2,Powell
-3.2,False,158,13,268,1,2,Powell
-3.4,False,158,13,268,1,2,Powell
-3.6,False,158,13,268,1,2,Powell
-3.8,False,158,13,268,1,2,Powell
-4.0,False,158,13,268,1,2,Powell
-4.2,False,158,13,268,1,2,Powell
-4.4,False,158,13,268,1,2,Powell
-4.6,False,158,13,268,1,2,Powell
-4.8,False,158,13,268,1,2,Powell
-5.0,False,158,13,268,1,2,Powell
-5.2,False,158,13,268,1,2,Powell
-5.4,False,158,13,268,1,2,Powell
-5.6,False,158,13,268,1,2,Powell
-5.8,False,158,13,268,1,2,Powell
-6.0,False,158,13,268,1,2,Powell
-6.2,False,158,13,268,1,2,Powell
-6.4,False,158,13,268,1,2,Powell
-6.6,False,158,13,268,1,2,Powell
-6.8,False,158,13,268,1,2,Powell
-7.0,False,158,13,268,1,2,Powell
-7.2,False,158,13,268,1,2,Powell
-7.4,False,158,13,268,1,2,Powell
-7.6,False,158,13,268,1,2,Powell
-7.8,False,158,13,268,1,2,Powell
-8.0,False,158,13,268,1,2,Powell
2.0,True,5,13,269,1,2,Powell
1.8,True,5,13,269,1,2,Powell
1.6,True,5,13,269,1,2,Powell
1.4,True,5,13,269,1,2,Powell
1.2,True,5,13,269,1,2,Powell
1.0,True,5,13,269,1,2,Powell
0.8,True,5,13,269,1,2,Powell
0.6,True,8,13,269,1,2,Powell
0.4,True,8,13,269,1,2,Powell
0.2,True,8,13,269,1,2,Powell
0.0,True,8,13,269,1,2,Powell
-0.2,True,8,13,269,1,2,Powell
-0.4,True,8,13,269,1,2,Powell
-0.6,True,8,13,269,1,2,Powell
-0.8,True,8,13,269,1,2,Powell
-1.0,True,8,13,269,1,2,Powell
-1.2,True,24,13,269,1,2,Powell
-1.4,True,24,13,269,1,2,Powell
-1.6,True,24,13,269,1,2,Powell
-1.8,False,89,13,269,1,2,Powell
-2.0,False,89,13,269,1,2,Powell
-2.2,False,89,13,269,1,2,Powell
-2.4,False,89,13,269,1,2,Powell
-2.6,False,89,13,269,1,2,Powell
-2.8,False,89,13,269,1,2,Powell
-3.0,False,89,13,269,1,2,Powell
-3.2,False,89,13,269,1,2,Powell
-3.4,False,89,13,269,1,2,Powell
-3.6,False,89,13,269,1,2,Powell
-3.8,False,89,13,269,1,2,Powell
-4.0,False,89,13,269,1,2,Powell
-4.2,False,89,13,269,1,2,Powell
-4.4,False,89,13,269,1,2,Powell
-4.6,False,89,13,269,1,2,Powell
-4.8,False,89,13,269,1,2,Powell
-5.0,False,89,13,269,1,2,Powell
-5.2,False,89,13,269,1,2,Powell
-5.4,False,89,13,269,1,2,Powell
-5.6,False,89,13,269,1,2,Powell
-5.8,False,89,13,269,1,2,Powell
-6.0,False,89,13,269,1,2,Powell
-6.2,False,89,13,269,1,2,Powell
-6.4,False,89,13,269,1,2,Powell
-6.6,False,89,13,269,1,2,Powell
-6.8,False,89,13,269,1,2,Powell
-7.0,False,89,13,269,1,2,Powell
-7.2,False,89,13,269,1,2,Powell
-7.4,False,89,13,269,1,2,Powell
-7.6,False,89,13,269,1,2,Powell
-7.8,False,89,13,269,1,2,Powell
-8.0,False,89,13,269,1,2,Powell
2.0,True,6,13,270,1,2,Powell
1.8,True,6,13,270,1,2,Powell
1.6,True,6,13,270,1,2,Powell
1.4,True,6,13,270,1,2,Powell
1.2,True,6,13,270,1,2,Powell
1.0,True,6,13,270,1,2,Powell
0.8,True,10,13,270,1,2,Powell
0.6,False,88,13,270,1,2,Powell
0.4,False,88,13,270,1,2,Powell
0.2,False,88,13,270,1,2,Powell
0.0,False,88,13,270,1,2,Powell
-0.2,False,88,13,270,1,2,Powell
-0.4,False,88,13,270,1,2,Powell
-0.6,False,88,13,270,1,2,Powell
-0.8,False,88,13,270,1,2,Powell
-1.0,False,88,13,270,1,2,Powell
-1.2,False,88,13,270,1,2,Powell
-1.4,False,88,13,270,1,2,Powell
-1.6,False,88,13,270,1,2,Powell
-1.8,False,88,13,270,1,2,Powell
-2.0,False,88,13,270,1,2,Powell
-2.2,False,88,13,270,1,2,Powell
-2.4,False,88,13,270,1,2,Powell
-2.6,False,88,13,270,1,2,Powell
-2.8,False,88,13,270,1,2,Powell
-3.0,False,88,13,270,1,2,Powell
-3.2,False,88,13,270,1,2,Powell
-3.4,False,88,13,270,1,2,Powell
-3.6,False,88,13,270,1,2,Powell
-3.8,False,88,13,270,1,2,Powell
-4.0,False,88,13,270,1,2,Powell
-4.2,False,88,13,270,1,2,Powell
-4.4,False,88,13,270,1,2,Powell
-4.6,False,88,13,270,1,2,Powell
-4.8,False,88,13,270,1,2,Powell
-5.0,False,88,13,270,1,2,Powell
-5.2,False,88,13,270,1,2,Powell
-5.4,False,88,13,270,1,2,Powell
-5.6,False,88,13,270,1,2,Powell
-5.8,False,88,13,270,1,2,Powell
-6.0,False,88,13,270,1,2,Powell
-6.2,False,88,13,270,1,2,Powell
-6.4,False,88,13,270,1,2,Powell
-6.6,False,88,13,270,1,2,Powell
-6.8,False,88,13,270,1,2,Powell
-7.0,False,88,13,270,1,2,Powell
-7.2,False,88,13,270,1,2,Powell
-7.4,False,88,13,270,1,2,Powell
-7.6,False,88,13,270,1,2,Powell
-7.8,False,88,13,270,1,2,Powell
-8.0,False,88,13,270,1,2,Powell
2.0,True,4,13,271,1,2,Powell
1.8,True,5,13,271,1,2,Powell
1.6,True,5,13,271,1,2,Powell
1.4,True,5,13,271,1,2,Powell
1.2,True,29,13,271,1,2,Powell
1.0,False,89,13,271,1,2,Powell
0.8,False,89,13,271,1,2,Powell
0.6,False,89,13,271,1,2,Powell
0.4,False,89,13,271,1,2,Powell
0.2,False,89,13,271,1,2,Powell
0.0,False,89,13,271,1,2,Powell
-0.2,False,89,13,271,1,2,Powell
-0.4,False,89,13,271,1,2,Powell
-0.6,False,89,13,271,1,2,Powell
-0.8,False,89,13,271,1,2,Powell
-1.0,False,89,13,271,1,2,Powell
-1.2,False,89,13,271,1,2,Powell
-1.4,False,89,13,271,1,2,Powell
-1.6,False,89,13,271,1,2,Powell
-1.8,False,89,13,271,1,2,Powell
-2.0,False,89,13,271,1,2,Powell
-2.2,False,89,13,271,1,2,Powell
-2.4,False,89,13,271,1,2,Powell
-2.6,False,89,13,271,1,2,Powell
-2.8,False,89,13,271,1,2,Powell
-3.0,False,89,13,271,1,2,Powell
-3.2,False,89,13,271,1,2,Powell
-3.4,False,89,13,271,1,2,Powell
-3.6,False,89,13,271,1,2,Powell
-3.8,False,89,13,271,1,2,Powell
-4.0,False,89,13,271,1,2,Powell
-4.2,False,89,13,271,1,2,Powell
-4.4,False,89,13,271,1,2,Powell
-4.6,False,89,13,271,1,2,Powell
-4.8,False,89,13,271,1,2,Powell
-5.0,False,89,13,271,1,2,Powell
-5.2,False,89,13,271,1,2,Powell
-5.4,False,89,13,271,1,2,Powell
-5.6,False,89,13,271,1,2,Powell
-5.8,False,89,13,271,1,2,Powell
-6.0,False,89,13,271,1,2,Powell
-6.2,False,89,13,271,1,2,Powell
-6.4,False,89,13,271,1,2,Powell
-6.6,False,89,13,271,1,2,Powell
-6.8,False,89,13,271,1,2,Powell
-7.0,False,89,13,271,1,2,Powell
-7.2,False,89,13,271,1,2,Powell
-7.4,False,89,13,271,1,2,Powell
-7.6,False,89,13,271,1,2,Powell
-7.8,False,89,13,271,1,2,Powell
-8.0,False,89,13,271,1,2,Powell
2.0,True,8,13,272,1,2,Powell
1.8,True,10,13,272,1,2,Powell
1.6,False,156,13,272,1,2,Powell
1.4,False,156,13,272,1,2,Powell
1.2,False,156,13,272,1,2,Powell
1.0,False,156,13,272,1,2,Powell
0.8,False,156,13,272,1,2,Powell
0.6,False,156,13,272,1,2,Powell
0.4,False,156,13,272,1,2,Powell
0.2,False,156,13,272,1,2,Powell
0.0,False,156,13,272,1,2,Powell
-0.2,False,156,13,272,1,2,Powell
-0.4,False,156,13,272,1,2,Powell
-0.6,False,156,13,272,1,2,Powell
-0.8,False,156,13,272,1,2,Powell
-1.0,False,156,13,272,1,2,Powell
-1.2,False,156,13,272,1,2,Powell
-1.4,False,156,13,272,1,2,Powell
-1.6,False,156,13,272,1,2,Powell
-1.8,False,156,13,272,1,2,Powell
-2.0,False,156,13,272,1,2,Powell
-2.2,False,156,13,272,1,2,Powell
-2.4,False,156,13,272,1,2,Powell
-2.6,False,156,13,272,1,2,Powell
-2.8,False,156,13,272,1,2,Powell
-3.0,False,156,13,272,1,2,Powell
-3.2,False,156,13,272,1,2,Powell
-3.4,False,156,13,272,1,2,Powell
-3.6,False,156,13,272,1,2,Powell
-3.8,False,156,13,272,1,2,Powell
-4.0,False,156,13,272,1,2,Powell
-4.2,False,156,13,272,1,2,Powell
-4.4,False,156,13,272,1,2,Powell
-4.6,False,156,13,272,1,2,Powell
-4.8,False,156,13,272,1,2,Powell
-5.0,False,156,13,272,1,2,Powell
-5.2,False,156,13,272,1,2,Powell
-5.4,False,156,13,272,1,2,Powell
-5.6,False,156,13,272,1,2,Powell
-5.8,False,156,13,272,1,2,Powell
-6.0,False,156,13,272,1,2,Powell
-6.2,False,156,13,272,1,2,Powell
-6.4,False,156,13,272,1,2,Powell
-6.6,False,156,13,272,1,2,Powell
-6.8,False,156,13,272,1,2,Powell
-7.0,False,156,13,272,1,2,Powell
-7.2,False,156,13,272,1,2,Powell
-7.4,False,156,13,272,1,2,Powell
-7.6,False,156,13,272,1,2,Powell
-7.8,False,156,13,272,1,2,Powell
-8.0,False,156,13,272,1,2,Powell
2.0,True,4,13,273,1,2,Powell
1.8,True,4,13,273,1,2,Powell
1.6,True,4,13,273,1,2,Powell
1.4,True,4,13,273,1,2,Powell
1.2,True,9,13,273,1,2,Powell
1.0,True,11,13,273,1,2,Powell
0.8,False,93,13,273,1,2,Powell
0.6,False,93,13,273,1,2,Powell
0.4,False,93,13,273,1,2,Powell
0.2,False,93,13,273,1,2,Powell
0.0,False,93,13,273,1,2,Powell
-0.2,False,93,13,273,1,2,Powell
-0.4,False,93,13,273,1,2,Powell
-0.6,False,93,13,273,1,2,Powell
-0.8,False,93,13,273,1,2,Powell
-1.0,False,93,13,273,1,2,Powell
-1.2,False,93,13,273,1,2,Powell
-1.4,False,93,13,273,1,2,Powell
-1.6,False,93,13,273,1,2,Powell
-1.8,False,93,13,273,1,2,Powell
-2.0,False,93,13,273,1,2,Powell
-2.2,False,93,13,273,1,2,Powell
-2.4,False,93,13,273,1,2,Powell
-2.6,False,93,13,273,1,2,Powell
-2.8,False,93,13,273,1,2,Powell
-3.0,False,93,13,273,1,2,Powell
-3.2,False,93,13,273,1,2,Powell
-3.4,False,93,13,273,1,2,Powell
-3.6,False,93,13,273,1,2,Powell
-3.8,False,93,13,273,1,2,Powell
-4.0,False,93,13,273,1,2,Powell
-4.2,False,93,13,273,1,2,Powell
-4.4,False,93,13,273,1,2,Powell
-4.6,False,93,13,273,1,2,Powell
-4.8,False,93,13,273,1,2,Powell
-5.0,False,93,13,273,1,2,Powell
-5.2,False,93,13,273,1,2,Powell
-5.4,False,93,13,273,1,2,Powell
-5.6,False,93,13,273,1,2,Powell
-5.8,False,93,13,273,1,2,Powell
-6.0,False,93,13,273,1,2,Powell
-6.2,False,93,13,273,1,2,Powell
-6.4,False,93,13,273,1,2,Powell
-6.6,False,93,13,273,1,2,Powell
-6.8,False,93,13,273,1,2,Powell
-7.0,False,93,13,273,1,2,Powell
-7.2,False,93,13,273,1,2,Powell
-7.4,False,93,13,273,1,2,Powell
-7.6,False,93,13,273,1,2,Powell
-7.8,False,93,13,273,1,2,Powell
-8.0,False,93,13,273,1,2,Powell
2.0,True,9,13,274,1,2,Powell
1.8,True,9,13,274,1,2,Powell
1.6,True,12,13,274,1,2,Powell
1.4,True,13,13,274,1,2,Powell
1.2,False,84,13,274,1,2,Powell
1.0,False,84,13,274,1,2,Powell
0.8,False,84,13,274,1,2,Powell
0.6,False,84,13,274,1,2,Powell
0.4,False,84,13,274,1,2,Powell
0.2,False,84,13,274,1,2,Powell
0.0,False,84,13,274,1,2,Powell
-0.2,False,84,13,274,1,2,Powell
-0.4,False,84,13,274,1,2,Powell
-0.6,False,84,13,274,1,2,Powell
-0.8,False,84,13,274,1,2,Powell
-1.0,False,84,13,274,1,2,Powell
-1.2,False,84,13,274,1,2,Powell
-1.4,False,84,13,274,1,2,Powell
-1.6,False,84,13,274,1,2,Powell
-1.8,False,84,13,274,1,2,Powell
-2.0,False,84,13,274,1,2,Powell
-2.2,False,84,13,274,1,2,Powell
-2.4,False,84,13,274,1,2,Powell
-2.6,False,84,13,274,1,2,Powell
-2.8,False,84,13,274,1,2,Powell
-3.0,False,84,13,274,1,2,Powell
-3.2,False,84,13,274,1,2,Powell
-3.4,False,84,13,274,1,2,Powell
-3.6,False,84,13,274,1,2,Powell
-3.8,False,84,13,274,1,2,Powell
-4.0,False,84,13,274,1,2,Powell
-4.2,False,84,13,274,1,2,Powell
-4.4,False,84,13,274,1,2,Powell
-4.6,False,84,13,274,1,2,Powell
-4.8,False,84,13,274,1,2,Powell
-5.0,False,84,13,274,1,2,Powell
-5.2,False,84,13,274,1,2,Powell
-5.4,False,84,13,274,1,2,Powell
-5.6,False,84,13,274,1,2,Powell
-5.8,False,84,13,274,1,2,Powell
-6.0,False,84,13,274,1,2,Powell
-6.2,False,84,13,274,1,2,Powell
-6.4,False,84,13,274,1,2,Powell
-6.6,False,84,13,274,1,2,Powell
-6.8,False,84,13,274,1,2,Powell
-7.0,False,84,13,274,1,2,Powell
-7.2,False,84,13,274,1,2,Powell
-7.4,False,84,13,274,1,2,Powell
-7.6,False,84,13,274,1,2,Powell
-7.8,False,84,13,274,1,2,Powell
-8.0,False,84,13,274,1,2,Powell
2.0,True,7,13,275,1,2,Powell
1.8,True,7,13,275,1,2,Powell
1.6,True,11,13,275,1,2,Powell
1.4,False,144,13,275,1,2,Powell
1.2,False,144,13,275,1,2,Powell
1.0,False,144,13,275,1,2,Powell
0.8,False,144,13,275,1,2,Powell
0.6,False,144,13,275,1,2,Powell
0.4,False,144,13,275,1,2,Powell
0.2,False,144,13,275,1,2,Powell
0.0,False,144,13,275,1,2,Powell
-0.2,False,144,13,275,1,2,Powell
-0.4,False,144,13,275,1,2,Powell
-0.6,False,144,13,275,1,2,Powell
-0.8,False,144,13,275,1,2,Powell
-1.0,False,144,13,275,1,2,Powell
-1.2,False,144,13,275,1,2,Powell
-1.4,False,144,13,275,1,2,Powell
-1.6,False,144,13,275,1,2,Powell
-1.8,False,144,13,275,1,2,Powell
-2.0,False,144,13,275,1,2,Powell
-2.2,False,144,13,275,1,2,Powell
-2.4,False,144,13,275,1,2,Powell
-2.6,False,144,13,275,1,2,Powell
-2.8,False,144,13,275,1,2,Powell
-3.0,False,144,13,275,1,2,Powell
-3.2,False,144,13,275,1,2,Powell
-3.4,False,144,13,275,1,2,Powell
-3.6,False,144,13,275,1,2,Powell
-3.8,False,144,13,275,1,2,Powell
-4.0,False,144,13,275,1,2,Powell
-4.2,False,144,13,275,1,2,Powell
-4.4,False,144,13,275,1,2,Powell
-4.6,False,144,13,275,1,2,Powell
-4.8,False,144,13,275,1,2,Powell
-5.0,False,144,13,275,1,2,Powell
-5.2,False,144,13,275,1,2,Powell
-5.4,False,144,13,275,1,2,Powell
-5.6,False,144,13,275,1,2,Powell
-5.8,False,144,13,275,1,2,Powell
-6.0,False,144,13,275,1,2,Powell
-6.2,False,144,13,275,1,2,Powell
-6.4,False,144,13,275,1,2,Powell
-6.6,False,144,13,275,1,2,Powell
-6.8,False,144,13,275,1,2,Powell
-7.0,False,144,13,275,1,2,Powell
-7.2,False,144,13,275,1,2,Powell
-7.4,False,144,13,275,1,2,Powell
-7.6,False,144,13,275,1,2,Powell
-7.8,False,144,13,275,1,2,Powell
-8.0,False,144,13,275,1,2,Powell
2.0,True,7,13,276,1,2,Powell
1.8,True,7,13,276,1,2,Powell
1.6,True,10,13,276,1,2,Powell
1.4,False,89,13,276,1,2,Powell
1.2,False,89,13,276,1,2,Powell
1.0,False,89,13,276,1,2,Powell
0.8,False,89,13,276,1,2,Powell
0.6,False,89,13,276,1,2,Powell
0.4,False,89,13,276,1,2,Powell
0.2,False,89,13,276,1,2,Powell
0.0,False,89,13,276,1,2,Powell
-0.2,False,89,13,276,1,2,Powell
-0.4,False,89,13,276,1,2,Powell
-0.6,False,89,13,276,1,2,Powell
-0.8,False,89,13,276,1,2,Powell
-1.0,False,89,13,276,1,2,Powell
-1.2,False,89,13,276,1,2,Powell
-1.4,False,89,13,276,1,2,Powell
-1.6,False,89,13,276,1,2,Powell
-1.8,False,89,13,276,1,2,Powell
-2.0,False,89,13,276,1,2,Powell
-2.2,False,89,13,276,1,2,Powell
-2.4,False,89,13,276,1,2,Powell
-2.6,False,89,13,276,1,2,Powell
-2.8,False,89,13,276,1,2,Powell
-3.0,False,89,13,276,1,2,Powell
-3.2,False,89,13,276,1,2,Powell
-3.4,False,89,13,276,1,2,Powell
-3.6,False,89,13,276,1,2,Powell
-3.8,False,89,13,276,1,2,Powell
-4.0,False,89,13,276,1,2,Powell
-4.2,False,89,13,276,1,2,Powell
-4.4,False,89,13,276,1,2,Powell
-4.6,False,89,13,276,1,2,Powell
-4.8,False,89,13,276,1,2,Powell
-5.0,False,89,13,276,1,2,Powell
-5.2,False,89,13,276,1,2,Powell
-5.4,False,89,13,276,1,2,Powell
-5.6,False,89,13,276,1,2,Powell
-5.8,False,89,13,276,1,2,Powell
-6.0,False,89,13,276,1,2,Powell
-6.2,False,89,13,276,1,2,Powell
-6.4,False,89,13,276,1,2,Powell
-6.6,False,89,13,276,1,2,Powell
-6.8,False,89,13,276,1,2,Powell
-7.0,False,89,13,276,1,2,Powell
-7.2,False,89,13,276,1,2,Powell
-7.4,False,89,13,276,1,2,Powell
-7.6,False,89,13,276,1,2,Powell
-7.8,False,89,13,276,1,2,Powell
-8.0,False,89,13,276,1,2,Powell
2.0,True,4,13,277,1,2,Powell
1.8,True,6,13,277,1,2,Powell
1.6,True,8,13,277,1,2,Powell
1.4,True,8,13,277,1,2,Powell
1.2,True,8,13,277,1,2,Powell
1.0,True,8,13,277,1,2,Powell
0.8,True,8,13,277,1,2,Powell
0.6,True,8,13,277,1,2,Powell
0.4,True,18,13,277,1,2,Powell
0.2,True,18,13,277,1,2,Powell
0.0,True,18,13,277,1,2,Powell
-0.2,False,94,13,277,1,2,Powell
-0.4,False,94,13,277,1,2,Powell
-0.6,False,94,13,277,1,2,Powell
-0.8,False,94,13,277,1,2,Powell
-1.0,False,94,13,277,1,2,Powell
-1.2,False,94,13,277,1,2,Powell
-1.4,False,94,13,277,1,2,Powell
-1.6,False,94,13,277,1,2,Powell
-1.8,False,94,13,277,1,2,Powell
-2.0,False,94,13,277,1,2,Powell
-2.2,False,94,13,277,1,2,Powell
-2.4,False,94,13,277,1,2,Powell
-2.6,False,94,13,277,1,2,Powell
-2.8,False,94,13,277,1,2,Powell
-3.0,False,94,13,277,1,2,Powell
-3.2,False,94,13,277,1,2,Powell
-3.4,False,94,13,277,1,2,Powell
-3.6,False,94,13,277,1,2,Powell
-3.8,False,94,13,277,1,2,Powell
-4.0,False,94,13,277,1,2,Powell
-4.2,False,94,13,277,1,2,Powell
-4.4,False,94,13,277,1,2,Powell
-4.6,False,94,13,277,1,2,Powell
-4.8,False,94,13,277,1,2,Powell
-5.0,False,94,13,277,1,2,Powell
-5.2,False,94,13,277,1,2,Powell
-5.4,False,94,13,277,1,2,Powell
-5.6,False,94,13,277,1,2,Powell
-5.8,False,94,13,277,1,2,Powell
-6.0,False,94,13,277,1,2,Powell
-6.2,False,94,13,277,1,2,Powell
-6.4,False,94,13,277,1,2,Powell
-6.6,False,94,13,277,1,2,Powell
-6.8,False,94,13,277,1,2,Powell
-7.0,False,94,13,277,1,2,Powell
-7.2,False,94,13,277,1,2,Powell
-7.4,False,94,13,277,1,2,Powell
-7.6,False,94,13,277,1,2,Powell
-7.8,False,94,13,277,1,2,Powell
-8.0,False,94,13,277,1,2,Powell
2.0,True,13,13,278,1,2,Powell
1.8,True,13,13,278,1,2,Powell
1.6,True,17,13,278,1,2,Powell
1.4,True,18,13,278,1,2,Powell
1.2,False,94,13,278,1,2,Powell
1.0,False,94,13,278,1,2,Powell
0.8,False,94,13,278,1,2,Powell
0.6,False,94,13,278,1,2,Powell
0.4,False,94,13,278,1,2,Powell
0.2,False,94,13,278,1,2,Powell
0.0,False,94,13,278,1,2,Powell
-0.2,False,94,13,278,1,2,Powell
-0.4,False,94,13,278,1,2,Powell
-0.6,False,94,13,278,1,2,Powell
-0.8,False,94,13,278,1,2,Powell
-1.0,False,94,13,278,1,2,Powell
-1.2,False,94,13,278,1,2,Powell
-1.4,False,94,13,278,1,2,Powell
-1.6,False,94,13,278,1,2,Powell
-1.8,False,94,13,278,1,2,Powell
-2.0,False,94,13,278,1,2,Powell
-2.2,False,94,13,278,1,2,Powell
-2.4,False,94,13,278,1,2,Powell
-2.6,False,94,13,278,1,2,Powell
-2.8,False,94,13,278,1,2,Powell
-3.0,False,94,13,278,1,2,Powell
-3.2,False,94,13,278,1,2,Powell
-3.4,False,94,13,278,1,2,Powell
-3.6,False,94,13,278,1,2,Powell
-3.8,False,94,13,278,1,2,Powell
-4.0,False,94,13,278,1,2,Powell
-4.2,False,94,13,278,1,2,Powell
-4.4,False,94,13,278,1,2,Powell
-4.6,False,94,13,278,1,2,Powell
-4.8,False,94,13,278,1,2,Powell
-5.0,False,94,13,278,1,2,Powell
-5.2,False,94,13,278,1,2,Powell
-5.4,False,94,13,278,1,2,Powell
-5.6,False,94,13,278,1,2,Powell
-5.8,False,94,13,278,1,2,Powell
-6.0,False,94,13,278,1,2,Powell
-6.2,False,94,13,278,1,2,Powell
-6.4,False,94,13,278,1,2,Powell
-6.6,False,94,13,278,1,2,Powell
-6.8,False,94,13,278,1,2,Powell
-7.0,False,94,13,278,1,2,Powell
-7.2,False,94,13,278,1,2,Powell
-7.4,False,94,13,278,1,2,Powell
-7.6,False,94,13,278,1,2,Powell
-7.8,False,94,13,278,1,2,Powell
-8.0,False,94,13,278,1,2,Powell
2.0,True,8,13,279,1,2,Powell
1.8,False,81,13,279,1,2,Powell
1.6,False,81,13,279,1,2,Powell
1.4,False,81,13,279,1,2,Powell
1.2,False,81,13,279,1,2,Powell
1.0,False,81,13,279,1,2,Powell
0.8,False,81,13,279,1,2,Powell
0.6,False,81,13,279,1,2,Powell
0.4,False,81,13,279,1,2,Powell
0.2,False,81,13,279,1,2,Powell
0.0,False,81,13,279,1,2,Powell
-0.2,False,81,13,279,1,2,Powell
-0.4,False,81,13,279,1,2,Powell
-0.6,False,81,13,279,1,2,Powell
-0.8,False,81,13,279,1,2,Powell
-1.0,False,81,13,279,1,2,Powell
-1.2,False,81,13,279,1,2,Powell
-1.4,False,81,13,279,1,2,Powell
-1.6,False,81,13,279,1,2,Powell
-1.8,False,81,13,279,1,2,Powell
-2.0,False,81,13,279,1,2,Powell
-2.2,False,81,13,279,1,2,Powell
-2.4,False,81,13,279,1,2,Powell
-2.6,False,81,13,279,1,2,Powell
-2.8,False,81,13,279,1,2,Powell
-3.0,False,81,13,279,1,2,Powell
-3.2,False,81,13,279,1,2,Powell
-3.4,False,81,13,279,1,2,Powell
-3.6,False,81,13,279,1,2,Powell
-3.8,False,81,13,279,1,2,Powell
-4.0,False,81,13,279,1,2,Powell
-4.2,False,81,13,279,1,2,Powell
-4.4,False,81,13,279,1,2,Powell
-4.6,False,81,13,279,1,2,Powell
-4.8,False,81,13,279,1,2,Powell
-5.0,False,81,13,279,1,2,Powell
-5.2,False,81,13,279,1,2,Powell
-5.4,False,81,13,279,1,2,Powell
-5.6,False,81,13,279,1,2,Powell
-5.8,False,81,13,279,1,2,Powell
-6.0,False,81,13,279,1,2,Powell
-6.2,False,81,13,279,1,2,Powell
-6.4,False,81,13,279,1,2,Powell
-6.6,False,81,13,279,1,2,Powell
-6.8,False,81,13,279,1,2,Powell
-7.0,False,81,13,279,1,2,Powell
-7.2,False,81,13,279,1,2,Powell
-7.4,False,81,13,279,1,2,Powell
-7.6,False,81,13,279,1,2,Powell
-7.8,False,81,13,279,1,2,Powell
-8.0,False,81,13,279,1,2,Powell
2.0,True,5,13,280,1,2,Powell
1.8,True,5,13,280,1,2,Powell
1.6,True,8,13,280,1,2,Powell
1.4,False,83,13,280,1,2,Powell
1.2,False,83,13,280,1,2,Powell
1.0,False,83,13,280,1,2,Powell
0.8,False,83,13,280,1,2,Powell
0.6,False,83,13,280,1,2,Powell
0.4,False,83,13,280,1,2,Powell
0.2,False,83,13,280,1,2,Powell
0.0,False,83,13,280,1,2,Powell
-0.2,False,83,13,280,1,2,Powell
-0.4,False,83,13,280,1,2,Powell
-0.6,False,83,13,280,1,2,Powell
-0.8,False,83,13,280,1,2,Powell
-1.0,False,83,13,280,1,2,Powell
-1.2,False,83,13,280,1,2,Powell
-1.4,False,83,13,280,1,2,Powell
-1.6,False,83,13,280,1,2,Powell
-1.8,False,83,13,280,1,2,Powell
-2.0,False,83,13,280,1,2,Powell
-2.2,False,83,13,280,1,2,Powell
-2.4,False,83,13,280,1,2,Powell
-2.6,False,83,13,280,1,2,Powell
-2.8,False,83,13,280,1,2,Powell
-3.0,False,83,13,280,1,2,Powell
-3.2,False,83,13,280,1,2,Powell
-3.4,False,83,13,280,1,2,Powell
-3.6,False,83,13,280,1,2,Powell
-3.8,False,83,13,280,1,2,Powell
-4.0,False,83,13,280,1,2,Powell
-4.2,False,83,13,280,1,2,Powell
-4.4,False,83,13,280,1,2,Powell
-4.6,False,83,13,280,1,2,Powell
-4.8,False,83,13,280,1,2,Powell
-5.0,False,83,13,280,1,2,Powell
-5.2,False,83,13,280,1,2,Powell
-5.4,False,83,13,280,1,2,Powell
-5.6,False,83,13,280,1,2,Powell
-5.8,False,83,13,280,1,2,Powell
-6.0,False,83,13,280,1,2,Powell
-6.2,False,83,13,280,1,2,Powell
-6.4,False,83,13,280,1,2,Powell
-6.6,False,83,13,280,1,2,Powell
-6.8,False,83,13,280,1,2,Powell
-7.0,False,83,13,280,1,2,Powell
-7.2,False,83,13,280,1,2,Powell
-7.4,False,83,13,280,1,2,Powell
-7.6,False,83,13,280,1,2,Powell
-7.8,False,83,13,280,1,2,Powell
-8.0,False,83,13,280,1,2,Powell
2.0,True,3,13,281,1,2,Powell
1.8,True,9,13,281,1,2,Powell
1.6,True,100,13,281,1,2,Powell
1.4,True,100,13,281,1,2,Powell
1.2,True,101,13,281,1,2,Powell
1.0,True,101,13,281,1,2,Powell
0.8,True,101,13,281,1,2,Powell
0.6,True,101,13,281,1,2,Powell
0.4,True,113,13,281,1,2,Powell
0.2,True,113,13,281,1,2,Powell
0.0,True,115,13,281,1,2,Powell
-0.2,True,115,13,281,1,2,Powell
-0.4,True,117,13,281,1,2,Powell
-0.6,True,117,13,281,1,2,Powell
-0.8,True,118,13,281,1,2,Powell
-1.0,True,139,13,281,1,2,Powell
-1.2,True,139,13,281,1,2,Powell
-1.4,True,142,13,281,1,2,Powell
-1.6,False,231,13,281,1,2,Powell
-1.8,False,231,13,281,1,2,Powell
-2.0,False,231,13,281,1,2,Powell
-2.2,False,231,13,281,1,2,Powell
-2.4,False,231,13,281,1,2,Powell
-2.6,False,231,13,281,1,2,Powell
-2.8,False,231,13,281,1,2,Powell
-3.0,False,231,13,281,1,2,Powell
-3.2,False,231,13,281,1,2,Powell
-3.4,False,231,13,281,1,2,Powell
-3.6,False,231,13,281,1,2,Powell
-3.8,False,231,13,281,1,2,Powell
-4.0,False,231,13,281,1,2,Powell
-4.2,False,231,13,281,1,2,Powell
-4.4,False,231,13,281,1,2,Powell
-4.6,False,231,13,281,1,2,Powell
-4.8,False,231,13,281,1,2,Powell
-5.0,False,231,13,281,1,2,Powell
-5.2,False,231,13,281,1,2,Powell
-5.4,False,231,13,281,1,2,Powell
-5.6,False,231,13,281,1,2,Powell
-5.8,False,231,13,281,1,2,Powell
-6.0,False,231,13,281,1,2,Powell
-6.2,False,231,13,281,1,2,Powell
-6.4,False,231,13,281,1,2,Powell
-6.6,False,231,13,281,1,2,Powell
-6.8,False,231,13,281,1,2,Powell
-7.0,False,231,13,281,1,2,Powell
-7.2,False,231,13,281,1,2,Powell
-7.4,False,231,13,281,1,2,Powell
-7.6,False,231,13,281,1,2,Powell
-7.8,False,231,13,281,1,2,Powell
-8.0,False,231,13,281,1,2,Powell
2.0,True,6,13,282,1,2,Powell
1.8,True,6,13,282,1,2,Powell
1.6,True,8,13,282,1,2,Powell
1.4,False,124,13,282,1,2,Powell
1.2,False,124,13,282,1,2,Powell
1.0,False,124,13,282,1,2,Powell
0.8,False,124,13,282,1,2,Powell
0.6,False,124,13,282,1,2,Powell
0.4,False,124,13,282,1,2,Powell
0.2,False,124,13,282,1,2,Powell
0.0,False,124,13,282,1,2,Powell
-0.2,False,124,13,282,1,2,Powell
-0.4,False,124,13,282,1,2,Powell
-0.6,False,124,13,282,1,2,Powell
-0.8,False,124,13,282,1,2,Powell
-1.0,False,124,13,282,1,2,Powell
-1.2,False,124,13,282,1,2,Powell
-1.4,False,124,13,282,1,2,Powell
-1.6,False,124,13,282,1,2,Powell
-1.8,False,124,13,282,1,2,Powell
-2.0,False,124,13,282,1,2,Powell
-2.2,False,124,13,282,1,2,Powell
-2.4,False,124,13,282,1,2,Powell
-2.6,False,124,13,282,1,2,Powell
-2.8,False,124,13,282,1,2,Powell
-3.0,False,124,13,282,1,2,Powell
-3.2,False,124,13,282,1,2,Powell
-3.4,False,124,13,282,1,2,Powell
-3.6,False,124,13,282,1,2,Powell
-3.8,False,124,13,282,1,2,Powell
-4.0,False,124,13,282,1,2,Powell
-4.2,False,124,13,282,1,2,Powell
-4.4,False,124,13,282,1,2,Powell
-4.6,False,124,13,282,1,2,Powell
-4.8,False,124,13,282,1,2,Powell
-5.0,False,124,13,282,1,2,Powell
-5.2,False,124,13,282,1,2,Powell
-5.4,False,124,13,282,1,2,Powell
-5.6,False,124,13,282,1,2,Powell
-5.8,False,124,13,282,1,2,Powell
-6.0,False,124,13,282,1,2,Powell
-6.2,False,124,13,282,1,2,Powell
-6.4,False,124,13,282,1,2,Powell
-6.6,False,124,13,282,1,2,Powell
-6.8,False,124,13,282,1,2,Powell
-7.0,False,124,13,282,1,2,Powell
-7.2,False,124,13,282,1,2,Powell
-7.4,False,124,13,282,1,2,Powell
-7.6,False,124,13,282,1,2,Powell
-7.8,False,124,13,282,1,2,Powell
-8.0,False,124,13,282,1,2,Powell
2.0,True,11,13,283,1,2,Powell
1.8,True,11,13,283,1,2,Powell
1.6,True,11,13,283,1,2,Powell
1.4,True,13,13,283,1,2,Powell
1.2,True,13,13,283,1,2,Powell
1.0,True,16,13,283,1,2,Powell
0.8,True,25,13,283,1,2,Powell
0.6,False,144,13,283,1,2,Powell
0.4,False,144,13,283,1,2,Powell
0.2,False,144,13,283,1,2,Powell
0.0,False,144,13,283,1,2,Powell
-0.2,False,144,13,283,1,2,Powell
-0.4,False,144,13,283,1,2,Powell
-0.6,False,144,13,283,1,2,Powell
-0.8,False,144,13,283,1,2,Powell
-1.0,False,144,13,283,1,2,Powell
-1.2,False,144,13,283,1,2,Powell
-1.4,False,144,13,283,1,2,Powell
-1.6,False,144,13,283,1,2,Powell
-1.8,False,144,13,283,1,2,Powell
-2.0,False,144,13,283,1,2,Powell
-2.2,False,144,13,283,1,2,Powell
-2.4,False,144,13,283,1,2,Powell
-2.6,False,144,13,283,1,2,Powell
-2.8,False,144,13,283,1,2,Powell
-3.0,False,144,13,283,1,2,Powell
-3.2,False,144,13,283,1,2,Powell
-3.4,False,144,13,283,1,2,Powell
-3.6,False,144,13,283,1,2,Powell
-3.8,False,144,13,283,1,2,Powell
-4.0,False,144,13,283,1,2,Powell
-4.2,False,144,13,283,1,2,Powell
-4.4,False,144,13,283,1,2,Powell
-4.6,False,144,13,283,1,2,Powell
-4.8,False,144,13,283,1,2,Powell
-5.0,False,144,13,283,1,2,Powell
-5.2,False,144,13,283,1,2,Powell
-5.4,False,144,13,283,1,2,Powell
-5.6,False,144,13,283,1,2,Powell
-5.8,False,144,13,283,1,2,Powell
-6.0,False,144,13,283,1,2,Powell
-6.2,False,144,13,283,1,2,Powell
-6.4,False,144,13,283,1,2,Powell
-6.6,False,144,13,283,1,2,Powell
-6.8,False,144,13,283,1,2,Powell
-7.0,False,144,13,283,1,2,Powell
-7.2,False,144,13,283,1,2,Powell
-7.4,False,144,13,283,1,2,Powell
-7.6,False,144,13,283,1,2,Powell
-7.8,False,144,13,283,1,2,Powell
-8.0,False,144,13,283,1,2,Powell
2.0,True,1,13,284,1,2,Powell
1.8,True,1,13,284,1,2,Powell
1.6,True,1,13,284,1,2,Powell
1.4,True,1,13,284,1,2,Powell
1.2,True,3,13,284,1,2,Powell
1.0,True,3,13,284,1,2,Powell
0.8,True,7,13,284,1,2,Powell
0.6,True,8,13,284,1,2,Powell
0.4,False,95,13,284,1,2,Powell
0.2,False,95,13,284,1,2,Powell
0.0,False,95,13,284,1,2,Powell
-0.2,False,95,13,284,1,2,Powell
-0.4,False,95,13,284,1,2,Powell
-0.6,False,95,13,284,1,2,Powell
-0.8,False,95,13,284,1,2,Powell
-1.0,False,95,13,284,1,2,Powell
-1.2,False,95,13,284,1,2,Powell
-1.4,False,95,13,284,1,2,Powell
-1.6,False,95,13,284,1,2,Powell
-1.8,False,95,13,284,1,2,Powell
-2.0,False,95,13,284,1,2,Powell
-2.2,False,95,13,284,1,2,Powell
-2.4,False,95,13,284,1,2,Powell
-2.6,False,95,13,284,1,2,Powell
-2.8,False,95,13,284,1,2,Powell
-3.0,False,95,13,284,1,2,Powell
-3.2,False,95,13,284,1,2,Powell
-3.4,False,95,13,284,1,2,Powell
-3.6,False,95,13,284,1,2,Powell
-3.8,False,95,13,284,1,2,Powell
-4.0,False,95,13,284,1,2,Powell
-4.2,False,95,13,284,1,2,Powell
-4.4,False,95,13,284,1,2,Powell
-4.6,False,95,13,284,1,2,Powell
-4.8,False,95,13,284,1,2,Powell
-5.0,False,95,13,284,1,2,Powell
-5.2,False,95,13,284,1,2,Powell
-5.4,False,95,13,284,1,2,Powell
-5.6,False,95,13,284,1,2,Powell
-5.8,False,95,13,284,1,2,Powell
-6.0,False,95,13,284,1,2,Powell
-6.2,False,95,13,284,1,2,Powell
-6.4,False,95,13,284,1,2,Powell
-6.6,False,95,13,284,1,2,Powell
-6.8,False,95,13,284,1,2,Powell
-7.0,False,95,13,284,1,2,Powell
-7.2,False,95,13,284,1,2,Powell
-7.4,False,95,13,284,1,2,Powell
-7.6,False,95,13,284,1,2,Powell
-7.8,False,95,13,284,1,2,Powell
-8.0,False,95,13,284,1,2,Powell
2.0,True,4,13,285,1,2,Powell
1.8,True,10,13,285,1,2,Powell
1.6,True,11,13,285,1,2,Powell
1.4,True,11,13,285,1,2,Powell
1.2,True,11,13,285,1,2,Powell
1.0,True,11,13,285,1,2,Powell
0.8,True,13,13,285,1,2,Powell
0.6,True,13,13,285,1,2,Powell
0.4,True,13,13,285,1,2,Powell
0.2,True,13,13,285,1,2,Powell
0.0,True,25,13,285,1,2,Powell
-0.2,False,106,13,285,1,2,Powell
-0.4,False,106,13,285,1,2,Powell
-0.6,False,106,13,285,1,2,Powell
-0.8,False,106,13,285,1,2,Powell
-1.0,False,106,13,285,1,2,Powell
-1.2,False,106,13,285,1,2,Powell
-1.4,False,106,13,285,1,2,Powell
-1.6,False,106,13,285,1,2,Powell
-1.8,False,106,13,285,1,2,Powell
-2.0,False,106,13,285,1,2,Powell
-2.2,False,106,13,285,1,2,Powell
-2.4,False,106,13,285,1,2,Powell
-2.6,False,106,13,285,1,2,Powell
-2.8,False,106,13,285,1,2,Powell
-3.0,False,106,13,285,1,2,Powell
-3.2,False,106,13,285,1,2,Powell
-3.4,False,106,13,285,1,2,Powell
-3.6,False,106,13,285,1,2,Powell
-3.8,False,106,13,285,1,2,Powell
-4.0,False,106,13,285,1,2,Powell
-4.2,False,106,13,285,1,2,Powell
-4.4,False,106,13,285,1,2,Powell
-4.6,False,106,13,285,1,2,Powell
-4.8,False,106,13,285,1,2,Powell
-5.0,False,106,13,285,1,2,Powell
-5.2,False,106,13,285,1,2,Powell
-5.4,False,106,13,285,1,2,Powell
-5.6,False,106,13,285,1,2,Powell
-5.8,False,106,13,285,1,2,Powell
-6.0,False,106,13,285,1,2,Powell
-6.2,False,106,13,285,1,2,Powell
-6.4,False,106,13,285,1,2,Powell
-6.6,False,106,13,285,1,2,Powell
-6.8,False,106,13,285,1,2,Powell
-7.0,False,106,13,285,1,2,Powell
-7.2,False,106,13,285,1,2,Powell
-7.4,False,106,13,285,1,2,Powell
-7.6,False,106,13,285,1,2,Powell
-7.8,False,106,13,285,1,2,Powell
-8.0,False,106,13,285,1,2,Powell
2.0,True,11,13,286,1,2,Powell
1.8,False,122,13,286,1,2,Powell
1.6,False,122,13,286,1,2,Powell
1.4,False,122,13,286,1,2,Powell
1.2,False,122,13,286,1,2,Powell
1.0,False,122,13,286,1,2,Powell
0.8,False,122,13,286,1,2,Powell
0.6,False,122,13,286,1,2,Powell
0.4,False,122,13,286,1,2,Powell
0.2,False,122,13,286,1,2,Powell
0.0,False,122,13,286,1,2,Powell
-0.2,False,122,13,286,1,2,Powell
-0.4,False,122,13,286,1,2,Powell
-0.6,False,122,13,286,1,2,Powell
-0.8,False,122,13,286,1,2,Powell
-1.0,False,122,13,286,1,2,Powell
-1.2,False,122,13,286,1,2,Powell
-1.4,False,122,13,286,1,2,Powell
-1.6,False,122,13,286,1,2,Powell
-1.8,False,122,13,286,1,2,Powell
-2.0,False,122,13,286,1,2,Powell
-2.2,False,122,13,286,1,2,Powell
-2.4,False,122,13,286,1,2,Powell
-2.6,False,122,13,286,1,2,Powell
-2.8,False,122,13,286,1,2,Powell
-3.0,False,122,13,286,1,2,Powell
-3.2,False,122,13,286,1,2,Powell
-3.4,False,122,13,286,1,2,Powell
-3.6,False,122,13,286,1,2,Powell
-3.8,False,122,13,286,1,2,Powell
-4.0,False,122,13,286,1,2,Powell
-4.2,False,122,13,286,1,2,Powell
-4.4,False,122,13,286,1,2,Powell
-4.6,False,122,13,286,1,2,Powell
-4.8,False,122,13,286,1,2,Powell
-5.0,False,122,13,286,1,2,Powell
-5.2,False,122,13,286,1,2,Powell
-5.4,False,122,13,286,1,2,Powell
-5.6,False,122,13,286,1,2,Powell
-5.8,False,122,13,286,1,2,Powell
-6.0,False,122,13,286,1,2,Powell
-6.2,False,122,13,286,1,2,Powell
-6.4,False,122,13,286,1,2,Powell
-6.6,False,122,13,286,1,2,Powell
-6.8,False,122,13,286,1,2,Powell
-7.0,False,122,13,286,1,2,Powell
-7.2,False,122,13,286,1,2,Powell
-7.4,False,122,13,286,1,2,Powell
-7.6,False,122,13,286,1,2,Powell
-7.8,False,122,13,286,1,2,Powell
-8.0,False,122,13,286,1,2,Powell
2.0,True,1,13,287,1,2,Powell
1.8,True,1,13,287,1,2,Powell
1.6,True,1,13,287,1,2,Powell
1.4,True,1,13,287,1,2,Powell
1.2,True,7,13,287,1,2,Powell
1.0,True,7,13,287,1,2,Powell
0.8,True,7,13,287,1,2,Powell
0.6,True,7,13,287,1,2,Powell
0.4,True,11,13,287,1,2,Powell
0.2,False,118,13,287,1,2,Powell
0.0,False,118,13,287,1,2,Powell
-0.2,False,118,13,287,1,2,Powell
-0.4,False,118,13,287,1,2,Powell
-0.6,False,118,13,287,1,2,Powell
-0.8,False,118,13,287,1,2,Powell
-1.0,False,118,13,287,1,2,Powell
-1.2,False,118,13,287,1,2,Powell
-1.4,False,118,13,287,1,2,Powell
-1.6,False,118,13,287,1,2,Powell
-1.8,False,118,13,287,1,2,Powell
-2.0,False,118,13,287,1,2,Powell
-2.2,False,118,13,287,1,2,Powell
-2.4,False,118,13,287,1,2,Powell
-2.6,False,118,13,287,1,2,Powell
-2.8,False,118,13,287,1,2,Powell
-3.0,False,118,13,287,1,2,Powell
-3.2,False,118,13,287,1,2,Powell
-3.4,False,118,13,287,1,2,Powell
-3.6,False,118,13,287,1,2,Powell
-3.8,False,118,13,287,1,2,Powell
-4.0,False,118,13,287,1,2,Powell
-4.2,False,118,13,287,1,2,Powell
-4.4,False,118,13,287,1,2,Powell
-4.6,False,118,13,287,1,2,Powell
-4.8,False,118,13,287,1,2,Powell
-5.0,False,118,13,287,1,2,Powell
-5.2,False,118,13,287,1,2,Powell
-5.4,False,118,13,287,1,2,Powell
-5.6,False,118,13,287,1,2,Powell
-5.8,False,118,13,287,1,2,Powell
-6.0,False,118,13,287,1,2,Powell
-6.2,False,118,13,287,1,2,Powell
-6.4,False,118,13,287,1,2,Powell
-6.6,False,118,13,287,1,2,Powell
-6.8,False,118,13,287,1,2,Powell
-7.0,False,118,13,287,1,2,Powell
-7.2,False,118,13,287,1,2,Powell
-7.4,False,118,13,287,1,2,Powell
-7.6,False,118,13,287,1,2,Powell
-7.8,False,118,13,287,1,2,Powell
-8.0,False,118,13,287,1,2,Powell
2.0,True,10,13,288,1,2,Powell
1.8,True,10,13,288,1,2,Powell
1.6,True,17,13,288,1,2,Powell
1.4,True,34,13,288,1,2,Powell
1.2,True,100,13,288,1,2,Powell
1.0,True,100,13,288,1,2,Powell
0.8,True,100,13,288,1,2,Powell
0.6,True,100,13,288,1,2,Powell
0.4,True,102,13,288,1,2,Powell
0.2,True,102,13,288,1,2,Powell
0.0,True,102,13,288,1,2,Powell
-0.2,True,102,13,288,1,2,Powell
-0.4,True,102,13,288,1,2,Powell
-0.6,True,102,13,288,1,2,Powell
-0.8,True,114,13,288,1,2,Powell
-1.0,True,116,13,288,1,2,Powell
-1.2,True,116,13,288,1,2,Powell
-1.4,True,116,13,288,1,2,Powell
-1.6,True,116,13,288,1,2,Powell
-1.8,True,116,13,288,1,2,Powell
-2.0,True,116,13,288,1,2,Powell
-2.2,True,116,13,288,1,2,Powell
-2.4,True,120,13,288,1,2,Powell
-2.6,True,120,13,288,1,2,Powell
-2.8,True,120,13,288,1,2,Powell
-3.0,True,129,13,288,1,2,Powell
-3.2,True,150,13,288,1,2,Powell
-3.4,True,152,13,288,1,2,Powell
-3.6,False,165,13,288,1,2,Powell
-3.8,False,165,13,288,1,2,Powell
-4.0,False,165,13,288,1,2,Powell
-4.2,False,165,13,288,1,2,Powell
-4.4,False,165,13,288,1,2,Powell
-4.6,False,165,13,288,1,2,Powell
-4.8,False,165,13,288,1,2,Powell
-5.0,False,165,13,288,1,2,Powell
-5.2,False,165,13,288,1,2,Powell
-5.4,False,165,13,288,1,2,Powell
-5.6,False,165,13,288,1,2,Powell
-5.8,False,165,13,288,1,2,Powell
-6.0,False,165,13,288,1,2,Powell
-6.2,False,165,13,288,1,2,Powell
-6.4,False,165,13,288,1,2,Powell
-6.6,False,165,13,288,1,2,Powell
-6.8,False,165,13,288,1,2,Powell
-7.0,False,165,13,288,1,2,Powell
-7.2,False,165,13,288,1,2,Powell
-7.4,False,165,13,288,1,2,Powell
-7.6,False,165,13,288,1,2,Powell
-7.8,False,165,13,288,1,2,Powell
-8.0,False,165,13,288,1,2,Powell
2.0,True,6,13,289,1,2,Powell
1.8,True,6,13,289,1,2,Powell
1.6,True,6,13,289,1,2,Powell
1.4,True,6,13,289,1,2,Powell
1.2,True,12,13,289,1,2,Powell
1.0,False,130,13,289,1,2,Powell
0.8,False,130,13,289,1,2,Powell
0.6,False,130,13,289,1,2,Powell
0.4,False,130,13,289,1,2,Powell
0.2,False,130,13,289,1,2,Powell
0.0,False,130,13,289,1,2,Powell
-0.2,False,130,13,289,1,2,Powell
-0.4,False,130,13,289,1,2,Powell
-0.6,False,130,13,289,1,2,Powell
-0.8,False,130,13,289,1,2,Powell
-1.0,False,130,13,289,1,2,Powell
-1.2,False,130,13,289,1,2,Powell
-1.4,False,130,13,289,1,2,Powell
-1.6,False,130,13,289,1,2,Powell
-1.8,False,130,13,289,1,2,Powell
-2.0,False,130,13,289,1,2,Powell
-2.2,False,130,13,289,1,2,Powell
-2.4,False,130,13,289,1,2,Powell
-2.6,False,130,13,289,1,2,Powell
-2.8,False,130,13,289,1,2,Powell
-3.0,False,130,13,289,1,2,Powell
-3.2,False,130,13,289,1,2,Powell
-3.4,False,130,13,289,1,2,Powell
-3.6,False,130,13,289,1,2,Powell
-3.8,False,130,13,289,1,2,Powell
-4.0,False,130,13,289,1,2,Powell
-4.2,False,130,13,289,1,2,Powell
-4.4,False,130,13,289,1,2,Powell
-4.6,False,130,13,289,1,2,Powell
-4.8,False,130,13,289,1,2,Powell
-5.0,False,130,13,289,1,2,Powell
-5.2,False,130,13,289,1,2,Powell
-5.4,False,130,13,289,1,2,Powell
-5.6,False,130,13,289,1,2,Powell
-5.8,False,130,13,289,1,2,Powell
-6.0,False,130,13,289,1,2,Powell
-6.2,False,130,13,289,1,2,Powell
-6.4,False,130,13,289,1,2,Powell
-6.6,False,130,13,289,1,2,Powell
-6.8,False,130,13,289,1,2,Powell
-7.0,False,130,13,289,1,2,Powell
-7.2,False,130,13,289,1,2,Powell
-7.4,False,130,13,289,1,2,Powell
-7.6,False,130,13,289,1,2,Powell
-7.8,False,130,13,289,1,2,Powell
-8.0,False,130,13,289,1,2,Powell
2.0,True,8,13,290,1,2,Powell
1.8,True,8,13,290,1,2,Powell
1.6,True,8,13,290,1,2,Powell
1.4,True,18,13,290,1,2,Powell
1.2,False,78,13,290,1,2,Powell
1.0,False,78,13,290,1,2,Powell
0.8,False,78,13,290,1,2,Powell
0.6,False,78,13,290,1,2,Powell
0.4,False,78,13,290,1,2,Powell
0.2,False,78,13,290,1,2,Powell
0.0,False,78,13,290,1,2,Powell
-0.2,False,78,13,290,1,2,Powell
-0.4,False,78,13,290,1,2,Powell
-0.6,False,78,13,290,1,2,Powell
-0.8,False,78,13,290,1,2,Powell
-1.0,False,78,13,290,1,2,Powell
-1.2,False,78,13,290,1,2,Powell
-1.4,False,78,13,290,1,2,Powell
-1.6,False,78,13,290,1,2,Powell
-1.8,False,78,13,290,1,2,Powell
-2.0,False,78,13,290,1,2,Powell
-2.2,False,78,13,290,1,2,Powell
-2.4,False,78,13,290,1,2,Powell
-2.6,False,78,13,290,1,2,Powell
-2.8,False,78,13,290,1,2,Powell
-3.0,False,78,13,290,1,2,Powell
-3.2,False,78,13,290,1,2,Powell
-3.4,False,78,13,290,1,2,Powell
-3.6,False,78,13,290,1,2,Powell
-3.8,False,78,13,290,1,2,Powell
-4.0,False,78,13,290,1,2,Powell
-4.2,False,78,13,290,1,2,Powell
-4.4,False,78,13,290,1,2,Powell
-4.6,False,78,13,290,1,2,Powell
-4.8,False,78,13,290,1,2,Powell
-5.0,False,78,13,290,1,2,Powell
-5.2,False,78,13,290,1,2,Powell
-5.4,False,78,13,290,1,2,Powell
-5.6,False,78,13,290,1,2,Powell
-5.8,False,78,13,290,1,2,Powell
-6.0,False,78,13,290,1,2,Powell
-6.2,False,78,13,290,1,2,Powell
-6.4,False,78,13,290,1,2,Powell
-6.6,False,78,13,290,1,2,Powell
-6.8,False,78,13,290,1,2,Powell
-7.0,False,78,13,290,1,2,Powell
-7.2,False,78,13,290,1,2,Powell
-7.4,False,78,13,290,1,2,Powell
-7.6,False,78,13,290,1,2,Powell
-7.8,False,78,13,290,1,2,Powell
-8.0,False,78,13,290,1,2,Powell
2.0,True,9,13,291,1,2,Powell
1.8,True,12,13,291,1,2,Powell
1.6,True,12,13,291,1,2,Powell
1.4,True,12,13,291,1,2,Powell
1.2,True,13,13,291,1,2,Powell
1.0,False,88,13,291,1,2,Powell
0.8,False,88,13,291,1,2,Powell
0.6,False,88,13,291,1,2,Powell
0.4,False,88,13,291,1,2,Powell
0.2,False,88,13,291,1,2,Powell
0.0,False,88,13,291,1,2,Powell
-0.2,False,88,13,291,1,2,Powell
-0.4,False,88,13,291,1,2,Powell
-0.6,False,88,13,291,1,2,Powell
-0.8,False,88,13,291,1,2,Powell
-1.0,False,88,13,291,1,2,Powell
-1.2,False,88,13,291,1,2,Powell
-1.4,False,88,13,291,1,2,Powell
-1.6,False,88,13,291,1,2,Powell
-1.8,False,88,13,291,1,2,Powell
-2.0,False,88,13,291,1,2,Powell
-2.2,False,88,13,291,1,2,Powell
-2.4,False,88,13,291,1,2,Powell
-2.6,False,88,13,291,1,2,Powell
-2.8,False,88,13,291,1,2,Powell
-3.0,False,88,13,291,1,2,Powell
-3.2,False,88,13,291,1,2,Powell
-3.4,False,88,13,291,1,2,Powell
-3.6,False,88,13,291,1,2,Powell
-3.8,False,88,13,291,1,2,Powell
-4.0,False,88,13,291,1,2,Powell
-4.2,False,88,13,291,1,2,Powell
-4.4,False,88,13,291,1,2,Powell
-4.6,False,88,13,291,1,2,Powell
-4.8,False,88,13,291,1,2,Powell
-5.0,False,88,13,291,1,2,Powell
-5.2,False,88,13,291,1,2,Powell
-5.4,False,88,13,291,1,2,Powell
-5.6,False,88,13,291,1,2,Powell
-5.8,False,88,13,291,1,2,Powell
-6.0,False,88,13,291,1,2,Powell
-6.2,False,88,13,291,1,2,Powell
-6.4,False,88,13,291,1,2,Powell
-6.6,False,88,13,291,1,2,Powell
-6.8,False,88,13,291,1,2,Powell
-7.0,False,88,13,291,1,2,Powell
-7.2,False,88,13,291,1,2,Powell
-7.4,False,88,13,291,1,2,Powell
-7.6,False,88,13,291,1,2,Powell
-7.8,False,88,13,291,1,2,Powell
-8.0,False,88,13,291,1,2,Powell
2.0,True,11,13,292,1,2,Powell
1.8,True,11,13,292,1,2,Powell
1.6,True,11,13,292,1,2,Powell
1.4,True,11,13,292,1,2,Powell
1.2,True,12,13,292,1,2,Powell
1.0,True,23,13,292,1,2,Powell
0.8,False,141,13,292,1,2,Powell
0.6,False,141,13,292,1,2,Powell
0.4,False,141,13,292,1,2,Powell
0.2,False,141,13,292,1,2,Powell
0.0,False,141,13,292,1,2,Powell
-0.2,False,141,13,292,1,2,Powell
-0.4,False,141,13,292,1,2,Powell
-0.6,False,141,13,292,1,2,Powell
-0.8,False,141,13,292,1,2,Powell
-1.0,False,141,13,292,1,2,Powell
-1.2,False,141,13,292,1,2,Powell
-1.4,False,141,13,292,1,2,Powell
-1.6,False,141,13,292,1,2,Powell
-1.8,False,141,13,292,1,2,Powell
-2.0,False,141,13,292,1,2,Powell
-2.2,False,141,13,292,1,2,Powell
-2.4,False,141,13,292,1,2,Powell
-2.6,False,141,13,292,1,2,Powell
-2.8,False,141,13,292,1,2,Powell
-3.0,False,141,13,292,1,2,Powell
-3.2,False,141,13,292,1,2,Powell
-3.4,False,141,13,292,1,2,Powell
-3.6,False,141,13,292,1,2,Powell
-3.8,False,141,13,292,1,2,Powell
-4.0,False,141,13,292,1,2,Powell
-4.2,False,141,13,292,1,2,Powell
-4.4,False,141,13,292,1,2,Powell
-4.6,False,141,13,292,1,2,Powell
-4.8,False,141,13,292,1,2,Powell
-5.0,False,141,13,292,1,2,Powell
-5.2,False,141,13,292,1,2,Powell
-5.4,False,141,13,292,1,2,Powell
-5.6,False,141,13,292,1,2,Powell
-5.8,False,141,13,292,1,2,Powell
-6.0,False,141,13,292,1,2,Powell
-6.2,False,141,13,292,1,2,Powell
-6.4,False,141,13,292,1,2,Powell
-6.6,False,141,13,292,1,2,Powell
-6.8,False,141,13,292,1,2,Powell
-7.0,False,141,13,292,1,2,Powell
-7.2,False,141,13,292,1,2,Powell
-7.4,False,141,13,292,1,2,Powell
-7.6,False,141,13,292,1,2,Powell
-7.8,False,141,13,292,1,2,Powell
-8.0,False,141,13,292,1,2,Powell
2.0,True,1,13,293,1,2,Powell
1.8,True,1,13,293,1,2,Powell
1.6,True,1,13,293,1,2,Powell
1.4,True,1,13,293,1,2,Powell
1.2,True,7,13,293,1,2,Powell
1.0,True,7,13,293,1,2,Powell
0.8,True,10,13,293,1,2,Powell
0.6,True,12,13,293,1,2,Powell
0.4,False,100,13,293,1,2,Powell
0.2,False,100,13,293,1,2,Powell
0.0,False,100,13,293,1,2,Powell
-0.2,False,100,13,293,1,2,Powell
-0.4,False,100,13,293,1,2,Powell
-0.6,False,100,13,293,1,2,Powell
-0.8,False,100,13,293,1,2,Powell
-1.0,False,100,13,293,1,2,Powell
-1.2,False,100,13,293,1,2,Powell
-1.4,False,100,13,293,1,2,Powell
-1.6,False,100,13,293,1,2,Powell
-1.8,False,100,13,293,1,2,Powell
-2.0,False,100,13,293,1,2,Powell
-2.2,False,100,13,293,1,2,Powell
-2.4,False,100,13,293,1,2,Powell
-2.6,False,100,13,293,1,2,Powell
-2.8,False,100,13,293,1,2,Powell
-3.0,False,100,13,293,1,2,Powell
-3.2,False,100,13,293,1,2,Powell
-3.4,False,100,13,293,1,2,Powell
-3.6,False,100,13,293,1,2,Powell
-3.8,False,100,13,293,1,2,Powell
-4.0,False,100,13,293,1,2,Powell
-4.2,False,100,13,293,1,2,Powell
-4.4,False,100,13,293,1,2,Powell
-4.6,False,100,13,293,1,2,Powell
-4.8,False,100,13,293,1,2,Powell
-5.0,False,100,13,293,1,2,Powell
-5.2,False,100,13,293,1,2,Powell
-5.4,False,100,13,293,1,2,Powell
-5.6,False,100,13,293,1,2,Powell
-5.8,False,100,13,293,1,2,Powell
-6.0,False,100,13,293,1,2,Powell
-6.2,False,100,13,293,1,2,Powell
-6.4,False,100,13,293,1,2,Powell
-6.6,False,100,13,293,1,2,Powell
-6.8,False,100,13,293,1,2,Powell
-7.0,False,100,13,293,1,2,Powell
-7.2,False,100,13,293,1,2,Powell
-7.4,False,100,13,293,1,2,Powell
-7.6,False,100,13,293,1,2,Powell
-7.8,False,100,13,293,1,2,Powell
-8.0,False,100,13,293,1,2,Powell
2.0,True,5,13,294,1,2,Powell
1.8,True,5,13,294,1,2,Powell
1.6,True,5,13,294,1,2,Powell
1.4,True,5,13,294,1,2,Powell
1.2,True,5,13,294,1,2,Powell
1.0,True,5,13,294,1,2,Powell
0.8,True,9,13,294,1,2,Powell
0.6,True,9,13,294,1,2,Powell
0.4,True,9,13,294,1,2,Powell
0.2,True,9,13,294,1,2,Powell
0.0,True,9,13,294,1,2,Powell
-0.2,True,22,13,294,1,2,Powell
-0.4,True,22,13,294,1,2,Powell
-0.6,True,22,13,294,1,2,Powell
-0.8,False,78,13,294,1,2,Powell
-1.0,False,78,13,294,1,2,Powell
-1.2,False,78,13,294,1,2,Powell
-1.4,False,78,13,294,1,2,Powell
-1.6,False,78,13,294,1,2,Powell
-1.8,False,78,13,294,1,2,Powell
-2.0,False,78,13,294,1,2,Powell
-2.2,False,78,13,294,1,2,Powell
-2.4,False,78,13,294,1,2,Powell
-2.6,False,78,13,294,1,2,Powell
-2.8,False,78,13,294,1,2,Powell
-3.0,False,78,13,294,1,2,Powell
-3.2,False,78,13,294,1,2,Powell
-3.4,False,78,13,294,1,2,Powell
-3.6,False,78,13,294,1,2,Powell
-3.8,False,78,13,294,1,2,Powell
-4.0,False,78,13,294,1,2,Powell
-4.2,False,78,13,294,1,2,Powell
-4.4,False,78,13,294,1,2,Powell
-4.6,False,78,13,294,1,2,Powell
-4.8,False,78,13,294,1,2,Powell
-5.0,False,78,13,294,1,2,Powell
-5.2,False,78,13,294,1,2,Powell
-5.4,False,78,13,294,1,2,Powell
-5.6,False,78,13,294,1,2,Powell
-5.8,False,78,13,294,1,2,Powell
-6.0,False,78,13,294,1,2,Powell
-6.2,False,78,13,294,1,2,Powell
-6.4,False,78,13,294,1,2,Powell
-6.6,False,78,13,294,1,2,Powell
-6.8,False,78,13,294,1,2,Powell
-7.0,False,78,13,294,1,2,Powell
-7.2,False,78,13,294,1,2,Powell
-7.4,False,78,13,294,1,2,Powell
-7.6,False,78,13,294,1,2,Powell
-7.8,False,78,13,294,1,2,Powell
-8.0,False,78,13,294,1,2,Powell
2.0,True,20,13,295,1,2,Powell
1.8,True,28,13,295,1,2,Powell
1.6,True,40,13,295,1,2,Powell
1.4,True,41,13,295,1,2,Powell
1.2,True,48,13,295,1,2,Powell
1.0,True,48,13,295,1,2,Powell
0.8,True,48,13,295,1,2,Powell
0.6,True,48,13,295,1,2,Powell
0.4,True,48,13,295,1,2,Powell
0.2,True,48,13,295,1,2,Powell
0.0,True,48,13,295,1,2,Powell
-0.2,True,48,13,295,1,2,Powell
-0.4,True,48,13,295,1,2,Powell
-0.6,True,48,13,295,1,2,Powell
-0.8,True,54,13,295,1,2,Powell
-1.0,True,64,13,295,1,2,Powell
-1.2,True,65,13,295,1,2,Powell
-1.4,True,66,13,295,1,2,Powell
-1.6,True,66,13,295,1,2,Powell
-1.8,True,66,13,295,1,2,Powell
-2.0,True,66,13,295,1,2,Powell
-2.2,True,66,13,295,1,2,Powell
-2.4,True,66,13,295,1,2,Powell
-2.6,True,68,13,295,1,2,Powell
-2.8,True,68,13,295,1,2,Powell
-3.0,True,68,13,295,1,2,Powell
-3.2,True,68,13,295,1,2,Powell
-3.4,True,68,13,295,1,2,Powell
-3.6,True,68,13,295,1,2,Powell
-3.8,True,68,13,295,1,2,Powell
-4.0,True,98,13,295,1,2,Powell
-4.2,True,98,13,295,1,2,Powell
-4.4,True,98,13,295,1,2,Powell
-4.6,True,100,13,295,1,2,Powell
-4.8,False,114,13,295,1,2,Powell
-5.0,False,114,13,295,1,2,Powell
-5.2,False,114,13,295,1,2,Powell
-5.4,False,114,13,295,1,2,Powell
-5.6,False,114,13,295,1,2,Powell
-5.8,False,114,13,295,1,2,Powell
-6.0,False,114,13,295,1,2,Powell
-6.2,False,114,13,295,1,2,Powell
-6.4,False,114,13,295,1,2,Powell
-6.6,False,114,13,295,1,2,Powell
-6.8,False,114,13,295,1,2,Powell
-7.0,False,114,13,295,1,2,Powell
-7.2,False,114,13,295,1,2,Powell
-7.4,False,114,13,295,1,2,Powell
-7.6,False,114,13,295,1,2,Powell
-7.8,False,114,13,295,1,2,Powell
-8.0,False,114,13,295,1,2,Powell
2.0,True,3,13,296,1,2,Powell
1.8,True,6,13,296,1,2,Powell
1.6,True,6,13,296,1,2,Powell
1.4,True,9,13,296,1,2,Powell
1.2,True,14,13,296,1,2,Powell
1.0,True,14,13,296,1,2,Powell
0.8,True,15,13,296,1,2,Powell
0.6,True,30,13,296,1,2,Powell
0.4,True,30,13,296,1,2,Powell
0.2,True,30,13,296,1,2,Powell
0.0,True,30,13,296,1,2,Powell
-0.2,True,30,13,296,1,2,Powell
-0.4,True,30,13,296,1,2,Powell
-0.6,True,61,13,296,1,2,Powell
-0.8,False,145,13,296,1,2,Powell
-1.0,False,145,13,296,1,2,Powell
-1.2,False,145,13,296,1,2,Powell
-1.4,False,145,13,296,1,2,Powell
-1.6,False,145,13,296,1,2,Powell
-1.8,False,145,13,296,1,2,Powell
-2.0,False,145,13,296,1,2,Powell
-2.2,False,145,13,296,1,2,Powell
-2.4,False,145,13,296,1,2,Powell
-2.6,False,145,13,296,1,2,Powell
-2.8,False,145,13,296,1,2,Powell
-3.0,False,145,13,296,1,2,Powell
-3.2,False,145,13,296,1,2,Powell
-3.4,False,145,13,296,1,2,Powell
-3.6,False,145,13,296,1,2,Powell
-3.8,False,145,13,296,1,2,Powell
-4.0,False,145,13,296,1,2,Powell
-4.2,False,145,13,296,1,2,Powell
-4.4,False,145,13,296,1,2,Powell
-4.6,False,145,13,296,1,2,Powell
-4.8,False,145,13,296,1,2,Powell
-5.0,False,145,13,296,1,2,Powell
-5.2,False,145,13,296,1,2,Powell
-5.4,False,145,13,296,1,2,Powell
-5.6,False,145,13,296,1,2,Powell
-5.8,False,145,13,296,1,2,Powell
-6.0,False,145,13,296,1,2,Powell
-6.2,False,145,13,296,1,2,Powell
-6.4,False,145,13,296,1,2,Powell
-6.6,False,145,13,296,1,2,Powell
-6.8,False,145,13,296,1,2,Powell
-7.0,False,145,13,296,1,2,Powell
-7.2,False,145,13,296,1,2,Powell
-7.4,False,145,13,296,1,2,Powell
-7.6,False,145,13,296,1,2,Powell
-7.8,False,145,13,296,1,2,Powell
-8.0,False,145,13,296,1,2,Powell
2.0,True,6,13,297,1,2,Powell
1.8,True,6,13,297,1,2,Powell
1.6,True,8,13,297,1,2,Powell
1.4,True,8,13,297,1,2,Powell
1.2,True,8,13,297,1,2,Powell
1.0,True,8,13,297,1,2,Powell
0.8,True,8,13,297,1,2,Powell
0.6,True,11,13,297,1,2,Powell
0.4,True,11,13,297,1,2,Powell
0.2,True,31,13,297,1,2,Powell
0.0,True,31,13,297,1,2,Powell
-0.2,True,33,13,297,1,2,Powell
-0.4,True,35,13,297,1,2,Powell
-0.6,False,126,13,297,1,2,Powell
-0.8,False,126,13,297,1,2,Powell
-1.0,False,126,13,297,1,2,Powell
-1.2,False,126,13,297,1,2,Powell
-1.4,False,126,13,297,1,2,Powell
-1.6,False,126,13,297,1,2,Powell
-1.8,False,126,13,297,1,2,Powell
-2.0,False,126,13,297,1,2,Powell
-2.2,False,126,13,297,1,2,Powell
-2.4,False,126,13,297,1,2,Powell
-2.6,False,126,13,297,1,2,Powell
-2.8,False,126,13,297,1,2,Powell
-3.0,False,126,13,297,1,2,Powell
-3.2,False,126,13,297,1,2,Powell
-3.4,False,126,13,297,1,2,Powell
-3.6,False,126,13,297,1,2,Powell
-3.8,False,126,13,297,1,2,Powell
-4.0,False,126,13,297,1,2,Powell
-4.2,False,126,13,297,1,2,Powell
-4.4,False,126,13,297,1,2,Powell
-4.6,False,126,13,297,1,2,Powell
-4.8,False,126,13,297,1,2,Powell
-5.0,False,126,13,297,1,2,Powell
-5.2,False,126,13,297,1,2,Powell
-5.4,False,126,13,297,1,2,Powell
-5.6,False,126,13,297,1,2,Powell
-5.8,False,126,13,297,1,2,Powell
-6.0,False,126,13,297,1,2,Powell
-6.2,False,126,13,297,1,2,Powell
-6.4,False,126,13,297,1,2,Powell
-6.6,False,126,13,297,1,2,Powell
-6.8,False,126,13,297,1,2,Powell
-7.0,False,126,13,297,1,2,Powell
-7.2,False,126,13,297,1,2,Powell
-7.4,False,126,13,297,1,2,Powell
-7.6,False,126,13,297,1,2,Powell
-7.8,False,126,13,297,1,2,Powell
-8.0,False,126,13,297,1,2,Powell
2.0,False,134,13,298,1,2,Powell
1.8,False,134,13,298,1,2,Powell
1.6,False,134,13,298,1,2,Powell
1.4,False,134,13,298,1,2,Powell
1.2,False,134,13,298,1,2,Powell
1.0,False,134,13,298,1,2,Powell
0.8,False,134,13,298,1,2,Powell
0.6,False,134,13,298,1,2,Powell
0.4,False,134,13,298,1,2,Powell
0.2,False,134,13,298,1,2,Powell
0.0,False,134,13,298,1,2,Powell
-0.2,False,134,13,298,1,2,Powell
-0.4,False,134,13,298,1,2,Powell
-0.6,False,134,13,298,1,2,Powell
-0.8,False,134,13,298,1,2,Powell
-1.0,False,134,13,298,1,2,Powell
-1.2,False,134,13,298,1,2,Powell
-1.4,False,134,13,298,1,2,Powell
-1.6,False,134,13,298,1,2,Powell
-1.8,False,134,13,298,1,2,Powell
-2.0,False,134,13,298,1,2,Powell
-2.2,False,134,13,298,1,2,Powell
-2.4,False,134,13,298,1,2,Powell
-2.6,False,134,13,298,1,2,Powell
-2.8,False,134,13,298,1,2,Powell
-3.0,False,134,13,298,1,2,Powell
-3.2,False,134,13,298,1,2,Powell
-3.4,False,134,13,298,1,2,Powell
-3.6,False,134,13,298,1,2,Powell
-3.8,False,134,13,298,1,2,Powell
-4.0,False,134,13,298,1,2,Powell
-4.2,False,134,13,298,1,2,Powell
-4.4,False,134,13,298,1,2,Powell
-4.6,False,134,13,298,1,2,Powell
-4.8,False,134,13,298,1,2,Powell
-5.0,False,134,13,298,1,2,Powell
-5.2,False,134,13,298,1,2,Powell
-5.4,False,134,13,298,1,2,Powell
-5.6,False,134,13,298,1,2,Powell
-5.8,False,134,13,298,1,2,Powell
-6.0,False,134,13,298,1,2,Powell
-6.2,False,134,13,298,1,2,Powell
-6.4,False,134,13,298,1,2,Powell
-6.6,False,134,13,298,1,2,Powell
-6.8,False,134,13,298,1,2,Powell
-7.0,False,134,13,298,1,2,Powell
-7.2,False,134,13,298,1,2,Powell
-7.4,False,134,13,298,1,2,Powell
-7.6,False,134,13,298,1,2,Powell
-7.8,False,134,13,298,1,2,Powell
-8.0,False,134,13,298,1,2,Powell
2.0,True,7,13,299,1,2,Powell
1.8,False,97,13,299,1,2,Powell
1.6,False,97,13,299,1,2,Powell
1.4,False,97,13,299,1,2,Powell
1.2,False,97,13,299,1,2,Powell
1.0,False,97,13,299,1,2,Powell
0.8,False,97,13,299,1,2,Powell
0.6,False,97,13,299,1,2,Powell
0.4,False,97,13,299,1,2,Powell
0.2,False,97,13,299,1,2,Powell
0.0,False,97,13,299,1,2,Powell
-0.2,False,97,13,299,1,2,Powell
-0.4,False,97,13,299,1,2,Powell
-0.6,False,97,13,299,1,2,Powell
-0.8,False,97,13,299,1,2,Powell
-1.0,False,97,13,299,1,2,Powell
-1.2,False,97,13,299,1,2,Powell
-1.4,False,97,13,299,1,2,Powell
-1.6,False,97,13,299,1,2,Powell
-1.8,False,97,13,299,1,2,Powell
-2.0,False,97,13,299,1,2,Powell
-2.2,False,97,13,299,1,2,Powell
-2.4,False,97,13,299,1,2,Powell
-2.6,False,97,13,299,1,2,Powell
-2.8,False,97,13,299,1,2,Powell
-3.0,False,97,13,299,1,2,Powell
-3.2,False,97,13,299,1,2,Powell
-3.4,False,97,13,299,1,2,Powell
-3.6,False,97,13,299,1,2,Powell
-3.8,False,97,13,299,1,2,Powell
-4.0,False,97,13,299,1,2,Powell
-4.2,False,97,13,299,1,2,Powell
-4.4,False,97,13,299,1,2,Powell
-4.6,False,97,13,299,1,2,Powell
-4.8,False,97,13,299,1,2,Powell
-5.0,False,97,13,299,1,2,Powell
-5.2,False,97,13,299,1,2,Powell
-5.4,False,97,13,299,1,2,Powell
-5.6,False,97,13,299,1,2,Powell
-5.8,False,97,13,299,1,2,Powell
-6.0,False,97,13,299,1,2,Powell
-6.2,False,97,13,299,1,2,Powell
-6.4,False,97,13,299,1,2,Powell
-6.6,False,97,13,299,1,2,Powell
-6.8,False,97,13,299,1,2,Powell
-7.0,False,97,13,299,1,2,Powell
-7.2,False,97,13,299,1,2,Powell
-7.4,False,97,13,299,1,2,Powell
-7.6,False,97,13,299,1,2,Powell
-7.8,False,97,13,299,1,2,Powell
-8.0,False,97,13,299,1,2,Powell
2.0,True,4,13,300,1,2,Powell
1.8,True,4,13,300,1,2,Powell
1.6,True,4,13,300,1,2,Powell
1.4,True,4,13,300,1,2,Powell
1.2,False,81,13,300,1,2,Powell
1.0,False,81,13,300,1,2,Powell
0.8,False,81,13,300,1,2,Powell
0.6,False,81,13,300,1,2,Powell
0.4,False,81,13,300,1,2,Powell
0.2,False,81,13,300,1,2,Powell
0.0,False,81,13,300,1,2,Powell
-0.2,False,81,13,300,1,2,Powell
-0.4,False,81,13,300,1,2,Powell
-0.6,False,81,13,300,1,2,Powell
-0.8,False,81,13,300,1,2,Powell
-1.0,False,81,13,300,1,2,Powell
-1.2,False,81,13,300,1,2,Powell
-1.4,False,81,13,300,1,2,Powell
-1.6,False,81,13,300,1,2,Powell
-1.8,False,81,13,300,1,2,Powell
-2.0,False,81,13,300,1,2,Powell
-2.2,False,81,13,300,1,2,Powell
-2.4,False,81,13,300,1,2,Powell
-2.6,False,81,13,300,1,2,Powell
-2.8,False,81,13,300,1,2,Powell
-3.0,False,81,13,300,1,2,Powell
-3.2,False,81,13,300,1,2,Powell
-3.4,False,81,13,300,1,2,Powell
-3.6,False,81,13,300,1,2,Powell
-3.8,False,81,13,300,1,2,Powell
-4.0,False,81,13,300,1,2,Powell
-4.2,False,81,13,300,1,2,Powell
-4.4,False,81,13,300,1,2,Powell
-4.6,False,81,13,300,1,2,Powell
-4.8,False,81,13,300,1,2,Powell
-5.0,False,81,13,300,1,2,Powell
-5.2,False,81,13,300,1,2,Powell
-5.4,False,81,13,300,1,2,Powell
-5.6,False,81,13,300,1,2,Powell
-5.8,False,81,13,300,1,2,Powell
-6.0,False,81,13,300,1,2,Powell
-6.2,False,81,13,300,1,2,Powell
-6.4,False,81,13,300,1,2,Powell
-6.6,False,81,13,300,1,2,Powell
-6.8,False,81,13,300,1,2,Powell
-7.0,False,81,13,300,1,2,Powell
-7.2,False,81,13,300,1,2,Powell
-7.4,False,81,13,300,1,2,Powell
-7.6,False,81,13,300,1,2,Powell
-7.8,False,81,13,300,1,2,Powell
-8.0,False,81,13,300,1,2,Powell
2.0,True,1,13,301,1,2,Powell
1.8,True,4,13,301,1,2,Powell
1.6,True,7,13,301,1,2,Powell
1.4,True,7,13,301,1,2,Powell
1.2,True,8,13,301,1,2,Powell
1.0,True,10,13,301,1,2,Powell
0.8,False,91,13,301,1,2,Powell
0.6,False,91,13,301,1,2,Powell
0.4,False,91,13,301,1,2,Powell
0.2,False,91,13,301,1,2,Powell
0.0,False,91,13,301,1,2,Powell
-0.2,False,91,13,301,1,2,Powell
-0.4,False,91,13,301,1,2,Powell
-0.6,False,91,13,301,1,2,Powell
-0.8,False,91,13,301,1,2,Powell
-1.0,False,91,13,301,1,2,Powell
-1.2,False,91,13,301,1,2,Powell
-1.4,False,91,13,301,1,2,Powell
-1.6,False,91,13,301,1,2,Powell
-1.8,False,91,13,301,1,2,Powell
-2.0,False,91,13,301,1,2,Powell
-2.2,False,91,13,301,1,2,Powell
-2.4,False,91,13,301,1,2,Powell
-2.6,False,91,13,301,1,2,Powell
-2.8,False,91,13,301,1,2,Powell
-3.0,False,91,13,301,1,2,Powell
-3.2,False,91,13,301,1,2,Powell
-3.4,False,91,13,301,1,2,Powell
-3.6,False,91,13,301,1,2,Powell
-3.8,False,91,13,301,1,2,Powell
-4.0,False,91,13,301,1,2,Powell
-4.2,False,91,13,301,1,2,Powell
-4.4,False,91,13,301,1,2,Powell
-4.6,False,91,13,301,1,2,Powell
-4.8,False,91,13,301,1,2,Powell
-5.0,False,91,13,301,1,2,Powell
-5.2,False,91,13,301,1,2,Powell
-5.4,False,91,13,301,1,2,Powell
-5.6,False,91,13,301,1,2,Powell
-5.8,False,91,13,301,1,2,Powell
-6.0,False,91,13,301,1,2,Powell
-6.2,False,91,13,301,1,2,Powell
-6.4,False,91,13,301,1,2,Powell
-6.6,False,91,13,301,1,2,Powell
-6.8,False,91,13,301,1,2,Powell
-7.0,False,91,13,301,1,2,Powell
-7.2,False,91,13,301,1,2,Powell
-7.4,False,91,13,301,1,2,Powell
-7.6,False,91,13,301,1,2,Powell
-7.8,False,91,13,301,1,2,Powell
-8.0,False,91,13,301,1,2,Powell
2.0,True,8,13,302,1,2,Powell
1.8,True,11,13,302,1,2,Powell
1.6,False,83,13,302,1,2,Powell
1.4,False,83,13,302,1,2,Powell
1.2,False,83,13,302,1,2,Powell
1.0,False,83,13,302,1,2,Powell
0.8,False,83,13,302,1,2,Powell
0.6,False,83,13,302,1,2,Powell
0.4,False,83,13,302,1,2,Powell
0.2,False,83,13,302,1,2,Powell
0.0,False,83,13,302,1,2,Powell
-0.2,False,83,13,302,1,2,Powell
-0.4,False,83,13,302,1,2,Powell
-0.6,False,83,13,302,1,2,Powell
-0.8,False,83,13,302,1,2,Powell
-1.0,False,83,13,302,1,2,Powell
-1.2,False,83,13,302,1,2,Powell
-1.4,False,83,13,302,1,2,Powell
-1.6,False,83,13,302,1,2,Powell
-1.8,False,83,13,302,1,2,Powell
-2.0,False,83,13,302,1,2,Powell
-2.2,False,83,13,302,1,2,Powell
-2.4,False,83,13,302,1,2,Powell
-2.6,False,83,13,302,1,2,Powell
-2.8,False,83,13,302,1,2,Powell
-3.0,False,83,13,302,1,2,Powell
-3.2,False,83,13,302,1,2,Powell
-3.4,False,83,13,302,1,2,Powell
-3.6,False,83,13,302,1,2,Powell
-3.8,False,83,13,302,1,2,Powell
-4.0,False,83,13,302,1,2,Powell
-4.2,False,83,13,302,1,2,Powell
-4.4,False,83,13,302,1,2,Powell
-4.6,False,83,13,302,1,2,Powell
-4.8,False,83,13,302,1,2,Powell
-5.0,False,83,13,302,1,2,Powell
-5.2,False,83,13,302,1,2,Powell
-5.4,False,83,13,302,1,2,Powell
-5.6,False,83,13,302,1,2,Powell
-5.8,False,83,13,302,1,2,Powell
-6.0,False,83,13,302,1,2,Powell
-6.2,False,83,13,302,1,2,Powell
-6.4,False,83,13,302,1,2,Powell
-6.6,False,83,13,302,1,2,Powell
-6.8,False,83,13,302,1,2,Powell
-7.0,False,83,13,302,1,2,Powell
-7.2,False,83,13,302,1,2,Powell
-7.4,False,83,13,302,1,2,Powell
-7.6,False,83,13,302,1,2,Powell
-7.8,False,83,13,302,1,2,Powell
-8.0,False,83,13,302,1,2,Powell
2.0,False,113,13,303,1,2,Powell
1.8,False,113,13,303,1,2,Powell
1.6,False,113,13,303,1,2,Powell
1.4,False,113,13,303,1,2,Powell
1.2,False,113,13,303,1,2,Powell
1.0,False,113,13,303,1,2,Powell
0.8,False,113,13,303,1,2,Powell
0.6,False,113,13,303,1,2,Powell
0.4,False,113,13,303,1,2,Powell
0.2,False,113,13,303,1,2,Powell
0.0,False,113,13,303,1,2,Powell
-0.2,False,113,13,303,1,2,Powell
-0.4,False,113,13,303,1,2,Powell
-0.6,False,113,13,303,1,2,Powell
-0.8,False,113,13,303,1,2,Powell
-1.0,False,113,13,303,1,2,Powell
-1.2,False,113,13,303,1,2,Powell
-1.4,False,113,13,303,1,2,Powell
-1.6,False,113,13,303,1,2,Powell
-1.8,False,113,13,303,1,2,Powell
-2.0,False,113,13,303,1,2,Powell
-2.2,False,113,13,303,1,2,Powell
-2.4,False,113,13,303,1,2,Powell
-2.6,False,113,13,303,1,2,Powell
-2.8,False,113,13,303,1,2,Powell
-3.0,False,113,13,303,1,2,Powell
-3.2,False,113,13,303,1,2,Powell
-3.4,False,113,13,303,1,2,Powell
-3.6,False,113,13,303,1,2,Powell
-3.8,False,113,13,303,1,2,Powell
-4.0,False,113,13,303,1,2,Powell
-4.2,False,113,13,303,1,2,Powell
-4.4,False,113,13,303,1,2,Powell
-4.6,False,113,13,303,1,2,Powell
-4.8,False,113,13,303,1,2,Powell
-5.0,False,113,13,303,1,2,Powell
-5.2,False,113,13,303,1,2,Powell
-5.4,False,113,13,303,1,2,Powell
-5.6,False,113,13,303,1,2,Powell
-5.8,False,113,13,303,1,2,Powell
-6.0,False,113,13,303,1,2,Powell
-6.2,False,113,13,303,1,2,Powell
-6.4,False,113,13,303,1,2,Powell
-6.6,False,113,13,303,1,2,Powell
-6.8,False,113,13,303,1,2,Powell
-7.0,False,113,13,303,1,2,Powell
-7.2,False,113,13,303,1,2,Powell
-7.4,False,113,13,303,1,2,Powell
-7.6,False,113,13,303,1,2,Powell
-7.8,False,113,13,303,1,2,Powell
-8.0,False,113,13,303,1,2,Powell
2.0,True,11,13,304,1,2,Powell
1.8,True,11,13,304,1,2,Powell
1.6,True,11,13,304,1,2,Powell
1.4,True,11,13,304,1,2,Powell
1.2,True,11,13,304,1,2,Powell
1.0,True,11,13,304,1,2,Powell
0.8,True,11,13,304,1,2,Powell
0.6,True,11,13,304,1,2,Powell
0.4,True,23,13,304,1,2,Powell
0.2,True,23,13,304,1,2,Powell
0.0,True,23,13,304,1,2,Powell
-0.2,True,23,13,304,1,2,Powell
-0.4,True,23,13,304,1,2,Powell
-0.6,True,23,13,304,1,2,Powell
-0.8,True,28,13,304,1,2,Powell
-1.0,True,28,13,304,1,2,Powell
-1.2,True,28,13,304,1,2,Powell
-1.4,True,28,13,304,1,2,Powell
-1.6,True,28,13,304,1,2,Powell
-1.8,True,28,13,304,1,2,Powell
-2.0,True,28,13,304,1,2,Powell
-2.2,True,46,13,304,1,2,Powell
-2.4,True,46,13,304,1,2,Powell
-2.6,True,47,13,304,1,2,Powell
-2.8,False,82,13,304,1,2,Powell
-3.0,False,82,13,304,1,2,Powell
-3.2,False,82,13,304,1,2,Powell
-3.4,False,82,13,304,1,2,Powell
-3.6,False,82,13,304,1,2,Powell
-3.8,False,82,13,304,1,2,Powell
-4.0,False,82,13,304,1,2,Powell
-4.2,False,82,13,304,1,2,Powell
-4.4,False,82,13,304,1,2,Powell
-4.6,False,82,13,304,1,2,Powell
-4.8,False,82,13,304,1,2,Powell
-5.0,False,82,13,304,1,2,Powell
-5.2,False,82,13,304,1,2,Powell
-5.4,False,82,13,304,1,2,Powell
-5.6,False,82,13,304,1,2,Powell
-5.8,False,82,13,304,1,2,Powell
-6.0,False,82,13,304,1,2,Powell
-6.2,False,82,13,304,1,2,Powell
-6.4,False,82,13,304,1,2,Powell
-6.6,False,82,13,304,1,2,Powell
-6.8,False,82,13,304,1,2,Powell
-7.0,False,82,13,304,1,2,Powell
-7.2,False,82,13,304,1,2,Powell
-7.4,False,82,13,304,1,2,Powell
-7.6,False,82,13,304,1,2,Powell
-7.8,False,82,13,304,1,2,Powell
-8.0,False,82,13,304,1,2,Powell
2.0,True,5,13,305,1,2,Powell
1.8,True,5,13,305,1,2,Powell
1.6,True,5,13,305,1,2,Powell
1.4,True,7,13,305,1,2,Powell
1.2,True,8,13,305,1,2,Powell
1.0,True,8,13,305,1,2,Powell
0.8,True,10,13,305,1,2,Powell
0.6,False,86,13,305,1,2,Powell
0.4,False,86,13,305,1,2,Powell
0.2,False,86,13,305,1,2,Powell
0.0,False,86,13,305,1,2,Powell
-0.2,False,86,13,305,1,2,Powell
-0.4,False,86,13,305,1,2,Powell
-0.6,False,86,13,305,1,2,Powell
-0.8,False,86,13,305,1,2,Powell
-1.0,False,86,13,305,1,2,Powell
-1.2,False,86,13,305,1,2,Powell
-1.4,False,86,13,305,1,2,Powell
-1.6,False,86,13,305,1,2,Powell
-1.8,False,86,13,305,1,2,Powell
-2.0,False,86,13,305,1,2,Powell
-2.2,False,86,13,305,1,2,Powell
-2.4,False,86,13,305,1,2,Powell
-2.6,False,86,13,305,1,2,Powell
-2.8,False,86,13,305,1,2,Powell
-3.0,False,86,13,305,1,2,Powell
-3.2,False,86,13,305,1,2,Powell
-3.4,False,86,13,305,1,2,Powell
-3.6,False,86,13,305,1,2,Powell
-3.8,False,86,13,305,1,2,Powell
-4.0,False,86,13,305,1,2,Powell
-4.2,False,86,13,305,1,2,Powell
-4.4,False,86,13,305,1,2,Powell
-4.6,False,86,13,305,1,2,Powell
-4.8,False,86,13,305,1,2,Powell
-5.0,False,86,13,305,1,2,Powell
-5.2,False,86,13,305,1,2,Powell
-5.4,False,86,13,305,1,2,Powell
-5.6,False,86,13,305,1,2,Powell
-5.8,False,86,13,305,1,2,Powell
-6.0,False,86,13,305,1,2,Powell
-6.2,False,86,13,305,1,2,Powell
-6.4,False,86,13,305,1,2,Powell
-6.6,False,86,13,305,1,2,Powell
-6.8,False,86,13,305,1,2,Powell
-7.0,False,86,13,305,1,2,Powell
-7.2,False,86,13,305,1,2,Powell
-7.4,False,86,13,305,1,2,Powell
-7.6,False,86,13,305,1,2,Powell
-7.8,False,86,13,305,1,2,Powell
-8.0,False,86,13,305,1,2,Powell
2.0,True,3,13,306,1,2,Powell
1.8,True,5,13,306,1,2,Powell
1.6,True,7,13,306,1,2,Powell
1.4,False,133,13,306,1,2,Powell
1.2,False,133,13,306,1,2,Powell
1.0,False,133,13,306,1,2,Powell
0.8,False,133,13,306,1,2,Powell
0.6,False,133,13,306,1,2,Powell
0.4,False,133,13,306,1,2,Powell
0.2,False,133,13,306,1,2,Powell
0.0,False,133,13,306,1,2,Powell
-0.2,False,133,13,306,1,2,Powell
-0.4,False,133,13,306,1,2,Powell
-0.6,False,133,13,306,1,2,Powell
-0.8,False,133,13,306,1,2,Powell
-1.0,False,133,13,306,1,2,Powell
-1.2,False,133,13,306,1,2,Powell
-1.4,False,133,13,306,1,2,Powell
-1.6,False,133,13,306,1,2,Powell
-1.8,False,133,13,306,1,2,Powell
-2.0,False,133,13,306,1,2,Powell
-2.2,False,133,13,306,1,2,Powell
-2.4,False,133,13,306,1,2,Powell
-2.6,False,133,13,306,1,2,Powell
-2.8,False,133,13,306,1,2,Powell
-3.0,False,133,13,306,1,2,Powell
-3.2,False,133,13,306,1,2,Powell
-3.4,False,133,13,306,1,2,Powell
-3.6,False,133,13,306,1,2,Powell
-3.8,False,133,13,306,1,2,Powell
-4.0,False,133,13,306,1,2,Powell
-4.2,False,133,13,306,1,2,Powell
-4.4,False,133,13,306,1,2,Powell
-4.6,False,133,13,306,1,2,Powell
-4.8,False,133,13,306,1,2,Powell
-5.0,False,133,13,306,1,2,Powell
-5.2,False,133,13,306,1,2,Powell
-5.4,False,133,13,306,1,2,Powell
-5.6,False,133,13,306,1,2,Powell
-5.8,False,133,13,306,1,2,Powell
-6.0,False,133,13,306,1,2,Powell
-6.2,False,133,13,306,1,2,Powell
-6.4,False,133,13,306,1,2,Powell
-6.6,False,133,13,306,1,2,Powell
-6.8,False,133,13,306,1,2,Powell
-7.0,False,133,13,306,1,2,Powell
-7.2,False,133,13,306,1,2,Powell
-7.4,False,133,13,306,1,2,Powell
-7.6,False,133,13,306,1,2,Powell
-7.8,False,133,13,306,1,2,Powell
-8.0,False,133,13,306,1,2,Powell
2.0,True,22,13,307,1,2,Powell
1.8,True,52,13,307,1,2,Powell
1.6,True,53,13,307,1,2,Powell
1.4,True,53,13,307,1,2,Powell
1.2,True,53,13,307,1,2,Powell
1.0,True,53,13,307,1,2,Powell
0.8,True,53,13,307,1,2,Powell
0.6,True,53,13,307,1,2,Powell
0.4,True,65,13,307,1,2,Powell
0.2,True,65,13,307,1,2,Powell
0.0,True,65,13,307,1,2,Powell
-0.2,True,65,13,307,1,2,Powell
-0.4,True,65,13,307,1,2,Powell
-0.6,True,65,13,307,1,2,Powell
-0.8,True,65,13,307,1,2,Powell
-1.0,True,69,13,307,1,2,Powell
-1.2,True,69,13,307,1,2,Powell
-1.4,True,69,13,307,1,2,Powell
-1.6,True,69,13,307,1,2,Powell
-1.8,True,69,13,307,1,2,Powell
-2.0,True,69,13,307,1,2,Powell
-2.2,True,81,13,307,1,2,Powell
-2.4,True,81,13,307,1,2,Powell
-2.6,True,81,13,307,1,2,Powell
-2.8,True,82,13,307,1,2,Powell
-3.0,True,82,13,307,1,2,Powell
-3.2,True,86,13,307,1,2,Powell
-3.4,False,145,13,307,1,2,Powell
-3.6,False,145,13,307,1,2,Powell
-3.8,False,145,13,307,1,2,Powell
-4.0,False,145,13,307,1,2,Powell
-4.2,False,145,13,307,1,2,Powell
-4.4,False,145,13,307,1,2,Powell
-4.6,False,145,13,307,1,2,Powell
-4.8,False,145,13,307,1,2,Powell
-5.0,False,145,13,307,1,2,Powell
-5.2,False,145,13,307,1,2,Powell
-5.4,False,145,13,307,1,2,Powell
-5.6,False,145,13,307,1,2,Powell
-5.8,False,145,13,307,1,2,Powell
-6.0,False,145,13,307,1,2,Powell
-6.2,False,145,13,307,1,2,Powell
-6.4,False,145,13,307,1,2,Powell
-6.6,False,145,13,307,1,2,Powell
-6.8,False,145,13,307,1,2,Powell
-7.0,False,145,13,307,1,2,Powell
-7.2,False,145,13,307,1,2,Powell
-7.4,False,145,13,307,1,2,Powell
-7.6,False,145,13,307,1,2,Powell
-7.8,False,145,13,307,1,2,Powell
-8.0,False,145,13,307,1,2,Powell
2.0,True,12,13,308,1,2,Powell
1.8,True,18,13,308,1,2,Powell
1.6,True,38,13,308,1,2,Powell
1.4,True,38,13,308,1,2,Powell
1.2,True,44,13,308,1,2,Powell
1.0,True,77,13,308,1,2,Powell
0.8,True,77,13,308,1,2,Powell
0.6,True,77,13,308,1,2,Powell
0.4,True,77,13,308,1,2,Powell
0.2,True,77,13,308,1,2,Powell
0.0,True,77,13,308,1,2,Powell
-0.2,True,83,13,308,1,2,Powell
-0.4,True,93,13,308,1,2,Powell
-0.6,True,93,13,308,1,2,Powell
-0.8,True,93,13,308,1,2,Powell
-1.0,True,93,13,308,1,2,Powell
-1.2,True,93,13,308,1,2,Powell
-1.4,True,93,13,308,1,2,Powell
-1.6,True,97,13,308,1,2,Powell
-1.8,True,105,13,308,1,2,Powell
-2.0,True,123,13,308,1,2,Powell
-2.2,True,123,13,308,1,2,Powell
-2.4,False,139,13,308,1,2,Powell
-2.6,False,139,13,308,1,2,Powell
-2.8,False,139,13,308,1,2,Powell
-3.0,False,139,13,308,1,2,Powell
-3.2,False,139,13,308,1,2,Powell
-3.4,False,139,13,308,1,2,Powell
-3.6,False,139,13,308,1,2,Powell
-3.8,False,139,13,308,1,2,Powell
-4.0,False,139,13,308,1,2,Powell
-4.2,False,139,13,308,1,2,Powell
-4.4,False,139,13,308,1,2,Powell
-4.6,False,139,13,308,1,2,Powell
-4.8,False,139,13,308,1,2,Powell
-5.0,False,139,13,308,1,2,Powell
-5.2,False,139,13,308,1,2,Powell
-5.4,False,139,13,308,1,2,Powell
-5.6,False,139,13,308,1,2,Powell
-5.8,False,139,13,308,1,2,Powell
-6.0,False,139,13,308,1,2,Powell
-6.2,False,139,13,308,1,2,Powell
-6.4,False,139,13,308,1,2,Powell
-6.6,False,139,13,308,1,2,Powell
-6.8,False,139,13,308,1,2,Powell
-7.0,False,139,13,308,1,2,Powell
-7.2,False,139,13,308,1,2,Powell
-7.4,False,139,13,308,1,2,Powell
-7.6,False,139,13,308,1,2,Powell
-7.8,False,139,13,308,1,2,Powell
-8.0,False,139,13,308,1,2,Powell
2.0,True,9,13,309,1,2,Powell
1.8,True,9,13,309,1,2,Powell
1.6,True,9,13,309,1,2,Powell
1.4,True,9,13,309,1,2,Powell
1.2,True,9,13,309,1,2,Powell
1.0,True,11,13,309,1,2,Powell
0.8,True,13,13,309,1,2,Powell
0.6,True,13,13,309,1,2,Powell
0.4,True,13,13,309,1,2,Powell
0.2,True,13,13,309,1,2,Powell
0.0,False,87,13,309,1,2,Powell
-0.2,False,87,13,309,1,2,Powell
-0.4,False,87,13,309,1,2,Powell
-0.6,False,87,13,309,1,2,Powell
-0.8,False,87,13,309,1,2,Powell
-1.0,False,87,13,309,1,2,Powell
-1.2,False,87,13,309,1,2,Powell
-1.4,False,87,13,309,1,2,Powell
-1.6,False,87,13,309,1,2,Powell
-1.8,False,87,13,309,1,2,Powell
-2.0,False,87,13,309,1,2,Powell
-2.2,False,87,13,309,1,2,Powell
-2.4,False,87,13,309,1,2,Powell
-2.6,False,87,13,309,1,2,Powell
-2.8,False,87,13,309,1,2,Powell
-3.0,False,87,13,309,1,2,Powell
-3.2,False,87,13,309,1,2,Powell
-3.4,False,87,13,309,1,2,Powell
-3.6,False,87,13,309,1,2,Powell
-3.8,False,87,13,309,1,2,Powell
-4.0,False,87,13,309,1,2,Powell
-4.2,False,87,13,309,1,2,Powell
-4.4,False,87,13,309,1,2,Powell
-4.6,False,87,13,309,1,2,Powell
-4.8,False,87,13,309,1,2,Powell
-5.0,False,87,13,309,1,2,Powell
-5.2,False,87,13,309,1,2,Powell
-5.4,False,87,13,309,1,2,Powell
-5.6,False,87,13,309,1,2,Powell
-5.8,False,87,13,309,1,2,Powell
-6.0,False,87,13,309,1,2,Powell
-6.2,False,87,13,309,1,2,Powell
-6.4,False,87,13,309,1,2,Powell
-6.6,False,87,13,309,1,2,Powell
-6.8,False,87,13,309,1,2,Powell
-7.0,False,87,13,309,1,2,Powell
-7.2,False,87,13,309,1,2,Powell
-7.4,False,87,13,309,1,2,Powell
-7.6,False,87,13,309,1,2,Powell
-7.8,False,87,13,309,1,2,Powell
-8.0,False,87,13,309,1,2,Powell
2.0,True,7,13,310,1,2,Powell
1.8,True,7,13,310,1,2,Powell
1.6,True,7,13,310,1,2,Powell
1.4,False,152,13,310,1,2,Powell
1.2,False,152,13,310,1,2,Powell
1.0,False,152,13,310,1,2,Powell
0.8,False,152,13,310,1,2,Powell
0.6,False,152,13,310,1,2,Powell
0.4,False,152,13,310,1,2,Powell
0.2,False,152,13,310,1,2,Powell
0.0,False,152,13,310,1,2,Powell
-0.2,False,152,13,310,1,2,Powell
-0.4,False,152,13,310,1,2,Powell
-0.6,False,152,13,310,1,2,Powell
-0.8,False,152,13,310,1,2,Powell
-1.0,False,152,13,310,1,2,Powell
-1.2,False,152,13,310,1,2,Powell
-1.4,False,152,13,310,1,2,Powell
-1.6,False,152,13,310,1,2,Powell
-1.8,False,152,13,310,1,2,Powell
-2.0,False,152,13,310,1,2,Powell
-2.2,False,152,13,310,1,2,Powell
-2.4,False,152,13,310,1,2,Powell
-2.6,False,152,13,310,1,2,Powell
-2.8,False,152,13,310,1,2,Powell
-3.0,False,152,13,310,1,2,Powell
-3.2,False,152,13,310,1,2,Powell
-3.4,False,152,13,310,1,2,Powell
-3.6,False,152,13,310,1,2,Powell
-3.8,False,152,13,310,1,2,Powell
-4.0,False,152,13,310,1,2,Powell
-4.2,False,152,13,310,1,2,Powell
-4.4,False,152,13,310,1,2,Powell
-4.6,False,152,13,310,1,2,Powell
-4.8,False,152,13,310,1,2,Powell
-5.0,False,152,13,310,1,2,Powell
-5.2,False,152,13,310,1,2,Powell
-5.4,False,152,13,310,1,2,Powell
-5.6,False,152,13,310,1,2,Powell
-5.8,False,152,13,310,1,2,Powell
-6.0,False,152,13,310,1,2,Powell
-6.2,False,152,13,310,1,2,Powell
-6.4,False,152,13,310,1,2,Powell
-6.6,False,152,13,310,1,2,Powell
-6.8,False,152,13,310,1,2,Powell
-7.0,False,152,13,310,1,2,Powell
-7.2,False,152,13,310,1,2,Powell
-7.4,False,152,13,310,1,2,Powell
-7.6,False,152,13,310,1,2,Powell
-7.8,False,152,13,310,1,2,Powell
-8.0,False,152,13,310,1,2,Powell
2.0,True,12,13,311,1,2,Powell
1.8,True,13,13,311,1,2,Powell
1.6,True,15,13,311,1,2,Powell
1.4,True,15,13,311,1,2,Powell
1.2,False,113,13,311,1,2,Powell
1.0,False,113,13,311,1,2,Powell
0.8,False,113,13,311,1,2,Powell
0.6,False,113,13,311,1,2,Powell
0.4,False,113,13,311,1,2,Powell
0.2,False,113,13,311,1,2,Powell
0.0,False,113,13,311,1,2,Powell
-0.2,False,113,13,311,1,2,Powell
-0.4,False,113,13,311,1,2,Powell
-0.6,False,113,13,311,1,2,Powell
-0.8,False,113,13,311,1,2,Powell
-1.0,False,113,13,311,1,2,Powell
-1.2,False,113,13,311,1,2,Powell
-1.4,False,113,13,311,1,2,Powell
-1.6,False,113,13,311,1,2,Powell
-1.8,False,113,13,311,1,2,Powell
-2.0,False,113,13,311,1,2,Powell
-2.2,False,113,13,311,1,2,Powell
-2.4,False,113,13,311,1,2,Powell
-2.6,False,113,13,311,1,2,Powell
-2.8,False,113,13,311,1,2,Powell
-3.0,False,113,13,311,1,2,Powell
-3.2,False,113,13,311,1,2,Powell
-3.4,False,113,13,311,1,2,Powell
-3.6,False,113,13,311,1,2,Powell
-3.8,False,113,13,311,1,2,Powell
-4.0,False,113,13,311,1,2,Powell
-4.2,False,113,13,311,1,2,Powell
-4.4,False,113,13,311,1,2,Powell
-4.6,False,113,13,311,1,2,Powell
-4.8,False,113,13,311,1,2,Powell
-5.0,False,113,13,311,1,2,Powell
-5.2,False,113,13,311,1,2,Powell
-5.4,False,113,13,311,1,2,Powell
-5.6,False,113,13,311,1,2,Powell
-5.8,False,113,13,311,1,2,Powell
-6.0,False,113,13,311,1,2,Powell
-6.2,False,113,13,311,1,2,Powell
-6.4,False,113,13,311,1,2,Powell
-6.6,False,113,13,311,1,2,Powell
-6.8,False,113,13,311,1,2,Powell
-7.0,False,113,13,311,1,2,Powell
-7.2,False,113,13,311,1,2,Powell
-7.4,False,113,13,311,1,2,Powell
-7.6,False,113,13,311,1,2,Powell
-7.8,False,113,13,311,1,2,Powell
-8.0,False,113,13,311,1,2,Powell
2.0,True,11,13,312,1,2,Powell
1.8,True,11,13,312,1,2,Powell
1.6,True,12,13,312,1,2,Powell
1.4,True,14,13,312,1,2,Powell
1.2,True,14,13,312,1,2,Powell
1.0,False,83,13,312,1,2,Powell
0.8,False,83,13,312,1,2,Powell
0.6,False,83,13,312,1,2,Powell
0.4,False,83,13,312,1,2,Powell
0.2,False,83,13,312,1,2,Powell
0.0,False,83,13,312,1,2,Powell
-0.2,False,83,13,312,1,2,Powell
-0.4,False,83,13,312,1,2,Powell
-0.6,False,83,13,312,1,2,Powell
-0.8,False,83,13,312,1,2,Powell
-1.0,False,83,13,312,1,2,Powell
-1.2,False,83,13,312,1,2,Powell
-1.4,False,83,13,312,1,2,Powell
-1.6,False,83,13,312,1,2,Powell
-1.8,False,83,13,312,1,2,Powell
-2.0,False,83,13,312,1,2,Powell
-2.2,False,83,13,312,1,2,Powell
-2.4,False,83,13,312,1,2,Powell
-2.6,False,83,13,312,1,2,Powell
-2.8,False,83,13,312,1,2,Powell
-3.0,False,83,13,312,1,2,Powell
-3.2,False,83,13,312,1,2,Powell
-3.4,False,83,13,312,1,2,Powell
-3.6,False,83,13,312,1,2,Powell
-3.8,False,83,13,312,1,2,Powell
-4.0,False,83,13,312,1,2,Powell
-4.2,False,83,13,312,1,2,Powell
-4.4,False,83,13,312,1,2,Powell
-4.6,False,83,13,312,1,2,Powell
-4.8,False,83,13,312,1,2,Powell
-5.0,False,83,13,312,1,2,Powell
-5.2,False,83,13,312,1,2,Powell
-5.4,False,83,13,312,1,2,Powell
-5.6,False,83,13,312,1,2,Powell
-5.8,False,83,13,312,1,2,Powell
-6.0,False,83,13,312,1,2,Powell
-6.2,False,83,13,312,1,2,Powell
-6.4,False,83,13,312,1,2,Powell
-6.6,False,83,13,312,1,2,Powell
-6.8,False,83,13,312,1,2,Powell
-7.0,False,83,13,312,1,2,Powell
-7.2,False,83,13,312,1,2,Powell
-7.4,False,83,13,312,1,2,Powell
-7.6,False,83,13,312,1,2,Powell
-7.8,False,83,13,312,1,2,Powell
-8.0,False,83,13,312,1,2,Powell
2.0,True,3,13,313,1,2,Powell
1.8,True,3,13,313,1,2,Powell
1.6,True,3,13,313,1,2,Powell
1.4,True,3,13,313,1,2,Powell
1.2,True,7,13,313,1,2,Powell
1.0,True,7,13,313,1,2,Powell
0.8,True,8,13,313,1,2,Powell
0.6,True,8,13,313,1,2,Powell
0.4,True,8,13,313,1,2,Powell
0.2,True,10,13,313,1,2,Powell
0.0,True,17,13,313,1,2,Powell
-0.2,True,17,13,313,1,2,Powell
-0.4,False,108,13,313,1,2,Powell
-0.6,False,108,13,313,1,2,Powell
-0.8,False,108,13,313,1,2,Powell
-1.0,False,108,13,313,1,2,Powell
-1.2,False,108,13,313,1,2,Powell
-1.4,False,108,13,313,1,2,Powell
-1.6,False,108,13,313,1,2,Powell
-1.8,False,108,13,313,1,2,Powell
-2.0,False,108,13,313,1,2,Powell
-2.2,False,108,13,313,1,2,Powell
-2.4,False,108,13,313,1,2,Powell
-2.6,False,108,13,313,1,2,Powell
-2.8,False,108,13,313,1,2,Powell
-3.0,False,108,13,313,1,2,Powell
-3.2,False,108,13,313,1,2,Powell
-3.4,False,108,13,313,1,2,Powell
-3.6,False,108,13,313,1,2,Powell
-3.8,False,108,13,313,1,2,Powell
-4.0,False,108,13,313,1,2,Powell
-4.2,False,108,13,313,1,2,Powell
-4.4,False,108,13,313,1,2,Powell
-4.6,False,108,13,313,1,2,Powell
-4.8,False,108,13,313,1,2,Powell
-5.0,False,108,13,313,1,2,Powell
-5.2,False,108,13,313,1,2,Powell
-5.4,False,108,13,313,1,2,Powell
-5.6,False,108,13,313,1,2,Powell
-5.8,False,108,13,313,1,2,Powell
-6.0,False,108,13,313,1,2,Powell
-6.2,False,108,13,313,1,2,Powell
-6.4,False,108,13,313,1,2,Powell
-6.6,False,108,13,313,1,2,Powell
-6.8,False,108,13,313,1,2,Powell
-7.0,False,108,13,313,1,2,Powell
-7.2,False,108,13,313,1,2,Powell
-7.4,False,108,13,313,1,2,Powell
-7.6,False,108,13,313,1,2,Powell
-7.8,False,108,13,313,1,2,Powell
-8.0,False,108,13,313,1,2,Powell
2.0,True,20,13,314,1,2,Powell
1.8,True,20,13,314,1,2,Powell
1.6,True,20,13,314,1,2,Powell
1.4,True,24,13,314,1,2,Powell
1.2,True,32,13,314,1,2,Powell
1.0,True,46,13,314,1,2,Powell
0.8,True,52,13,314,1,2,Powell
0.6,True,55,13,314,1,2,Powell
0.4,True,55,13,314,1,2,Powell
0.2,True,55,13,314,1,2,Powell
0.0,True,68,13,314,1,2,Powell
-0.2,True,70,13,314,1,2,Powell
-0.4,True,72,13,314,1,2,Powell
-0.6,True,73,13,314,1,2,Powell
-0.8,True,96,13,314,1,2,Powell
-1.0,True,99,13,314,1,2,Powell
-1.2,True,125,13,314,1,2,Powell
-1.4,False,177,13,314,1,2,Powell
-1.6,False,177,13,314,1,2,Powell
-1.8,False,177,13,314,1,2,Powell
-2.0,False,177,13,314,1,2,Powell
-2.2,False,177,13,314,1,2,Powell
-2.4,False,177,13,314,1,2,Powell
-2.6,False,177,13,314,1,2,Powell
-2.8,False,177,13,314,1,2,Powell
-3.0,False,177,13,314,1,2,Powell
-3.2,False,177,13,314,1,2,Powell
-3.4,False,177,13,314,1,2,Powell
-3.6,False,177,13,314,1,2,Powell
-3.8,False,177,13,314,1,2,Powell
-4.0,False,177,13,314,1,2,Powell
-4.2,False,177,13,314,1,2,Powell
-4.4,False,177,13,314,1,2,Powell
-4.6,False,177,13,314,1,2,Powell
-4.8,False,177,13,314,1,2,Powell
-5.0,False,177,13,314,1,2,Powell
-5.2,False,177,13,314,1,2,Powell
-5.4,False,177,13,314,1,2,Powell
-5.6,False,177,13,314,1,2,Powell
-5.8,False,177,13,314,1,2,Powell
-6.0,False,177,13,314,1,2,Powell
-6.2,False,177,13,314,1,2,Powell
-6.4,False,177,13,314,1,2,Powell
-6.6,False,177,13,314,1,2,Powell
-6.8,False,177,13,314,1,2,Powell
-7.0,False,177,13,314,1,2,Powell
-7.2,False,177,13,314,1,2,Powell
-7.4,False,177,13,314,1,2,Powell
-7.6,False,177,13,314,1,2,Powell
-7.8,False,177,13,314,1,2,Powell
-8.0,False,177,13,314,1,2,Powell
2.0,True,12,13,315,1,2,Powell
1.8,False,121,13,315,1,2,Powell
1.6,False,121,13,315,1,2,Powell
1.4,False,121,13,315,1,2,Powell
1.2,False,121,13,315,1,2,Powell
1.0,False,121,13,315,1,2,Powell
0.8,False,121,13,315,1,2,Powell
0.6,False,121,13,315,1,2,Powell
0.4,False,121,13,315,1,2,Powell
0.2,False,121,13,315,1,2,Powell
0.0,False,121,13,315,1,2,Powell
-0.2,False,121,13,315,1,2,Powell
-0.4,False,121,13,315,1,2,Powell
-0.6,False,121,13,315,1,2,Powell
-0.8,False,121,13,315,1,2,Powell
-1.0,False,121,13,315,1,2,Powell
-1.2,False,121,13,315,1,2,Powell
-1.4,False,121,13,315,1,2,Powell
-1.6,False,121,13,315,1,2,Powell
-1.8,False,121,13,315,1,2,Powell
-2.0,False,121,13,315,1,2,Powell
-2.2,False,121,13,315,1,2,Powell
-2.4,False,121,13,315,1,2,Powell
-2.6,False,121,13,315,1,2,Powell
-2.8,False,121,13,315,1,2,Powell
-3.0,False,121,13,315,1,2,Powell
-3.2,False,121,13,315,1,2,Powell
-3.4,False,121,13,315,1,2,Powell
-3.6,False,121,13,315,1,2,Powell
-3.8,False,121,13,315,1,2,Powell
-4.0,False,121,13,315,1,2,Powell
-4.2,False,121,13,315,1,2,Powell
-4.4,False,121,13,315,1,2,Powell
-4.6,False,121,13,315,1,2,Powell
-4.8,False,121,13,315,1,2,Powell
-5.0,False,121,13,315,1,2,Powell
-5.2,False,121,13,315,1,2,Powell
-5.4,False,121,13,315,1,2,Powell
-5.6,False,121,13,315,1,2,Powell
-5.8,False,121,13,315,1,2,Powell
-6.0,False,121,13,315,1,2,Powell
-6.2,False,121,13,315,1,2,Powell
-6.4,False,121,13,315,1,2,Powell
-6.6,False,121,13,315,1,2,Powell
-6.8,False,121,13,315,1,2,Powell
-7.0,False,121,13,315,1,2,Powell
-7.2,False,121,13,315,1,2,Powell
-7.4,False,121,13,315,1,2,Powell
-7.6,False,121,13,315,1,2,Powell
-7.8,False,121,13,315,1,2,Powell
-8.0,False,121,13,315,1,2,Powell
2.0,True,5,13,316,1,2,Powell
1.8,True,5,13,316,1,2,Powell
1.6,True,7,13,316,1,2,Powell
1.4,True,7,13,316,1,2,Powell
1.2,True,7,13,316,1,2,Powell
1.0,True,7,13,316,1,2,Powell
0.8,True,8,13,316,1,2,Powell
0.6,True,8,13,316,1,2,Powell
0.4,True,8,13,316,1,2,Powell
0.2,True,20,13,316,1,2,Powell
0.0,False,73,13,316,1,2,Powell
-0.2,False,73,13,316,1,2,Powell
-0.4,False,73,13,316,1,2,Powell
-0.6,False,73,13,316,1,2,Powell
-0.8,False,73,13,316,1,2,Powell
-1.0,False,73,13,316,1,2,Powell
-1.2,False,73,13,316,1,2,Powell
-1.4,False,73,13,316,1,2,Powell
-1.6,False,73,13,316,1,2,Powell
-1.8,False,73,13,316,1,2,Powell
-2.0,False,73,13,316,1,2,Powell
-2.2,False,73,13,316,1,2,Powell
-2.4,False,73,13,316,1,2,Powell
-2.6,False,73,13,316,1,2,Powell
-2.8,False,73,13,316,1,2,Powell
-3.0,False,73,13,316,1,2,Powell
-3.2,False,73,13,316,1,2,Powell
-3.4,False,73,13,316,1,2,Powell
-3.6,False,73,13,316,1,2,Powell
-3.8,False,73,13,316,1,2,Powell
-4.0,False,73,13,316,1,2,Powell
-4.2,False,73,13,316,1,2,Powell
-4.4,False,73,13,316,1,2,Powell
-4.6,False,73,13,316,1,2,Powell
-4.8,False,73,13,316,1,2,Powell
-5.0,False,73,13,316,1,2,Powell
-5.2,False,73,13,316,1,2,Powell
-5.4,False,73,13,316,1,2,Powell
-5.6,False,73,13,316,1,2,Powell
-5.8,False,73,13,316,1,2,Powell
-6.0,False,73,13,316,1,2,Powell
-6.2,False,73,13,316,1,2,Powell
-6.4,False,73,13,316,1,2,Powell
-6.6,False,73,13,316,1,2,Powell
-6.8,False,73,13,316,1,2,Powell
-7.0,False,73,13,316,1,2,Powell
-7.2,False,73,13,316,1,2,Powell
-7.4,False,73,13,316,1,2,Powell
-7.6,False,73,13,316,1,2,Powell
-7.8,False,73,13,316,1,2,Powell
-8.0,False,73,13,316,1,2,Powell
2.0,True,11,13,317,1,2,Powell
1.8,True,11,13,317,1,2,Powell
1.6,True,11,13,317,1,2,Powell
1.4,True,19,13,317,1,2,Powell
1.2,True,19,13,317,1,2,Powell
1.0,True,19,13,317,1,2,Powell
0.8,True,19,13,317,1,2,Powell
0.6,True,19,13,317,1,2,Powell
0.4,True,19,13,317,1,2,Powell
0.2,True,21,13,317,1,2,Powell
0.0,True,29,13,317,1,2,Powell
-0.2,True,30,13,317,1,2,Powell
-0.4,True,30,13,317,1,2,Powell
-0.6,True,30,13,317,1,2,Powell
-0.8,True,30,13,317,1,2,Powell
-1.0,True,32,13,317,1,2,Powell
-1.2,True,35,13,317,1,2,Powell
-1.4,False,117,13,317,1,2,Powell
-1.6,False,117,13,317,1,2,Powell
-1.8,False,117,13,317,1,2,Powell
-2.0,False,117,13,317,1,2,Powell
-2.2,False,117,13,317,1,2,Powell
-2.4,False,117,13,317,1,2,Powell
-2.6,False,117,13,317,1,2,Powell
-2.8,False,117,13,317,1,2,Powell
-3.0,False,117,13,317,1,2,Powell
-3.2,False,117,13,317,1,2,Powell
-3.4,False,117,13,317,1,2,Powell
-3.6,False,117,13,317,1,2,Powell
-3.8,False,117,13,317,1,2,Powell
-4.0,False,117,13,317,1,2,Powell
-4.2,False,117,13,317,1,2,Powell
-4.4,False,117,13,317,1,2,Powell
-4.6,False,117,13,317,1,2,Powell
-4.8,False,117,13,317,1,2,Powell
-5.0,False,117,13,317,1,2,Powell
-5.2,False,117,13,317,1,2,Powell
-5.4,False,117,13,317,1,2,Powell
-5.6,False,117,13,317,1,2,Powell
-5.8,False,117,13,317,1,2,Powell
-6.0,False,117,13,317,1,2,Powell
-6.2,False,117,13,317,1,2,Powell
-6.4,False,117,13,317,1,2,Powell
-6.6,False,117,13,317,1,2,Powell
-6.8,False,117,13,317,1,2,Powell
-7.0,False,117,13,317,1,2,Powell
-7.2,False,117,13,317,1,2,Powell
-7.4,False,117,13,317,1,2,Powell
-7.6,False,117,13,317,1,2,Powell
-7.8,False,117,13,317,1,2,Powell
-8.0,False,117,13,317,1,2,Powell
2.0,True,4,13,318,1,2,Powell
1.8,True,5,13,318,1,2,Powell
1.6,True,6,13,318,1,2,Powell
1.4,True,6,13,318,1,2,Powell
1.2,True,8,13,318,1,2,Powell
1.0,True,8,13,318,1,2,Powell
0.8,True,8,13,318,1,2,Powell
0.6,True,8,13,318,1,2,Powell
0.4,True,8,13,318,1,2,Powell
0.2,True,11,13,318,1,2,Powell
0.0,True,11,13,318,1,2,Powell
-0.2,True,20,13,318,1,2,Powell
-0.4,True,22,13,318,1,2,Powell
-0.6,True,22,13,318,1,2,Powell
-0.8,True,22,13,318,1,2,Powell
-1.0,True,22,13,318,1,2,Powell
-1.2,True,22,13,318,1,2,Powell
-1.4,True,22,13,318,1,2,Powell
-1.6,True,25,13,318,1,2,Powell
-1.8,True,25,13,318,1,2,Powell
-2.0,True,25,13,318,1,2,Powell
-2.2,True,25,13,318,1,2,Powell
-2.4,True,25,13,318,1,2,Powell
-2.6,True,25,13,318,1,2,Powell
-2.8,True,25,13,318,1,2,Powell
-3.0,True,45,13,318,1,2,Powell
-3.2,True,45,13,318,1,2,Powell
-3.4,True,45,13,318,1,2,Powell
-3.6,True,45,13,318,1,2,Powell
-3.8,True,45,13,318,1,2,Powell
-4.0,True,45,13,318,1,2,Powell
-4.2,True,45,13,318,1,2,Powell
-4.4,True,48,13,318,1,2,Powell
-4.6,True,48,13,318,1,2,Powell
-4.8,True,48,13,318,1,2,Powell
-5.0,True,48,13,318,1,2,Powell
-5.2,False,78,13,318,1,2,Powell
-5.4,False,78,13,318,1,2,Powell
-5.6,False,78,13,318,1,2,Powell
-5.8,False,78,13,318,1,2,Powell
-6.0,False,78,13,318,1,2,Powell
-6.2,False,78,13,318,1,2,Powell
-6.4,False,78,13,318,1,2,Powell
-6.6,False,78,13,318,1,2,Powell
-6.8,False,78,13,318,1,2,Powell
-7.0,False,78,13,318,1,2,Powell
-7.2,False,78,13,318,1,2,Powell
-7.4,False,78,13,318,1,2,Powell
-7.6,False,78,13,318,1,2,Powell
-7.8,False,78,13,318,1,2,Powell
-8.0,False,78,13,318,1,2,Powell
2.0,False,100,13,319,1,2,Powell
1.8,False,100,13,319,1,2,Powell
1.6,False,100,13,319,1,2,Powell
1.4,False,100,13,319,1,2,Powell
1.2,False,100,13,319,1,2,Powell
1.0,False,100,13,319,1,2,Powell
0.8,False,100,13,319,1,2,Powell
0.6,False,100,13,319,1,2,Powell
0.4,False,100,13,319,1,2,Powell
0.2,False,100,13,319,1,2,Powell
0.0,False,100,13,319,1,2,Powell
-0.2,False,100,13,319,1,2,Powell
-0.4,False,100,13,319,1,2,Powell
-0.6,False,100,13,319,1,2,Powell
-0.8,False,100,13,319,1,2,Powell
-1.0,False,100,13,319,1,2,Powell
-1.2,False,100,13,319,1,2,Powell
-1.4,False,100,13,319,1,2,Powell
-1.6,False,100,13,319,1,2,Powell
-1.8,False,100,13,319,1,2,Powell
-2.0,False,100,13,319,1,2,Powell
-2.2,False,100,13,319,1,2,Powell
-2.4,False,100,13,319,1,2,Powell
-2.6,False,100,13,319,1,2,Powell
-2.8,False,100,13,319,1,2,Powell
-3.0,False,100,13,319,1,2,Powell
-3.2,False,100,13,319,1,2,Powell
-3.4,False,100,13,319,1,2,Powell
-3.6,False,100,13,319,1,2,Powell
-3.8,False,100,13,319,1,2,Powell
-4.0,False,100,13,319,1,2,Powell
-4.2,False,100,13,319,1,2,Powell
-4.4,False,100,13,319,1,2,Powell
-4.6,False,100,13,319,1,2,Powell
-4.8,False,100,13,319,1,2,Powell
-5.0,False,100,13,319,1,2,Powell
-5.2,False,100,13,319,1,2,Powell
-5.4,False,100,13,319,1,2,Powell
-5.6,False,100,13,319,1,2,Powell
-5.8,False,100,13,319,1,2,Powell
-6.0,False,100,13,319,1,2,Powell
-6.2,False,100,13,319,1,2,Powell
-6.4,False,100,13,319,1,2,Powell
-6.6,False,100,13,319,1,2,Powell
-6.8,False,100,13,319,1,2,Powell
-7.0,False,100,13,319,1,2,Powell
-7.2,False,100,13,319,1,2,Powell
-7.4,False,100,13,319,1,2,Powell
-7.6,False,100,13,319,1,2,Powell
-7.8,False,100,13,319,1,2,Powell
-8.0,False,100,13,319,1,2,Powell
2.0,True,10,13,320,1,2,Powell
1.8,True,10,13,320,1,2,Powell
1.6,True,10,13,320,1,2,Powell
1.4,True,10,13,320,1,2,Powell
1.2,True,11,13,320,1,2,Powell
1.0,True,11,13,320,1,2,Powell
0.8,True,11,13,320,1,2,Powell
0.6,True,23,13,320,1,2,Powell
0.4,True,23,13,320,1,2,Powell
0.2,True,23,13,320,1,2,Powell
0.0,True,23,13,320,1,2,Powell
-0.2,True,23,13,320,1,2,Powell
-0.4,True,26,13,320,1,2,Powell
-0.6,True,26,13,320,1,2,Powell
-0.8,True,26,13,320,1,2,Powell
-1.0,True,26,13,320,1,2,Powell
-1.2,True,26,13,320,1,2,Powell
-1.4,True,26,13,320,1,2,Powell
-1.6,True,26,13,320,1,2,Powell
-1.8,True,46,13,320,1,2,Powell
-2.0,False,82,13,320,1,2,Powell
-2.2,False,82,13,320,1,2,Powell
-2.4,False,82,13,320,1,2,Powell
-2.6,False,82,13,320,1,2,Powell
-2.8,False,82,13,320,1,2,Powell
-3.0,False,82,13,320,1,2,Powell
-3.2,False,82,13,320,1,2,Powell
-3.4,False,82,13,320,1,2,Powell
-3.6,False,82,13,320,1,2,Powell
-3.8,False,82,13,320,1,2,Powell
-4.0,False,82,13,320,1,2,Powell
-4.2,False,82,13,320,1,2,Powell
-4.4,False,82,13,320,1,2,Powell
-4.6,False,82,13,320,1,2,Powell
-4.8,False,82,13,320,1,2,Powell
-5.0,False,82,13,320,1,2,Powell
-5.2,False,82,13,320,1,2,Powell
-5.4,False,82,13,320,1,2,Powell
-5.6,False,82,13,320,1,2,Powell
-5.8,False,82,13,320,1,2,Powell
-6.0,False,82,13,320,1,2,Powell
-6.2,False,82,13,320,1,2,Powell
-6.4,False,82,13,320,1,2,Powell
-6.6,False,82,13,320,1,2,Powell
-6.8,False,82,13,320,1,2,Powell
-7.0,False,82,13,320,1,2,Powell
-7.2,False,82,13,320,1,2,Powell
-7.4,False,82,13,320,1,2,Powell
-7.6,False,82,13,320,1,2,Powell
-7.8,False,82,13,320,1,2,Powell
-8.0,False,82,13,320,1,2,Powell
2.0,True,11,13,321,1,2,Powell
1.8,True,11,13,321,1,2,Powell
1.6,True,11,13,321,1,2,Powell
1.4,True,13,13,321,1,2,Powell
1.2,True,13,13,321,1,2,Powell
1.0,False,104,13,321,1,2,Powell
0.8,False,104,13,321,1,2,Powell
0.6,False,104,13,321,1,2,Powell
0.4,False,104,13,321,1,2,Powell
0.2,False,104,13,321,1,2,Powell
0.0,False,104,13,321,1,2,Powell
-0.2,False,104,13,321,1,2,Powell
-0.4,False,104,13,321,1,2,Powell
-0.6,False,104,13,321,1,2,Powell
-0.8,False,104,13,321,1,2,Powell
-1.0,False,104,13,321,1,2,Powell
-1.2,False,104,13,321,1,2,Powell
-1.4,False,104,13,321,1,2,Powell
-1.6,False,104,13,321,1,2,Powell
-1.8,False,104,13,321,1,2,Powell
-2.0,False,104,13,321,1,2,Powell
-2.2,False,104,13,321,1,2,Powell
-2.4,False,104,13,321,1,2,Powell
-2.6,False,104,13,321,1,2,Powell
-2.8,False,104,13,321,1,2,Powell
-3.0,False,104,13,321,1,2,Powell
-3.2,False,104,13,321,1,2,Powell
-3.4,False,104,13,321,1,2,Powell
-3.6,False,104,13,321,1,2,Powell
-3.8,False,104,13,321,1,2,Powell
-4.0,False,104,13,321,1,2,Powell
-4.2,False,104,13,321,1,2,Powell
-4.4,False,104,13,321,1,2,Powell
-4.6,False,104,13,321,1,2,Powell
-4.8,False,104,13,321,1,2,Powell
-5.0,False,104,13,321,1,2,Powell
-5.2,False,104,13,321,1,2,Powell
-5.4,False,104,13,321,1,2,Powell
-5.6,False,104,13,321,1,2,Powell
-5.8,False,104,13,321,1,2,Powell
-6.0,False,104,13,321,1,2,Powell
-6.2,False,104,13,321,1,2,Powell
-6.4,False,104,13,321,1,2,Powell
-6.6,False,104,13,321,1,2,Powell
-6.8,False,104,13,321,1,2,Powell
-7.0,False,104,13,321,1,2,Powell
-7.2,False,104,13,321,1,2,Powell
-7.4,False,104,13,321,1,2,Powell
-7.6,False,104,13,321,1,2,Powell
-7.8,False,104,13,321,1,2,Powell
-8.0,False,104,13,321,1,2,Powell
2.0,True,1,13,322,1,2,Powell
1.8,True,1,13,322,1,2,Powell
1.6,True,1,13,322,1,2,Powell
1.4,True,1,13,322,1,2,Powell
1.2,True,10,13,322,1,2,Powell
1.0,True,10,13,322,1,2,Powell
0.8,False,99,13,322,1,2,Powell
0.6,False,99,13,322,1,2,Powell
0.4,False,99,13,322,1,2,Powell
0.2,False,99,13,322,1,2,Powell
0.0,False,99,13,322,1,2,Powell
-0.2,False,99,13,322,1,2,Powell
-0.4,False,99,13,322,1,2,Powell
-0.6,False,99,13,322,1,2,Powell
-0.8,False,99,13,322,1,2,Powell
-1.0,False,99,13,322,1,2,Powell
-1.2,False,99,13,322,1,2,Powell
-1.4,False,99,13,322,1,2,Powell
-1.6,False,99,13,322,1,2,Powell
-1.8,False,99,13,322,1,2,Powell
-2.0,False,99,13,322,1,2,Powell
-2.2,False,99,13,322,1,2,Powell
-2.4,False,99,13,322,1,2,Powell
-2.6,False,99,13,322,1,2,Powell
-2.8,False,99,13,322,1,2,Powell
-3.0,False,99,13,322,1,2,Powell
-3.2,False,99,13,322,1,2,Powell
-3.4,False,99,13,322,1,2,Powell
-3.6,False,99,13,322,1,2,Powell
-3.8,False,99,13,322,1,2,Powell
-4.0,False,99,13,322,1,2,Powell
-4.2,False,99,13,322,1,2,Powell
-4.4,False,99,13,322,1,2,Powell
-4.6,False,99,13,322,1,2,Powell
-4.8,False,99,13,322,1,2,Powell
-5.0,False,99,13,322,1,2,Powell
-5.2,False,99,13,322,1,2,Powell
-5.4,False,99,13,322,1,2,Powell
-5.6,False,99,13,322,1,2,Powell
-5.8,False,99,13,322,1,2,Powell
-6.0,False,99,13,322,1,2,Powell
-6.2,False,99,13,322,1,2,Powell
-6.4,False,99,13,322,1,2,Powell
-6.6,False,99,13,322,1,2,Powell
-6.8,False,99,13,322,1,2,Powell
-7.0,False,99,13,322,1,2,Powell
-7.2,False,99,13,322,1,2,Powell
-7.4,False,99,13,322,1,2,Powell
-7.6,False,99,13,322,1,2,Powell
-7.8,False,99,13,322,1,2,Powell
-8.0,False,99,13,322,1,2,Powell
2.0,True,5,13,323,1,2,Powell
1.8,True,5,13,323,1,2,Powell
1.6,True,5,13,323,1,2,Powell
1.4,True,11,13,323,1,2,Powell
1.2,False,99,13,323,1,2,Powell
1.0,False,99,13,323,1,2,Powell
0.8,False,99,13,323,1,2,Powell
0.6,False,99,13,323,1,2,Powell
0.4,False,99,13,323,1,2,Powell
0.2,False,99,13,323,1,2,Powell
0.0,False,99,13,323,1,2,Powell
-0.2,False,99,13,323,1,2,Powell
-0.4,False,99,13,323,1,2,Powell
-0.6,False,99,13,323,1,2,Powell
-0.8,False,99,13,323,1,2,Powell
-1.0,False,99,13,323,1,2,Powell
-1.2,False,99,13,323,1,2,Powell
-1.4,False,99,13,323,1,2,Powell
-1.6,False,99,13,323,1,2,Powell
-1.8,False,99,13,323,1,2,Powell
-2.0,False,99,13,323,1,2,Powell
-2.2,False,99,13,323,1,2,Powell
-2.4,False,99,13,323,1,2,Powell
-2.6,False,99,13,323,1,2,Powell
-2.8,False,99,13,323,1,2,Powell
-3.0,False,99,13,323,1,2,Powell
-3.2,False,99,13,323,1,2,Powell
-3.4,False,99,13,323,1,2,Powell
-3.6,False,99,13,323,1,2,Powell
-3.8,False,99,13,323,1,2,Powell
-4.0,False,99,13,323,1,2,Powell
-4.2,False,99,13,323,1,2,Powell
-4.4,False,99,13,323,1,2,Powell
-4.6,False,99,13,323,1,2,Powell
-4.8,False,99,13,323,1,2,Powell
-5.0,False,99,13,323,1,2,Powell
-5.2,False,99,13,323,1,2,Powell
-5.4,False,99,13,323,1,2,Powell
-5.6,False,99,13,323,1,2,Powell
-5.8,False,99,13,323,1,2,Powell
-6.0,False,99,13,323,1,2,Powell
-6.2,False,99,13,323,1,2,Powell
-6.4,False,99,13,323,1,2,Powell
-6.6,False,99,13,323,1,2,Powell
-6.8,False,99,13,323,1,2,Powell
-7.0,False,99,13,323,1,2,Powell
-7.2,False,99,13,323,1,2,Powell
-7.4,False,99,13,323,1,2,Powell
-7.6,False,99,13,323,1,2,Powell
-7.8,False,99,13,323,1,2,Powell
-8.0,False,99,13,323,1,2,Powell
2.0,True,29,13,324,1,2,Powell
1.8,True,29,13,324,1,2,Powell
1.6,True,34,13,324,1,2,Powell
1.4,True,34,13,324,1,2,Powell
1.2,False,191,13,324,1,2,Powell
1.0,False,191,13,324,1,2,Powell
0.8,False,191,13,324,1,2,Powell
0.6,False,191,13,324,1,2,Powell
0.4,False,191,13,324,1,2,Powell
0.2,False,191,13,324,1,2,Powell
0.0,False,191,13,324,1,2,Powell
-0.2,False,191,13,324,1,2,Powell
-0.4,False,191,13,324,1,2,Powell
-0.6,False,191,13,324,1,2,Powell
-0.8,False,191,13,324,1,2,Powell
-1.0,False,191,13,324,1,2,Powell
-1.2,False,191,13,324,1,2,Powell
-1.4,False,191,13,324,1,2,Powell
-1.6,False,191,13,324,1,2,Powell
-1.8,False,191,13,324,1,2,Powell
-2.0,False,191,13,324,1,2,Powell
-2.2,False,191,13,324,1,2,Powell
-2.4,False,191,13,324,1,2,Powell
-2.6,False,191,13,324,1,2,Powell
-2.8,False,191,13,324,1,2,Powell
-3.0,False,191,13,324,1,2,Powell
-3.2,False,191,13,324,1,2,Powell
-3.4,False,191,13,324,1,2,Powell
-3.6,False,191,13,324,1,2,Powell
-3.8,False,191,13,324,1,2,Powell
-4.0,False,191,13,324,1,2,Powell
-4.2,False,191,13,324,1,2,Powell
-4.4,False,191,13,324,1,2,Powell
-4.6,False,191,13,324,1,2,Powell
-4.8,False,191,13,324,1,2,Powell
-5.0,False,191,13,324,1,2,Powell
-5.2,False,191,13,324,1,2,Powell
-5.4,False,191,13,324,1,2,Powell
-5.6,False,191,13,324,1,2,Powell
-5.8,False,191,13,324,1,2,Powell
-6.0,False,191,13,324,1,2,Powell
-6.2,False,191,13,324,1,2,Powell
-6.4,False,191,13,324,1,2,Powell
-6.6,False,191,13,324,1,2,Powell
-6.8,False,191,13,324,1,2,Powell
-7.0,False,191,13,324,1,2,Powell
-7.2,False,191,13,324,1,2,Powell
-7.4,False,191,13,324,1,2,Powell
-7.6,False,191,13,324,1,2,Powell
-7.8,False,191,13,324,1,2,Powell
-8.0,False,191,13,324,1,2,Powell
2.0,True,49,13,325,1,2,Powell
1.8,True,57,13,325,1,2,Powell
1.6,True,57,13,325,1,2,Powell
1.4,True,57,13,325,1,2,Powell
1.2,True,57,13,325,1,2,Powell
1.0,True,82,13,325,1,2,Powell
0.8,True,82,13,325,1,2,Powell
0.6,True,107,13,325,1,2,Powell
0.4,False,155,13,325,1,2,Powell
0.2,False,155,13,325,1,2,Powell
0.0,False,155,13,325,1,2,Powell
-0.2,False,155,13,325,1,2,Powell
-0.4,False,155,13,325,1,2,Powell
-0.6,False,155,13,325,1,2,Powell
-0.8,False,155,13,325,1,2,Powell
-1.0,False,155,13,325,1,2,Powell
-1.2,False,155,13,325,1,2,Powell
-1.4,False,155,13,325,1,2,Powell
-1.6,False,155,13,325,1,2,Powell
-1.8,False,155,13,325,1,2,Powell
-2.0,False,155,13,325,1,2,Powell
-2.2,False,155,13,325,1,2,Powell
-2.4,False,155,13,325,1,2,Powell
-2.6,False,155,13,325,1,2,Powell
-2.8,False,155,13,325,1,2,Powell
-3.0,False,155,13,325,1,2,Powell
-3.2,False,155,13,325,1,2,Powell
-3.4,False,155,13,325,1,2,Powell
-3.6,False,155,13,325,1,2,Powell
-3.8,False,155,13,325,1,2,Powell
-4.0,False,155,13,325,1,2,Powell
-4.2,False,155,13,325,1,2,Powell
-4.4,False,155,13,325,1,2,Powell
-4.6,False,155,13,325,1,2,Powell
-4.8,False,155,13,325,1,2,Powell
-5.0,False,155,13,325,1,2,Powell
-5.2,False,155,13,325,1,2,Powell
-5.4,False,155,13,325,1,2,Powell
-5.6,False,155,13,325,1,2,Powell
-5.8,False,155,13,325,1,2,Powell
-6.0,False,155,13,325,1,2,Powell
-6.2,False,155,13,325,1,2,Powell
-6.4,False,155,13,325,1,2,Powell
-6.6,False,155,13,325,1,2,Powell
-6.8,False,155,13,325,1,2,Powell
-7.0,False,155,13,325,1,2,Powell
-7.2,False,155,13,325,1,2,Powell
-7.4,False,155,13,325,1,2,Powell
-7.6,False,155,13,325,1,2,Powell
-7.8,False,155,13,325,1,2,Powell
-8.0,False,155,13,325,1,2,Powell
2.0,True,1,13,326,1,2,Powell
1.8,True,13,13,326,1,2,Powell
1.6,True,31,13,326,1,2,Powell
1.4,False,170,13,326,1,2,Powell
1.2,False,170,13,326,1,2,Powell
1.0,False,170,13,326,1,2,Powell
0.8,False,170,13,326,1,2,Powell
0.6,False,170,13,326,1,2,Powell
0.4,False,170,13,326,1,2,Powell
0.2,False,170,13,326,1,2,Powell
0.0,False,170,13,326,1,2,Powell
-0.2,False,170,13,326,1,2,Powell
-0.4,False,170,13,326,1,2,Powell
-0.6,False,170,13,326,1,2,Powell
-0.8,False,170,13,326,1,2,Powell
-1.0,False,170,13,326,1,2,Powell
-1.2,False,170,13,326,1,2,Powell
-1.4,False,170,13,326,1,2,Powell
-1.6,False,170,13,326,1,2,Powell
-1.8,False,170,13,326,1,2,Powell
-2.0,False,170,13,326,1,2,Powell
-2.2,False,170,13,326,1,2,Powell
-2.4,False,170,13,326,1,2,Powell
-2.6,False,170,13,326,1,2,Powell
-2.8,False,170,13,326,1,2,Powell
-3.0,False,170,13,326,1,2,Powell
-3.2,False,170,13,326,1,2,Powell
-3.4,False,170,13,326,1,2,Powell
-3.6,False,170,13,326,1,2,Powell
-3.8,False,170,13,326,1,2,Powell
-4.0,False,170,13,326,1,2,Powell
-4.2,False,170,13,326,1,2,Powell
-4.4,False,170,13,326,1,2,Powell
-4.6,False,170,13,326,1,2,Powell
-4.8,False,170,13,326,1,2,Powell
-5.0,False,170,13,326,1,2,Powell
-5.2,False,170,13,326,1,2,Powell
-5.4,False,170,13,326,1,2,Powell
-5.6,False,170,13,326,1,2,Powell
-5.8,False,170,13,326,1,2,Powell
-6.0,False,170,13,326,1,2,Powell
-6.2,False,170,13,326,1,2,Powell
-6.4,False,170,13,326,1,2,Powell
-6.6,False,170,13,326,1,2,Powell
-6.8,False,170,13,326,1,2,Powell
-7.0,False,170,13,326,1,2,Powell
-7.2,False,170,13,326,1,2,Powell
-7.4,False,170,13,326,1,2,Powell
-7.6,False,170,13,326,1,2,Powell
-7.8,False,170,13,326,1,2,Powell
-8.0,False,170,13,326,1,2,Powell
2.0,True,13,13,327,1,2,Powell
1.8,True,13,13,327,1,2,Powell
1.6,True,13,13,327,1,2,Powell
1.4,True,13,13,327,1,2,Powell
1.2,True,15,13,327,1,2,Powell
1.0,True,15,13,327,1,2,Powell
0.8,True,15,13,327,1,2,Powell
0.6,True,15,13,327,1,2,Powell
0.4,True,15,13,327,1,2,Powell
0.2,True,33,13,327,1,2,Powell
0.0,False,140,13,327,1,2,Powell
-0.2,False,140,13,327,1,2,Powell
-0.4,False,140,13,327,1,2,Powell
-0.6,False,140,13,327,1,2,Powell
-0.8,False,140,13,327,1,2,Powell
-1.0,False,140,13,327,1,2,Powell
-1.2,False,140,13,327,1,2,Powell
-1.4,False,140,13,327,1,2,Powell
-1.6,False,140,13,327,1,2,Powell
-1.8,False,140,13,327,1,2,Powell
-2.0,False,140,13,327,1,2,Powell
-2.2,False,140,13,327,1,2,Powell
-2.4,False,140,13,327,1,2,Powell
-2.6,False,140,13,327,1,2,Powell
-2.8,False,140,13,327,1,2,Powell
-3.0,False,140,13,327,1,2,Powell
-3.2,False,140,13,327,1,2,Powell
-3.4,False,140,13,327,1,2,Powell
-3.6,False,140,13,327,1,2,Powell
-3.8,False,140,13,327,1,2,Powell
-4.0,False,140,13,327,1,2,Powell
-4.2,False,140,13,327,1,2,Powell
-4.4,False,140,13,327,1,2,Powell
-4.6,False,140,13,327,1,2,Powell
-4.8,False,140,13,327,1,2,Powell
-5.0,False,140,13,327,1,2,Powell
-5.2,False,140,13,327,1,2,Powell
-5.4,False,140,13,327,1,2,Powell
-5.6,False,140,13,327,1,2,Powell
-5.8,False,140,13,327,1,2,Powell
-6.0,False,140,13,327,1,2,Powell
-6.2,False,140,13,327,1,2,Powell
-6.4,False,140,13,327,1,2,Powell
-6.6,False,140,13,327,1,2,Powell
-6.8,False,140,13,327,1,2,Powell
-7.0,False,140,13,327,1,2,Powell
-7.2,False,140,13,327,1,2,Powell
-7.4,False,140,13,327,1,2,Powell
-7.6,False,140,13,327,1,2,Powell
-7.8,False,140,13,327,1,2,Powell
-8.0,False,140,13,327,1,2,Powell
2.0,True,11,13,328,1,2,Powell
1.8,True,11,13,328,1,2,Powell
1.6,True,11,13,328,1,2,Powell
1.4,True,12,13,328,1,2,Powell
1.2,False,80,13,328,1,2,Powell
1.0,False,80,13,328,1,2,Powell
0.8,False,80,13,328,1,2,Powell
0.6,False,80,13,328,1,2,Powell
0.4,False,80,13,328,1,2,Powell
0.2,False,80,13,328,1,2,Powell
0.0,False,80,13,328,1,2,Powell
-0.2,False,80,13,328,1,2,Powell
-0.4,False,80,13,328,1,2,Powell
-0.6,False,80,13,328,1,2,Powell
-0.8,False,80,13,328,1,2,Powell
-1.0,False,80,13,328,1,2,Powell
-1.2,False,80,13,328,1,2,Powell
-1.4,False,80,13,328,1,2,Powell
-1.6,False,80,13,328,1,2,Powell
-1.8,False,80,13,328,1,2,Powell
-2.0,False,80,13,328,1,2,Powell
-2.2,False,80,13,328,1,2,Powell
-2.4,False,80,13,328,1,2,Powell
-2.6,False,80,13,328,1,2,Powell
-2.8,False,80,13,328,1,2,Powell
-3.0,False,80,13,328,1,2,Powell
-3.2,False,80,13,328,1,2,Powell
-3.4,False,80,13,328,1,2,Powell
-3.6,False,80,13,328,1,2,Powell
-3.8,False,80,13,328,1,2,Powell
-4.0,False,80,13,328,1,2,Powell
-4.2,False,80,13,328,1,2,Powell
-4.4,False,80,13,328,1,2,Powell
-4.6,False,80,13,328,1,2,Powell
-4.8,False,80,13,328,1,2,Powell
-5.0,False,80,13,328,1,2,Powell
-5.2,False,80,13,328,1,2,Powell
-5.4,False,80,13,328,1,2,Powell
-5.6,False,80,13,328,1,2,Powell
-5.8,False,80,13,328,1,2,Powell
-6.0,False,80,13,328,1,2,Powell
-6.2,False,80,13,328,1,2,Powell
-6.4,False,80,13,328,1,2,Powell
-6.6,False,80,13,328,1,2,Powell
-6.8,False,80,13,328,1,2,Powell
-7.0,False,80,13,328,1,2,Powell
-7.2,False,80,13,328,1,2,Powell
-7.4,False,80,13,328,1,2,Powell
-7.6,False,80,13,328,1,2,Powell
-7.8,False,80,13,328,1,2,Powell
-8.0,False,80,13,328,1,2,Powell
2.0,True,43,13,329,1,2,Powell
1.8,True,44,13,329,1,2,Powell
1.6,True,44,13,329,1,2,Powell
1.4,True,44,13,329,1,2,Powell
1.2,True,44,13,329,1,2,Powell
1.0,True,44,13,329,1,2,Powell
0.8,True,55,13,329,1,2,Powell
0.6,True,55,13,329,1,2,Powell
0.4,True,57,13,329,1,2,Powell
0.2,True,57,13,329,1,2,Powell
0.0,True,57,13,329,1,2,Powell
-0.2,True,57,13,329,1,2,Powell
-0.4,True,57,13,329,1,2,Powell
-0.6,True,57,13,329,1,2,Powell
-0.8,True,57,13,329,1,2,Powell
-1.0,True,57,13,329,1,2,Powell
-1.2,True,61,13,329,1,2,Powell
-1.4,True,61,13,329,1,2,Powell
-1.6,True,61,13,329,1,2,Powell
-1.8,True,61,13,329,1,2,Powell
-2.0,True,71,13,329,1,2,Powell
-2.2,True,71,13,329,1,2,Powell
-2.4,True,71,13,329,1,2,Powell
-2.6,True,71,13,329,1,2,Powell
-2.8,True,75,13,329,1,2,Powell
-3.0,False,129,13,329,1,2,Powell
-3.2,False,129,13,329,1,2,Powell
-3.4,False,129,13,329,1,2,Powell
-3.6,False,129,13,329,1,2,Powell
-3.8,False,129,13,329,1,2,Powell
-4.0,False,129,13,329,1,2,Powell
-4.2,False,129,13,329,1,2,Powell
-4.4,False,129,13,329,1,2,Powell
-4.6,False,129,13,329,1,2,Powell
-4.8,False,129,13,329,1,2,Powell
-5.0,False,129,13,329,1,2,Powell
-5.2,False,129,13,329,1,2,Powell
-5.4,False,129,13,329,1,2,Powell
-5.6,False,129,13,329,1,2,Powell
-5.8,False,129,13,329,1,2,Powell
-6.0,False,129,13,329,1,2,Powell
-6.2,False,129,13,329,1,2,Powell
-6.4,False,129,13,329,1,2,Powell
-6.6,False,129,13,329,1,2,Powell
-6.8,False,129,13,329,1,2,Powell
-7.0,False,129,13,329,1,2,Powell
-7.2,False,129,13,329,1,2,Powell
-7.4,False,129,13,329,1,2,Powell
-7.6,False,129,13,329,1,2,Powell
-7.8,False,129,13,329,1,2,Powell
-8.0,False,129,13,329,1,2,Powell
2.0,True,4,13,330,1,2,Powell
1.8,True,6,13,330,1,2,Powell
1.6,True,8,13,330,1,2,Powell
1.4,True,8,13,330,1,2,Powell
1.2,True,8,13,330,1,2,Powell
1.0,True,8,13,330,1,2,Powell
0.8,True,8,13,330,1,2,Powell
0.6,True,10,13,330,1,2,Powell
0.4,True,10,13,330,1,2,Powell
0.2,True,20,13,330,1,2,Powell
0.0,False,79,13,330,1,2,Powell
-0.2,False,79,13,330,1,2,Powell
-0.4,False,79,13,330,1,2,Powell
-0.6,False,79,13,330,1,2,Powell
-0.8,False,79,13,330,1,2,Powell
-1.0,False,79,13,330,1,2,Powell
-1.2,False,79,13,330,1,2,Powell
-1.4,False,79,13,330,1,2,Powell
-1.6,False,79,13,330,1,2,Powell
-1.8,False,79,13,330,1,2,Powell
-2.0,False,79,13,330,1,2,Powell
-2.2,False,79,13,330,1,2,Powell
-2.4,False,79,13,330,1,2,Powell
-2.6,False,79,13,330,1,2,Powell
-2.8,False,79,13,330,1,2,Powell
-3.0,False,79,13,330,1,2,Powell
-3.2,False,79,13,330,1,2,Powell
-3.4,False,79,13,330,1,2,Powell
-3.6,False,79,13,330,1,2,Powell
-3.8,False,79,13,330,1,2,Powell
-4.0,False,79,13,330,1,2,Powell
-4.2,False,79,13,330,1,2,Powell
-4.4,False,79,13,330,1,2,Powell
-4.6,False,79,13,330,1,2,Powell
-4.8,False,79,13,330,1,2,Powell
-5.0,False,79,13,330,1,2,Powell
-5.2,False,79,13,330,1,2,Powell
-5.4,False,79,13,330,1,2,Powell
-5.6,False,79,13,330,1,2,Powell
-5.8,False,79,13,330,1,2,Powell
-6.0,False,79,13,330,1,2,Powell
-6.2,False,79,13,330,1,2,Powell
-6.4,False,79,13,330,1,2,Powell
-6.6,False,79,13,330,1,2,Powell
-6.8,False,79,13,330,1,2,Powell
-7.0,False,79,13,330,1,2,Powell
-7.2,False,79,13,330,1,2,Powell
-7.4,False,79,13,330,1,2,Powell
-7.6,False,79,13,330,1,2,Powell
-7.8,False,79,13,330,1,2,Powell
-8.0,False,79,13,330,1,2,Powell
2.0,True,10,13,331,1,2,Powell
1.8,True,10,13,331,1,2,Powell
1.6,True,10,13,331,1,2,Powell
1.4,True,10,13,331,1,2,Powell
1.2,True,10,13,331,1,2,Powell
1.0,True,10,13,331,1,2,Powell
0.8,True,10,13,331,1,2,Powell
0.6,True,22,13,331,1,2,Powell
0.4,False,100,13,331,1,2,Powell
0.2,False,100,13,331,1,2,Powell
0.0,False,100,13,331,1,2,Powell
-0.2,False,100,13,331,1,2,Powell
-0.4,False,100,13,331,1,2,Powell
-0.6,False,100,13,331,1,2,Powell
-0.8,False,100,13,331,1,2,Powell
-1.0,False,100,13,331,1,2,Powell
-1.2,False,100,13,331,1,2,Powell
-1.4,False,100,13,331,1,2,Powell
-1.6,False,100,13,331,1,2,Powell
-1.8,False,100,13,331,1,2,Powell
-2.0,False,100,13,331,1,2,Powell
-2.2,False,100,13,331,1,2,Powell
-2.4,False,100,13,331,1,2,Powell
-2.6,False,100,13,331,1,2,Powell
-2.8,False,100,13,331,1,2,Powell
-3.0,False,100,13,331,1,2,Powell
-3.2,False,100,13,331,1,2,Powell
-3.4,False,100,13,331,1,2,Powell
-3.6,False,100,13,331,1,2,Powell
-3.8,False,100,13,331,1,2,Powell
-4.0,False,100,13,331,1,2,Powell
-4.2,False,100,13,331,1,2,Powell
-4.4,False,100,13,331,1,2,Powell
-4.6,False,100,13,331,1,2,Powell
-4.8,False,100,13,331,1,2,Powell
-5.0,False,100,13,331,1,2,Powell
-5.2,False,100,13,331,1,2,Powell
-5.4,False,100,13,331,1,2,Powell
-5.6,False,100,13,331,1,2,Powell
-5.8,False,100,13,331,1,2,Powell
-6.0,False,100,13,331,1,2,Powell
-6.2,False,100,13,331,1,2,Powell
-6.4,False,100,13,331,1,2,Powell
-6.6,False,100,13,331,1,2,Powell
-6.8,False,100,13,331,1,2,Powell
-7.0,False,100,13,331,1,2,Powell
-7.2,False,100,13,331,1,2,Powell
-7.4,False,100,13,331,1,2,Powell
-7.6,False,100,13,331,1,2,Powell
-7.8,False,100,13,331,1,2,Powell
-8.0,False,100,13,331,1,2,Powell
2.0,True,17,13,332,1,2,Powell
1.8,True,18,13,332,1,2,Powell
1.6,True,19,13,332,1,2,Powell
1.4,True,20,13,332,1,2,Powell
1.2,True,20,13,332,1,2,Powell
1.0,True,27,13,332,1,2,Powell
0.8,True,27,13,332,1,2,Powell
0.6,True,40,13,332,1,2,Powell
0.4,True,41,13,332,1,2,Powell
0.2,True,41,13,332,1,2,Powell
0.0,True,41,13,332,1,2,Powell
-0.2,True,52,13,332,1,2,Powell
-0.4,True,52,13,332,1,2,Powell
-0.6,True,67,13,332,1,2,Powell
-0.8,True,67,13,332,1,2,Powell
-1.0,True,67,13,332,1,2,Powell
-1.2,True,67,13,332,1,2,Powell
-1.4,True,99,13,332,1,2,Powell
-1.6,True,99,13,332,1,2,Powell
-1.8,True,99,13,332,1,2,Powell
-2.0,True,100,13,332,1,2,Powell
-2.2,True,100,13,332,1,2,Powell
-2.4,True,100,13,332,1,2,Powell
-2.6,True,110,13,332,1,2,Powell
-2.8,True,110,13,332,1,2,Powell
-3.0,True,111,13,332,1,2,Powell
-3.2,True,113,13,332,1,2,Powell
-3.4,True,113,13,332,1,2,Powell
-3.6,True,115,13,332,1,2,Powell
-3.8,True,125,13,332,1,2,Powell
-4.0,False,130,13,332,1,2,Powell
-4.2,False,130,13,332,1,2,Powell
-4.4,False,130,13,332,1,2,Powell
-4.6,False,130,13,332,1,2,Powell
-4.8,False,130,13,332,1,2,Powell
-5.0,False,130,13,332,1,2,Powell
-5.2,False,130,13,332,1,2,Powell
-5.4,False,130,13,332,1,2,Powell
-5.6,False,130,13,332,1,2,Powell
-5.8,False,130,13,332,1,2,Powell
-6.0,False,130,13,332,1,2,Powell
-6.2,False,130,13,332,1,2,Powell
-6.4,False,130,13,332,1,2,Powell
-6.6,False,130,13,332,1,2,Powell
-6.8,False,130,13,332,1,2,Powell
-7.0,False,130,13,332,1,2,Powell
-7.2,False,130,13,332,1,2,Powell
-7.4,False,130,13,332,1,2,Powell
-7.6,False,130,13,332,1,2,Powell
-7.8,False,130,13,332,1,2,Powell
-8.0,False,130,13,332,1,2,Powell
2.0,True,3,13,333,1,2,Powell
1.8,True,3,13,333,1,2,Powell
1.6,True,8,13,333,1,2,Powell
1.4,True,15,13,333,1,2,Powell
1.2,True,27,13,333,1,2,Powell
1.0,True,27,13,333,1,2,Powell
0.8,True,29,13,333,1,2,Powell
0.6,True,29,13,333,1,2,Powell
0.4,True,29,13,333,1,2,Powell
0.2,True,34,13,333,1,2,Powell
0.0,False,162,13,333,1,2,Powell
-0.2,False,162,13,333,1,2,Powell
-0.4,False,162,13,333,1,2,Powell
-0.6,False,162,13,333,1,2,Powell
-0.8,False,162,13,333,1,2,Powell
-1.0,False,162,13,333,1,2,Powell
-1.2,False,162,13,333,1,2,Powell
-1.4,False,162,13,333,1,2,Powell
-1.6,False,162,13,333,1,2,Powell
-1.8,False,162,13,333,1,2,Powell
-2.0,False,162,13,333,1,2,Powell
-2.2,False,162,13,333,1,2,Powell
-2.4,False,162,13,333,1,2,Powell
-2.6,False,162,13,333,1,2,Powell
-2.8,False,162,13,333,1,2,Powell
-3.0,False,162,13,333,1,2,Powell
-3.2,False,162,13,333,1,2,Powell
-3.4,False,162,13,333,1,2,Powell
-3.6,False,162,13,333,1,2,Powell
-3.8,False,162,13,333,1,2,Powell
-4.0,False,162,13,333,1,2,Powell
-4.2,False,162,13,333,1,2,Powell
-4.4,False,162,13,333,1,2,Powell
-4.6,False,162,13,333,1,2,Powell
-4.8,False,162,13,333,1,2,Powell
-5.0,False,162,13,333,1,2,Powell
-5.2,False,162,13,333,1,2,Powell
-5.4,False,162,13,333,1,2,Powell
-5.6,False,162,13,333,1,2,Powell
-5.8,False,162,13,333,1,2,Powell
-6.0,False,162,13,333,1,2,Powell
-6.2,False,162,13,333,1,2,Powell
-6.4,False,162,13,333,1,2,Powell
-6.6,False,162,13,333,1,2,Powell
-6.8,False,162,13,333,1,2,Powell
-7.0,False,162,13,333,1,2,Powell
-7.2,False,162,13,333,1,2,Powell
-7.4,False,162,13,333,1,2,Powell
-7.6,False,162,13,333,1,2,Powell
-7.8,False,162,13,333,1,2,Powell
-8.0,False,162,13,333,1,2,Powell
2.0,True,5,13,334,1,2,Powell
1.8,True,5,13,334,1,2,Powell
1.6,True,20,13,334,1,2,Powell
1.4,False,107,13,334,1,2,Powell
1.2,False,107,13,334,1,2,Powell
1.0,False,107,13,334,1,2,Powell
0.8,False,107,13,334,1,2,Powell
0.6,False,107,13,334,1,2,Powell
0.4,False,107,13,334,1,2,Powell
0.2,False,107,13,334,1,2,Powell
0.0,False,107,13,334,1,2,Powell
-0.2,False,107,13,334,1,2,Powell
-0.4,False,107,13,334,1,2,Powell
-0.6,False,107,13,334,1,2,Powell
-0.8,False,107,13,334,1,2,Powell
-1.0,False,107,13,334,1,2,Powell
-1.2,False,107,13,334,1,2,Powell
-1.4,False,107,13,334,1,2,Powell
-1.6,False,107,13,334,1,2,Powell
-1.8,False,107,13,334,1,2,Powell
-2.0,False,107,13,334,1,2,Powell
-2.2,False,107,13,334,1,2,Powell
-2.4,False,107,13,334,1,2,Powell
-2.6,False,107,13,334,1,2,Powell
-2.8,False,107,13,334,1,2,Powell
-3.0,False,107,13,334,1,2,Powell
-3.2,False,107,13,334,1,2,Powell
-3.4,False,107,13,334,1,2,Powell
-3.6,False,107,13,334,1,2,Powell
-3.8,False,107,13,334,1,2,Powell
-4.0,False,107,13,334,1,2,Powell
-4.2,False,107,13,334,1,2,Powell
-4.4,False,107,13,334,1,2,Powell
-4.6,False,107,13,334,1,2,Powell
-4.8,False,107,13,334,1,2,Powell
-5.0,False,107,13,334,1,2,Powell
-5.2,False,107,13,334,1,2,Powell
-5.4,False,107,13,334,1,2,Powell
-5.6,False,107,13,334,1,2,Powell
-5.8,False,107,13,334,1,2,Powell
-6.0,False,107,13,334,1,2,Powell
-6.2,False,107,13,334,1,2,Powell
-6.4,False,107,13,334,1,2,Powell
-6.6,False,107,13,334,1,2,Powell
-6.8,False,107,13,334,1,2,Powell
-7.0,False,107,13,334,1,2,Powell
-7.2,False,107,13,334,1,2,Powell
-7.4,False,107,13,334,1,2,Powell
-7.6,False,107,13,334,1,2,Powell
-7.8,False,107,13,334,1,2,Powell
-8.0,False,107,13,334,1,2,Powell
2.0,True,4,13,335,1,2,Powell
1.8,True,4,13,335,1,2,Powell
1.6,True,4,13,335,1,2,Powell
1.4,True,4,13,335,1,2,Powell
1.2,True,4,13,335,1,2,Powell
1.0,True,4,13,335,1,2,Powell
0.8,True,4,13,335,1,2,Powell
0.6,True,24,13,335,1,2,Powell
0.4,False,81,13,335,1,2,Powell
0.2,False,81,13,335,1,2,Powell
0.0,False,81,13,335,1,2,Powell
-0.2,False,81,13,335,1,2,Powell
-0.4,False,81,13,335,1,2,Powell
-0.6,False,81,13,335,1,2,Powell
-0.8,False,81,13,335,1,2,Powell
-1.0,False,81,13,335,1,2,Powell
-1.2,False,81,13,335,1,2,Powell
-1.4,False,81,13,335,1,2,Powell
-1.6,False,81,13,335,1,2,Powell
-1.8,False,81,13,335,1,2,Powell
-2.0,False,81,13,335,1,2,Powell
-2.2,False,81,13,335,1,2,Powell
-2.4,False,81,13,335,1,2,Powell
-2.6,False,81,13,335,1,2,Powell
-2.8,False,81,13,335,1,2,Powell
-3.0,False,81,13,335,1,2,Powell
-3.2,False,81,13,335,1,2,Powell
-3.4,False,81,13,335,1,2,Powell
-3.6,False,81,13,335,1,2,Powell
-3.8,False,81,13,335,1,2,Powell
-4.0,False,81,13,335,1,2,Powell
-4.2,False,81,13,335,1,2,Powell
-4.4,False,81,13,335,1,2,Powell
-4.6,False,81,13,335,1,2,Powell
-4.8,False,81,13,335,1,2,Powell
-5.0,False,81,13,335,1,2,Powell
-5.2,False,81,13,335,1,2,Powell
-5.4,False,81,13,335,1,2,Powell
-5.6,False,81,13,335,1,2,Powell
-5.8,False,81,13,335,1,2,Powell
-6.0,False,81,13,335,1,2,Powell
-6.2,False,81,13,335,1,2,Powell
-6.4,False,81,13,335,1,2,Powell
-6.6,False,81,13,335,1,2,Powell
-6.8,False,81,13,335,1,2,Powell
-7.0,False,81,13,335,1,2,Powell
-7.2,False,81,13,335,1,2,Powell
-7.4,False,81,13,335,1,2,Powell
-7.6,False,81,13,335,1,2,Powell
-7.8,False,81,13,335,1,2,Powell
-8.0,False,81,13,335,1,2,Powell
2.0,False,226,13,336,1,2,Powell
1.8,False,226,13,336,1,2,Powell
1.6,False,226,13,336,1,2,Powell
1.4,False,226,13,336,1,2,Powell
1.2,False,226,13,336,1,2,Powell
1.0,False,226,13,336,1,2,Powell
0.8,False,226,13,336,1,2,Powell
0.6,False,226,13,336,1,2,Powell
0.4,False,226,13,336,1,2,Powell
0.2,False,226,13,336,1,2,Powell
0.0,False,226,13,336,1,2,Powell
-0.2,False,226,13,336,1,2,Powell
-0.4,False,226,13,336,1,2,Powell
-0.6,False,226,13,336,1,2,Powell
-0.8,False,226,13,336,1,2,Powell
-1.0,False,226,13,336,1,2,Powell
-1.2,False,226,13,336,1,2,Powell
-1.4,False,226,13,336,1,2,Powell
-1.6,False,226,13,336,1,2,Powell
-1.8,False,226,13,336,1,2,Powell
-2.0,False,226,13,336,1,2,Powell
-2.2,False,226,13,336,1,2,Powell
-2.4,False,226,13,336,1,2,Powell
-2.6,False,226,13,336,1,2,Powell
-2.8,False,226,13,336,1,2,Powell
-3.0,False,226,13,336,1,2,Powell
-3.2,False,226,13,336,1,2,Powell
-3.4,False,226,13,336,1,2,Powell
-3.6,False,226,13,336,1,2,Powell
-3.8,False,226,13,336,1,2,Powell
-4.0,False,226,13,336,1,2,Powell
-4.2,False,226,13,336,1,2,Powell
-4.4,False,226,13,336,1,2,Powell
-4.6,False,226,13,336,1,2,Powell
-4.8,False,226,13,336,1,2,Powell
-5.0,False,226,13,336,1,2,Powell
-5.2,False,226,13,336,1,2,Powell
-5.4,False,226,13,336,1,2,Powell
-5.6,False,226,13,336,1,2,Powell
-5.8,False,226,13,336,1,2,Powell
-6.0,False,226,13,336,1,2,Powell
-6.2,False,226,13,336,1,2,Powell
-6.4,False,226,13,336,1,2,Powell
-6.6,False,226,13,336,1,2,Powell
-6.8,False,226,13,336,1,2,Powell
-7.0,False,226,13,336,1,2,Powell
-7.2,False,226,13,336,1,2,Powell
-7.4,False,226,13,336,1,2,Powell
-7.6,False,226,13,336,1,2,Powell
-7.8,False,226,13,336,1,2,Powell
-8.0,False,226,13,336,1,2,Powell
2.0,True,9,13,337,1,2,Powell
1.8,True,9,13,337,1,2,Powell
1.6,True,9,13,337,1,2,Powell
1.4,True,9,13,337,1,2,Powell
1.2,True,9,13,337,1,2,Powell
1.0,True,9,13,337,1,2,Powell
0.8,True,10,13,337,1,2,Powell
0.6,True,10,13,337,1,2,Powell
0.4,True,10,13,337,1,2,Powell
0.2,True,10,13,337,1,2,Powell
0.0,True,21,13,337,1,2,Powell
-0.2,True,21,13,337,1,2,Powell
-0.4,True,21,13,337,1,2,Powell
-0.6,True,21,13,337,1,2,Powell
-0.8,True,23,13,337,1,2,Powell
-1.0,True,23,13,337,1,2,Powell
-1.2,True,23,13,337,1,2,Powell
-1.4,True,27,13,337,1,2,Powell
-1.6,False,77,13,337,1,2,Powell
-1.8,False,77,13,337,1,2,Powell
-2.0,False,77,13,337,1,2,Powell
-2.2,False,77,13,337,1,2,Powell
-2.4,False,77,13,337,1,2,Powell
-2.6,False,77,13,337,1,2,Powell
-2.8,False,77,13,337,1,2,Powell
-3.0,False,77,13,337,1,2,Powell
-3.2,False,77,13,337,1,2,Powell
-3.4,False,77,13,337,1,2,Powell
-3.6,False,77,13,337,1,2,Powell
-3.8,False,77,13,337,1,2,Powell
-4.0,False,77,13,337,1,2,Powell
-4.2,False,77,13,337,1,2,Powell
-4.4,False,77,13,337,1,2,Powell
-4.6,False,77,13,337,1,2,Powell
-4.8,False,77,13,337,1,2,Powell
-5.0,False,77,13,337,1,2,Powell
-5.2,False,77,13,337,1,2,Powell
-5.4,False,77,13,337,1,2,Powell
-5.6,False,77,13,337,1,2,Powell
-5.8,False,77,13,337,1,2,Powell
-6.0,False,77,13,337,1,2,Powell
-6.2,False,77,13,337,1,2,Powell
-6.4,False,77,13,337,1,2,Powell
-6.6,False,77,13,337,1,2,Powell
-6.8,False,77,13,337,1,2,Powell
-7.0,False,77,13,337,1,2,Powell
-7.2,False,77,13,337,1,2,Powell
-7.4,False,77,13,337,1,2,Powell
-7.6,False,77,13,337,1,2,Powell
-7.8,False,77,13,337,1,2,Powell
-8.0,False,77,13,337,1,2,Powell
2.0,True,11,13,338,1,2,Powell
1.8,True,11,13,338,1,2,Powell
1.6,True,12,13,338,1,2,Powell
1.4,True,12,13,338,1,2,Powell
1.2,True,14,13,338,1,2,Powell
1.0,True,14,13,338,1,2,Powell
0.8,True,14,13,338,1,2,Powell
0.6,True,14,13,338,1,2,Powell
0.4,True,25,13,338,1,2,Powell
0.2,True,27,13,338,1,2,Powell
0.0,True,30,13,338,1,2,Powell
-0.2,False,86,13,338,1,2,Powell
-0.4,False,86,13,338,1,2,Powell
-0.6,False,86,13,338,1,2,Powell
-0.8,False,86,13,338,1,2,Powell
-1.0,False,86,13,338,1,2,Powell
-1.2,False,86,13,338,1,2,Powell
-1.4,False,86,13,338,1,2,Powell
-1.6,False,86,13,338,1,2,Powell
-1.8,False,86,13,338,1,2,Powell
-2.0,False,86,13,338,1,2,Powell
-2.2,False,86,13,338,1,2,Powell
-2.4,False,86,13,338,1,2,Powell
-2.6,False,86,13,338,1,2,Powell
-2.8,False,86,13,338,1,2,Powell
-3.0,False,86,13,338,1,2,Powell
-3.2,False,86,13,338,1,2,Powell
-3.4,False,86,13,338,1,2,Powell
-3.6,False,86,13,338,1,2,Powell
-3.8,False,86,13,338,1,2,Powell
-4.0,False,86,13,338,1,2,Powell
-4.2,False,86,13,338,1,2,Powell
-4.4,False,86,13,338,1,2,Powell
-4.6,False,86,13,338,1,2,Powell
-4.8,False,86,13,338,1,2,Powell
-5.0,False,86,13,338,1,2,Powell
-5.2,False,86,13,338,1,2,Powell
-5.4,False,86,13,338,1,2,Powell
-5.6,False,86,13,338,1,2,Powell
-5.8,False,86,13,338,1,2,Powell
-6.0,False,86,13,338,1,2,Powell
-6.2,False,86,13,338,1,2,Powell
-6.4,False,86,13,338,1,2,Powell
-6.6,False,86,13,338,1,2,Powell
-6.8,False,86,13,338,1,2,Powell
-7.0,False,86,13,338,1,2,Powell
-7.2,False,86,13,338,1,2,Powell
-7.4,False,86,13,338,1,2,Powell
-7.6,False,86,13,338,1,2,Powell
-7.8,False,86,13,338,1,2,Powell
-8.0,False,86,13,338,1,2,Powell
2.0,True,4,13,339,1,2,Powell
1.8,True,4,13,339,1,2,Powell
1.6,True,11,13,339,1,2,Powell
1.4,True,11,13,339,1,2,Powell
1.2,True,12,13,339,1,2,Powell
1.0,True,12,13,339,1,2,Powell
0.8,False,117,13,339,1,2,Powell
0.6,False,117,13,339,1,2,Powell
0.4,False,117,13,339,1,2,Powell
0.2,False,117,13,339,1,2,Powell
0.0,False,117,13,339,1,2,Powell
-0.2,False,117,13,339,1,2,Powell
-0.4,False,117,13,339,1,2,Powell
-0.6,False,117,13,339,1,2,Powell
-0.8,False,117,13,339,1,2,Powell
-1.0,False,117,13,339,1,2,Powell
-1.2,False,117,13,339,1,2,Powell
-1.4,False,117,13,339,1,2,Powell
-1.6,False,117,13,339,1,2,Powell
-1.8,False,117,13,339,1,2,Powell
-2.0,False,117,13,339,1,2,Powell
-2.2,False,117,13,339,1,2,Powell
-2.4,False,117,13,339,1,2,Powell
-2.6,False,117,13,339,1,2,Powell
-2.8,False,117,13,339,1,2,Powell
-3.0,False,117,13,339,1,2,Powell
-3.2,False,117,13,339,1,2,Powell
-3.4,False,117,13,339,1,2,Powell
-3.6,False,117,13,339,1,2,Powell
-3.8,False,117,13,339,1,2,Powell
-4.0,False,117,13,339,1,2,Powell
-4.2,False,117,13,339,1,2,Powell
-4.4,False,117,13,339,1,2,Powell
-4.6,False,117,13,339,1,2,Powell
-4.8,False,117,13,339,1,2,Powell
-5.0,False,117,13,339,1,2,Powell
-5.2,False,117,13,339,1,2,Powell
-5.4,False,117,13,339,1,2,Powell
-5.6,False,117,13,339,1,2,Powell
-5.8,False,117,13,339,1,2,Powell
-6.0,False,117,13,339,1,2,Powell
-6.2,False,117,13,339,1,2,Powell
-6.4,False,117,13,339,1,2,Powell
-6.6,False,117,13,339,1,2,Powell
-6.8,False,117,13,339,1,2,Powell
-7.0,False,117,13,339,1,2,Powell
-7.2,False,117,13,339,1,2,Powell
-7.4,False,117,13,339,1,2,Powell
-7.6,False,117,13,339,1,2,Powell
-7.8,False,117,13,339,1,2,Powell
-8.0,False,117,13,339,1,2,Powell
2.0,True,11,13,340,1,2,Powell
1.8,True,11,13,340,1,2,Powell
1.6,True,11,13,340,1,2,Powell
1.4,True,11,13,340,1,2,Powell
1.2,True,12,13,340,1,2,Powell
1.0,False,86,13,340,1,2,Powell
0.8,False,86,13,340,1,2,Powell
0.6,False,86,13,340,1,2,Powell
0.4,False,86,13,340,1,2,Powell
0.2,False,86,13,340,1,2,Powell
0.0,False,86,13,340,1,2,Powell
-0.2,False,86,13,340,1,2,Powell
-0.4,False,86,13,340,1,2,Powell
-0.6,False,86,13,340,1,2,Powell
-0.8,False,86,13,340,1,2,Powell
-1.0,False,86,13,340,1,2,Powell
-1.2,False,86,13,340,1,2,Powell
-1.4,False,86,13,340,1,2,Powell
-1.6,False,86,13,340,1,2,Powell
-1.8,False,86,13,340,1,2,Powell
-2.0,False,86,13,340,1,2,Powell
-2.2,False,86,13,340,1,2,Powell
-2.4,False,86,13,340,1,2,Powell
-2.6,False,86,13,340,1,2,Powell
-2.8,False,86,13,340,1,2,Powell
-3.0,False,86,13,340,1,2,Powell
-3.2,False,86,13,340,1,2,Powell
-3.4,False,86,13,340,1,2,Powell
-3.6,False,86,13,340,1,2,Powell
-3.8,False,86,13,340,1,2,Powell
-4.0,False,86,13,340,1,2,Powell
-4.2,False,86,13,340,1,2,Powell
-4.4,False,86,13,340,1,2,Powell
-4.6,False,86,13,340,1,2,Powell
-4.8,False,86,13,340,1,2,Powell
-5.0,False,86,13,340,1,2,Powell
-5.2,False,86,13,340,1,2,Powell
-5.4,False,86,13,340,1,2,Powell
-5.6,False,86,13,340,1,2,Powell
-5.8,False,86,13,340,1,2,Powell
-6.0,False,86,13,340,1,2,Powell
-6.2,False,86,13,340,1,2,Powell
-6.4,False,86,13,340,1,2,Powell
-6.6,False,86,13,340,1,2,Powell
-6.8,False,86,13,340,1,2,Powell
-7.0,False,86,13,340,1,2,Powell
-7.2,False,86,13,340,1,2,Powell
-7.4,False,86,13,340,1,2,Powell
-7.6,False,86,13,340,1,2,Powell
-7.8,False,86,13,340,1,2,Powell
-8.0,False,86,13,340,1,2,Powell
2.0,True,36,13,341,1,2,Powell
1.8,True,46,13,341,1,2,Powell
1.6,True,49,13,341,1,2,Powell
1.4,True,49,13,341,1,2,Powell
1.2,True,49,13,341,1,2,Powell
1.0,True,50,13,341,1,2,Powell
0.8,True,50,13,341,1,2,Powell
0.6,True,61,13,341,1,2,Powell
0.4,True,61,13,341,1,2,Powell
0.2,True,61,13,341,1,2,Powell
0.0,True,63,13,341,1,2,Powell
-0.2,True,63,13,341,1,2,Powell
-0.4,True,75,13,341,1,2,Powell
-0.6,True,89,13,341,1,2,Powell
-0.8,True,89,13,341,1,2,Powell
-1.0,True,90,13,341,1,2,Powell
-1.2,False,164,13,341,1,2,Powell
-1.4,False,164,13,341,1,2,Powell
-1.6,False,164,13,341,1,2,Powell
-1.8,False,164,13,341,1,2,Powell
-2.0,False,164,13,341,1,2,Powell
-2.2,False,164,13,341,1,2,Powell
-2.4,False,164,13,341,1,2,Powell
-2.6,False,164,13,341,1,2,Powell
-2.8,False,164,13,341,1,2,Powell
-3.0,False,164,13,341,1,2,Powell
-3.2,False,164,13,341,1,2,Powell
-3.4,False,164,13,341,1,2,Powell
-3.6,False,164,13,341,1,2,Powell
-3.8,False,164,13,341,1,2,Powell
-4.0,False,164,13,341,1,2,Powell
-4.2,False,164,13,341,1,2,Powell
-4.4,False,164,13,341,1,2,Powell
-4.6,False,164,13,341,1,2,Powell
-4.8,False,164,13,341,1,2,Powell
-5.0,False,164,13,341,1,2,Powell
-5.2,False,164,13,341,1,2,Powell
-5.4,False,164,13,341,1,2,Powell
-5.6,False,164,13,341,1,2,Powell
-5.8,False,164,13,341,1,2,Powell
-6.0,False,164,13,341,1,2,Powell
-6.2,False,164,13,341,1,2,Powell
-6.4,False,164,13,341,1,2,Powell
-6.6,False,164,13,341,1,2,Powell
-6.8,False,164,13,341,1,2,Powell
-7.0,False,164,13,341,1,2,Powell
-7.2,False,164,13,341,1,2,Powell
-7.4,False,164,13,341,1,2,Powell
-7.6,False,164,13,341,1,2,Powell
-7.8,False,164,13,341,1,2,Powell
-8.0,False,164,13,341,1,2,Powell
2.0,True,12,13,342,1,2,Powell
1.8,True,12,13,342,1,2,Powell
1.6,True,12,13,342,1,2,Powell
1.4,False,81,13,342,1,2,Powell
1.2,False,81,13,342,1,2,Powell
1.0,False,81,13,342,1,2,Powell
0.8,False,81,13,342,1,2,Powell
0.6,False,81,13,342,1,2,Powell
0.4,False,81,13,342,1,2,Powell
0.2,False,81,13,342,1,2,Powell
0.0,False,81,13,342,1,2,Powell
-0.2,False,81,13,342,1,2,Powell
-0.4,False,81,13,342,1,2,Powell
-0.6,False,81,13,342,1,2,Powell
-0.8,False,81,13,342,1,2,Powell
-1.0,False,81,13,342,1,2,Powell
-1.2,False,81,13,342,1,2,Powell
-1.4,False,81,13,342,1,2,Powell
-1.6,False,81,13,342,1,2,Powell
-1.8,False,81,13,342,1,2,Powell
-2.0,False,81,13,342,1,2,Powell
-2.2,False,81,13,342,1,2,Powell
-2.4,False,81,13,342,1,2,Powell
-2.6,False,81,13,342,1,2,Powell
-2.8,False,81,13,342,1,2,Powell
-3.0,False,81,13,342,1,2,Powell
-3.2,False,81,13,342,1,2,Powell
-3.4,False,81,13,342,1,2,Powell
-3.6,False,81,13,342,1,2,Powell
-3.8,False,81,13,342,1,2,Powell
-4.0,False,81,13,342,1,2,Powell
-4.2,False,81,13,342,1,2,Powell
-4.4,False,81,13,342,1,2,Powell
-4.6,False,81,13,342,1,2,Powell
-4.8,False,81,13,342,1,2,Powell
-5.0,False,81,13,342,1,2,Powell
-5.2,False,81,13,342,1,2,Powell
-5.4,False,81,13,342,1,2,Powell
-5.6,False,81,13,342,1,2,Powell
-5.8,False,81,13,342,1,2,Powell
-6.0,False,81,13,342,1,2,Powell
-6.2,False,81,13,342,1,2,Powell
-6.4,False,81,13,342,1,2,Powell
-6.6,False,81,13,342,1,2,Powell
-6.8,False,81,13,342,1,2,Powell
-7.0,False,81,13,342,1,2,Powell
-7.2,False,81,13,342,1,2,Powell
-7.4,False,81,13,342,1,2,Powell
-7.6,False,81,13,342,1,2,Powell
-7.8,False,81,13,342,1,2,Powell
-8.0,False,81,13,342,1,2,Powell
2.0,True,1,13,343,1,2,Powell
1.8,True,3,13,343,1,2,Powell
1.6,True,3,13,343,1,2,Powell
1.4,True,5,13,343,1,2,Powell
1.2,True,5,13,343,1,2,Powell
1.0,True,5,13,343,1,2,Powell
0.8,True,5,13,343,1,2,Powell
0.6,False,81,13,343,1,2,Powell
0.4,False,81,13,343,1,2,Powell
0.2,False,81,13,343,1,2,Powell
0.0,False,81,13,343,1,2,Powell
-0.2,False,81,13,343,1,2,Powell
-0.4,False,81,13,343,1,2,Powell
-0.6,False,81,13,343,1,2,Powell
-0.8,False,81,13,343,1,2,Powell
-1.0,False,81,13,343,1,2,Powell
-1.2,False,81,13,343,1,2,Powell
-1.4,False,81,13,343,1,2,Powell
-1.6,False,81,13,343,1,2,Powell
-1.8,False,81,13,343,1,2,Powell
-2.0,False,81,13,343,1,2,Powell
-2.2,False,81,13,343,1,2,Powell
-2.4,False,81,13,343,1,2,Powell
-2.6,False,81,13,343,1,2,Powell
-2.8,False,81,13,343,1,2,Powell
-3.0,False,81,13,343,1,2,Powell
-3.2,False,81,13,343,1,2,Powell
-3.4,False,81,13,343,1,2,Powell
-3.6,False,81,13,343,1,2,Powell
-3.8,False,81,13,343,1,2,Powell
-4.0,False,81,13,343,1,2,Powell
-4.2,False,81,13,343,1,2,Powell
-4.4,False,81,13,343,1,2,Powell
-4.6,False,81,13,343,1,2,Powell
-4.8,False,81,13,343,1,2,Powell
-5.0,False,81,13,343,1,2,Powell
-5.2,False,81,13,343,1,2,Powell
-5.4,False,81,13,343,1,2,Powell
-5.6,False,81,13,343,1,2,Powell
-5.8,False,81,13,343,1,2,Powell
-6.0,False,81,13,343,1,2,Powell
-6.2,False,81,13,343,1,2,Powell
-6.4,False,81,13,343,1,2,Powell
-6.6,False,81,13,343,1,2,Powell
-6.8,False,81,13,343,1,2,Powell
-7.0,False,81,13,343,1,2,Powell
-7.2,False,81,13,343,1,2,Powell
-7.4,False,81,13,343,1,2,Powell
-7.6,False,81,13,343,1,2,Powell
-7.8,False,81,13,343,1,2,Powell
-8.0,False,81,13,343,1,2,Powell
2.0,True,3,13,344,1,2,Powell
1.8,True,6,13,344,1,2,Powell
1.6,True,6,13,344,1,2,Powell
1.4,True,6,13,344,1,2,Powell
1.2,True,6,13,344,1,2,Powell
1.0,True,6,13,344,1,2,Powell
0.8,False,105,13,344,1,2,Powell
0.6,False,105,13,344,1,2,Powell
0.4,False,105,13,344,1,2,Powell
0.2,False,105,13,344,1,2,Powell
0.0,False,105,13,344,1,2,Powell
-0.2,False,105,13,344,1,2,Powell
-0.4,False,105,13,344,1,2,Powell
-0.6,False,105,13,344,1,2,Powell
-0.8,False,105,13,344,1,2,Powell
-1.0,False,105,13,344,1,2,Powell
-1.2,False,105,13,344,1,2,Powell
-1.4,False,105,13,344,1,2,Powell
-1.6,False,105,13,344,1,2,Powell
-1.8,False,105,13,344,1,2,Powell
-2.0,False,105,13,344,1,2,Powell
-2.2,False,105,13,344,1,2,Powell
-2.4,False,105,13,344,1,2,Powell
-2.6,False,105,13,344,1,2,Powell
-2.8,False,105,13,344,1,2,Powell
-3.0,False,105,13,344,1,2,Powell
-3.2,False,105,13,344,1,2,Powell
-3.4,False,105,13,344,1,2,Powell
-3.6,False,105,13,344,1,2,Powell
-3.8,False,105,13,344,1,2,Powell
-4.0,False,105,13,344,1,2,Powell
-4.2,False,105,13,344,1,2,Powell
-4.4,False,105,13,344,1,2,Powell
-4.6,False,105,13,344,1,2,Powell
-4.8,False,105,13,344,1,2,Powell
-5.0,False,105,13,344,1,2,Powell
-5.2,False,105,13,344,1,2,Powell
-5.4,False,105,13,344,1,2,Powell
-5.6,False,105,13,344,1,2,Powell
-5.8,False,105,13,344,1,2,Powell
-6.0,False,105,13,344,1,2,Powell
-6.2,False,105,13,344,1,2,Powell
-6.4,False,105,13,344,1,2,Powell
-6.6,False,105,13,344,1,2,Powell
-6.8,False,105,13,344,1,2,Powell
-7.0,False,105,13,344,1,2,Powell
-7.2,False,105,13,344,1,2,Powell
-7.4,False,105,13,344,1,2,Powell
-7.6,False,105,13,344,1,2,Powell
-7.8,False,105,13,344,1,2,Powell
-8.0,False,105,13,344,1,2,Powell
2.0,True,5,13,345,1,2,Powell
1.8,True,5,13,345,1,2,Powell
1.6,True,5,13,345,1,2,Powell
1.4,True,8,13,345,1,2,Powell
1.2,False,78,13,345,1,2,Powell
1.0,False,78,13,345,1,2,Powell
0.8,False,78,13,345,1,2,Powell
0.6,False,78,13,345,1,2,Powell
0.4,False,78,13,345,1,2,Powell
0.2,False,78,13,345,1,2,Powell
0.0,False,78,13,345,1,2,Powell
-0.2,False,78,13,345,1,2,Powell
-0.4,False,78,13,345,1,2,Powell
-0.6,False,78,13,345,1,2,Powell
-0.8,False,78,13,345,1,2,Powell
-1.0,False,78,13,345,1,2,Powell
-1.2,False,78,13,345,1,2,Powell
-1.4,False,78,13,345,1,2,Powell
-1.6,False,78,13,345,1,2,Powell
-1.8,False,78,13,345,1,2,Powell
-2.0,False,78,13,345,1,2,Powell
-2.2,False,78,13,345,1,2,Powell
-2.4,False,78,13,345,1,2,Powell
-2.6,False,78,13,345,1,2,Powell
-2.8,False,78,13,345,1,2,Powell
-3.0,False,78,13,345,1,2,Powell
-3.2,False,78,13,345,1,2,Powell
-3.4,False,78,13,345,1,2,Powell
-3.6,False,78,13,345,1,2,Powell
-3.8,False,78,13,345,1,2,Powell
-4.0,False,78,13,345,1,2,Powell
-4.2,False,78,13,345,1,2,Powell
-4.4,False,78,13,345,1,2,Powell
-4.6,False,78,13,345,1,2,Powell
-4.8,False,78,13,345,1,2,Powell
-5.0,False,78,13,345,1,2,Powell
-5.2,False,78,13,345,1,2,Powell
-5.4,False,78,13,345,1,2,Powell
-5.6,False,78,13,345,1,2,Powell
-5.8,False,78,13,345,1,2,Powell
-6.0,False,78,13,345,1,2,Powell
-6.2,False,78,13,345,1,2,Powell
-6.4,False,78,13,345,1,2,Powell
-6.6,False,78,13,345,1,2,Powell
-6.8,False,78,13,345,1,2,Powell
-7.0,False,78,13,345,1,2,Powell
-7.2,False,78,13,345,1,2,Powell
-7.4,False,78,13,345,1,2,Powell
-7.6,False,78,13,345,1,2,Powell
-7.8,False,78,13,345,1,2,Powell
-8.0,False,78,13,345,1,2,Powell
2.0,False,147,13,346,1,2,Powell
1.8,False,147,13,346,1,2,Powell
1.6,False,147,13,346,1,2,Powell
1.4,False,147,13,346,1,2,Powell
1.2,False,147,13,346,1,2,Powell
1.0,False,147,13,346,1,2,Powell
0.8,False,147,13,346,1,2,Powell
0.6,False,147,13,346,1,2,Powell
0.4,False,147,13,346,1,2,Powell
0.2,False,147,13,346,1,2,Powell
0.0,False,147,13,346,1,2,Powell
-0.2,False,147,13,346,1,2,Powell
-0.4,False,147,13,346,1,2,Powell
-0.6,False,147,13,346,1,2,Powell
-0.8,False,147,13,346,1,2,Powell
-1.0,False,147,13,346,1,2,Powell
-1.2,False,147,13,346,1,2,Powell
-1.4,False,147,13,346,1,2,Powell
-1.6,False,147,13,346,1,2,Powell
-1.8,False,147,13,346,1,2,Powell
-2.0,False,147,13,346,1,2,Powell
-2.2,False,147,13,346,1,2,Powell
-2.4,False,147,13,346,1,2,Powell
-2.6,False,147,13,346,1,2,Powell
-2.8,False,147,13,346,1,2,Powell
-3.0,False,147,13,346,1,2,Powell
-3.2,False,147,13,346,1,2,Powell
-3.4,False,147,13,346,1,2,Powell
-3.6,False,147,13,346,1,2,Powell
-3.8,False,147,13,346,1,2,Powell
-4.0,False,147,13,346,1,2,Powell
-4.2,False,147,13,346,1,2,Powell
-4.4,False,147,13,346,1,2,Powell
-4.6,False,147,13,346,1,2,Powell
-4.8,False,147,13,346,1,2,Powell
-5.0,False,147,13,346,1,2,Powell
-5.2,False,147,13,346,1,2,Powell
-5.4,False,147,13,346,1,2,Powell
-5.6,False,147,13,346,1,2,Powell
-5.8,False,147,13,346,1,2,Powell
-6.0,False,147,13,346,1,2,Powell
-6.2,False,147,13,346,1,2,Powell
-6.4,False,147,13,346,1,2,Powell
-6.6,False,147,13,346,1,2,Powell
-6.8,False,147,13,346,1,2,Powell
-7.0,False,147,13,346,1,2,Powell
-7.2,False,147,13,346,1,2,Powell
-7.4,False,147,13,346,1,2,Powell
-7.6,False,147,13,346,1,2,Powell
-7.8,False,147,13,346,1,2,Powell
-8.0,False,147,13,346,1,2,Powell
2.0,True,4,13,347,1,2,Powell
1.8,True,4,13,347,1,2,Powell
1.6,True,4,13,347,1,2,Powell
1.4,True,12,13,347,1,2,Powell
1.2,True,12,13,347,1,2,Powell
1.0,True,12,13,347,1,2,Powell
0.8,True,12,13,347,1,2,Powell
0.6,True,12,13,347,1,2,Powell
0.4,True,14,13,347,1,2,Powell
0.2,True,14,13,347,1,2,Powell
0.0,True,25,13,347,1,2,Powell
-0.2,True,27,13,347,1,2,Powell
-0.4,True,27,13,347,1,2,Powell
-0.6,False,108,13,347,1,2,Powell
-0.8,False,108,13,347,1,2,Powell
-1.0,False,108,13,347,1,2,Powell
-1.2,False,108,13,347,1,2,Powell
-1.4,False,108,13,347,1,2,Powell
-1.6,False,108,13,347,1,2,Powell
-1.8,False,108,13,347,1,2,Powell
-2.0,False,108,13,347,1,2,Powell
-2.2,False,108,13,347,1,2,Powell
-2.4,False,108,13,347,1,2,Powell
-2.6,False,108,13,347,1,2,Powell
-2.8,False,108,13,347,1,2,Powell
-3.0,False,108,13,347,1,2,Powell
-3.2,False,108,13,347,1,2,Powell
-3.4,False,108,13,347,1,2,Powell
-3.6,False,108,13,347,1,2,Powell
-3.8,False,108,13,347,1,2,Powell
-4.0,False,108,13,347,1,2,Powell
-4.2,False,108,13,347,1,2,Powell
-4.4,False,108,13,347,1,2,Powell
-4.6,False,108,13,347,1,2,Powell
-4.8,False,108,13,347,1,2,Powell
-5.0,False,108,13,347,1,2,Powell
-5.2,False,108,13,347,1,2,Powell
-5.4,False,108,13,347,1,2,Powell
-5.6,False,108,13,347,1,2,Powell
-5.8,False,108,13,347,1,2,Powell
-6.0,False,108,13,347,1,2,Powell
-6.2,False,108,13,347,1,2,Powell
-6.4,False,108,13,347,1,2,Powell
-6.6,False,108,13,347,1,2,Powell
-6.8,False,108,13,347,1,2,Powell
-7.0,False,108,13,347,1,2,Powell
-7.2,False,108,13,347,1,2,Powell
-7.4,False,108,13,347,1,2,Powell
-7.6,False,108,13,347,1,2,Powell
-7.8,False,108,13,347,1,2,Powell
-8.0,False,108,13,347,1,2,Powell
2.0,True,4,13,348,1,2,Powell
1.8,True,5,13,348,1,2,Powell
1.6,True,6,13,348,1,2,Powell
1.4,True,6,13,348,1,2,Powell
1.2,True,8,13,348,1,2,Powell
1.0,True,8,13,348,1,2,Powell
0.8,True,8,13,348,1,2,Powell
0.6,True,8,13,348,1,2,Powell
0.4,True,8,13,348,1,2,Powell
0.2,True,11,13,348,1,2,Powell
0.0,True,11,13,348,1,2,Powell
-0.2,True,13,13,348,1,2,Powell
-0.4,True,24,13,348,1,2,Powell
-0.6,True,24,13,348,1,2,Powell
-0.8,True,24,13,348,1,2,Powell
-1.0,True,24,13,348,1,2,Powell
-1.2,True,27,13,348,1,2,Powell
-1.4,True,47,13,348,1,2,Powell
-1.6,False,88,13,348,1,2,Powell
-1.8,False,88,13,348,1,2,Powell
-2.0,False,88,13,348,1,2,Powell
-2.2,False,88,13,348,1,2,Powell
-2.4,False,88,13,348,1,2,Powell
-2.6,False,88,13,348,1,2,Powell
-2.8,False,88,13,348,1,2,Powell
-3.0,False,88,13,348,1,2,Powell
-3.2,False,88,13,348,1,2,Powell
-3.4,False,88,13,348,1,2,Powell
-3.6,False,88,13,348,1,2,Powell
-3.8,False,88,13,348,1,2,Powell
-4.0,False,88,13,348,1,2,Powell
-4.2,False,88,13,348,1,2,Powell
-4.4,False,88,13,348,1,2,Powell
-4.6,False,88,13,348,1,2,Powell
-4.8,False,88,13,348,1,2,Powell
-5.0,False,88,13,348,1,2,Powell
-5.2,False,88,13,348,1,2,Powell
-5.4,False,88,13,348,1,2,Powell
-5.6,False,88,13,348,1,2,Powell
-5.8,False,88,13,348,1,2,Powell
-6.0,False,88,13,348,1,2,Powell
-6.2,False,88,13,348,1,2,Powell
-6.4,False,88,13,348,1,2,Powell
-6.6,False,88,13,348,1,2,Powell
-6.8,False,88,13,348,1,2,Powell
-7.0,False,88,13,348,1,2,Powell
-7.2,False,88,13,348,1,2,Powell
-7.4,False,88,13,348,1,2,Powell
-7.6,False,88,13,348,1,2,Powell
-7.8,False,88,13,348,1,2,Powell
-8.0,False,88,13,348,1,2,Powell
2.0,True,4,13,349,1,2,Powell
1.8,True,4,13,349,1,2,Powell
1.6,True,12,13,349,1,2,Powell
1.4,True,12,13,349,1,2,Powell
1.2,True,12,13,349,1,2,Powell
1.0,True,12,13,349,1,2,Powell
0.8,True,12,13,349,1,2,Powell
0.6,True,15,13,349,1,2,Powell
0.4,True,27,13,349,1,2,Powell
0.2,False,83,13,349,1,2,Powell
0.0,False,83,13,349,1,2,Powell
-0.2,False,83,13,349,1,2,Powell
-0.4,False,83,13,349,1,2,Powell
-0.6,False,83,13,349,1,2,Powell
-0.8,False,83,13,349,1,2,Powell
-1.0,False,83,13,349,1,2,Powell
-1.2,False,83,13,349,1,2,Powell
-1.4,False,83,13,349,1,2,Powell
-1.6,False,83,13,349,1,2,Powell
-1.8,False,83,13,349,1,2,Powell
-2.0,False,83,13,349,1,2,Powell
-2.2,False,83,13,349,1,2,Powell
-2.4,False,83,13,349,1,2,Powell
-2.6,False,83,13,349,1,2,Powell
-2.8,False,83,13,349,1,2,Powell
-3.0,False,83,13,349,1,2,Powell
-3.2,False,83,13,349,1,2,Powell
-3.4,False,83,13,349,1,2,Powell
-3.6,False,83,13,349,1,2,Powell
-3.8,False,83,13,349,1,2,Powell
-4.0,False,83,13,349,1,2,Powell
-4.2,False,83,13,349,1,2,Powell
-4.4,False,83,13,349,1,2,Powell
-4.6,False,83,13,349,1,2,Powell
-4.8,False,83,13,349,1,2,Powell
-5.0,False,83,13,349,1,2,Powell
-5.2,False,83,13,349,1,2,Powell
-5.4,False,83,13,349,1,2,Powell
-5.6,False,83,13,349,1,2,Powell
-5.8,False,83,13,349,1,2,Powell
-6.0,False,83,13,349,1,2,Powell
-6.2,False,83,13,349,1,2,Powell
-6.4,False,83,13,349,1,2,Powell
-6.6,False,83,13,349,1,2,Powell
-6.8,False,83,13,349,1,2,Powell
-7.0,False,83,13,349,1,2,Powell
-7.2,False,83,13,349,1,2,Powell
-7.4,False,83,13,349,1,2,Powell
-7.6,False,83,13,349,1,2,Powell
-7.8,False,83,13,349,1,2,Powell
-8.0,False,83,13,349,1,2,Powell
2.0,True,4,13,350,1,2,Powell
1.8,True,4,13,350,1,2,Powell
1.6,True,4,13,350,1,2,Powell
1.4,True,8,13,350,1,2,Powell
1.2,True,10,13,350,1,2,Powell
1.0,False,131,13,350,1,2,Powell
0.8,False,131,13,350,1,2,Powell
0.6,False,131,13,350,1,2,Powell
0.4,False,131,13,350,1,2,Powell
0.2,False,131,13,350,1,2,Powell
0.0,False,131,13,350,1,2,Powell
-0.2,False,131,13,350,1,2,Powell
-0.4,False,131,13,350,1,2,Powell
-0.6,False,131,13,350,1,2,Powell
-0.8,False,131,13,350,1,2,Powell
-1.0,False,131,13,350,1,2,Powell
-1.2,False,131,13,350,1,2,Powell
-1.4,False,131,13,350,1,2,Powell
-1.6,False,131,13,350,1,2,Powell
-1.8,False,131,13,350,1,2,Powell
-2.0,False,131,13,350,1,2,Powell
-2.2,False,131,13,350,1,2,Powell
-2.4,False,131,13,350,1,2,Powell
-2.6,False,131,13,350,1,2,Powell
-2.8,False,131,13,350,1,2,Powell
-3.0,False,131,13,350,1,2,Powell
-3.2,False,131,13,350,1,2,Powell
-3.4,False,131,13,350,1,2,Powell
-3.6,False,131,13,350,1,2,Powell
-3.8,False,131,13,350,1,2,Powell
-4.0,False,131,13,350,1,2,Powell
-4.2,False,131,13,350,1,2,Powell
-4.4,False,131,13,350,1,2,Powell
-4.6,False,131,13,350,1,2,Powell
-4.8,False,131,13,350,1,2,Powell
-5.0,False,131,13,350,1,2,Powell
-5.2,False,131,13,350,1,2,Powell
-5.4,False,131,13,350,1,2,Powell
-5.6,False,131,13,350,1,2,Powell
-5.8,False,131,13,350,1,2,Powell
-6.0,False,131,13,350,1,2,Powell
-6.2,False,131,13,350,1,2,Powell
-6.4,False,131,13,350,1,2,Powell
-6.6,False,131,13,350,1,2,Powell
-6.8,False,131,13,350,1,2,Powell
-7.0,False,131,13,350,1,2,Powell
-7.2,False,131,13,350,1,2,Powell
-7.4,False,131,13,350,1,2,Powell
-7.6,False,131,13,350,1,2,Powell
-7.8,False,131,13,350,1,2,Powell
-8.0,False,131,13,350,1,2,Powell
2.0,True,3,13,351,1,2,Powell
1.8,True,6,13,351,1,2,Powell
1.6,True,8,13,351,1,2,Powell
1.4,False,115,13,351,1,2,Powell
1.2,False,115,13,351,1,2,Powell
1.0,False,115,13,351,1,2,Powell
0.8,False,115,13,351,1,2,Powell
0.6,False,115,13,351,1,2,Powell
0.4,False,115,13,351,1,2,Powell
0.2,False,115,13,351,1,2,Powell
0.0,False,115,13,351,1,2,Powell
-0.2,False,115,13,351,1,2,Powell
-0.4,False,115,13,351,1,2,Powell
-0.6,False,115,13,351,1,2,Powell
-0.8,False,115,13,351,1,2,Powell
-1.0,False,115,13,351,1,2,Powell
-1.2,False,115,13,351,1,2,Powell
-1.4,False,115,13,351,1,2,Powell
-1.6,False,115,13,351,1,2,Powell
-1.8,False,115,13,351,1,2,Powell
-2.0,False,115,13,351,1,2,Powell
-2.2,False,115,13,351,1,2,Powell
-2.4,False,115,13,351,1,2,Powell
-2.6,False,115,13,351,1,2,Powell
-2.8,False,115,13,351,1,2,Powell
-3.0,False,115,13,351,1,2,Powell
-3.2,False,115,13,351,1,2,Powell
-3.4,False,115,13,351,1,2,Powell
-3.6,False,115,13,351,1,2,Powell
-3.8,False,115,13,351,1,2,Powell
-4.0,False,115,13,351,1,2,Powell
-4.2,False,115,13,351,1,2,Powell
-4.4,False,115,13,351,1,2,Powell
-4.6,False,115,13,351,1,2,Powell
-4.8,False,115,13,351,1,2,Powell
-5.0,False,115,13,351,1,2,Powell
-5.2,False,115,13,351,1,2,Powell
-5.4,False,115,13,351,1,2,Powell
-5.6,False,115,13,351,1,2,Powell
-5.8,False,115,13,351,1,2,Powell
-6.0,False,115,13,351,1,2,Powell
-6.2,False,115,13,351,1,2,Powell
-6.4,False,115,13,351,1,2,Powell
-6.6,False,115,13,351,1,2,Powell
-6.8,False,115,13,351,1,2,Powell
-7.0,False,115,13,351,1,2,Powell
-7.2,False,115,13,351,1,2,Powell
-7.4,False,115,13,351,1,2,Powell
-7.6,False,115,13,351,1,2,Powell
-7.8,False,115,13,351,1,2,Powell
-8.0,False,115,13,351,1,2,Powell
2.0,True,10,13,352,1,2,Powell
1.8,True,10,13,352,1,2,Powell
1.6,False,85,13,352,1,2,Powell
1.4,False,85,13,352,1,2,Powell
1.2,False,85,13,352,1,2,Powell
1.0,False,85,13,352,1,2,Powell
0.8,False,85,13,352,1,2,Powell
0.6,False,85,13,352,1,2,Powell
0.4,False,85,13,352,1,2,Powell
0.2,False,85,13,352,1,2,Powell
0.0,False,85,13,352,1,2,Powell
-0.2,False,85,13,352,1,2,Powell
-0.4,False,85,13,352,1,2,Powell
-0.6,False,85,13,352,1,2,Powell
-0.8,False,85,13,352,1,2,Powell
-1.0,False,85,13,352,1,2,Powell
-1.2,False,85,13,352,1,2,Powell
-1.4,False,85,13,352,1,2,Powell
-1.6,False,85,13,352,1,2,Powell
-1.8,False,85,13,352,1,2,Powell
-2.0,False,85,13,352,1,2,Powell
-2.2,False,85,13,352,1,2,Powell
-2.4,False,85,13,352,1,2,Powell
-2.6,False,85,13,352,1,2,Powell
-2.8,False,85,13,352,1,2,Powell
-3.0,False,85,13,352,1,2,Powell
-3.2,False,85,13,352,1,2,Powell
-3.4,False,85,13,352,1,2,Powell
-3.6,False,85,13,352,1,2,Powell
-3.8,False,85,13,352,1,2,Powell
-4.0,False,85,13,352,1,2,Powell
-4.2,False,85,13,352,1,2,Powell
-4.4,False,85,13,352,1,2,Powell
-4.6,False,85,13,352,1,2,Powell
-4.8,False,85,13,352,1,2,Powell
-5.0,False,85,13,352,1,2,Powell
-5.2,False,85,13,352,1,2,Powell
-5.4,False,85,13,352,1,2,Powell
-5.6,False,85,13,352,1,2,Powell
-5.8,False,85,13,352,1,2,Powell
-6.0,False,85,13,352,1,2,Powell
-6.2,False,85,13,352,1,2,Powell
-6.4,False,85,13,352,1,2,Powell
-6.6,False,85,13,352,1,2,Powell
-6.8,False,85,13,352,1,2,Powell
-7.0,False,85,13,352,1,2,Powell
-7.2,False,85,13,352,1,2,Powell
-7.4,False,85,13,352,1,2,Powell
-7.6,False,85,13,352,1,2,Powell
-7.8,False,85,13,352,1,2,Powell
-8.0,False,85,13,352,1,2,Powell
2.0,True,8,13,353,1,2,Powell
1.8,True,10,13,353,1,2,Powell
1.6,True,10,13,353,1,2,Powell
1.4,True,10,13,353,1,2,Powell
1.2,True,22,13,353,1,2,Powell
1.0,False,81,13,353,1,2,Powell
0.8,False,81,13,353,1,2,Powell
0.6,False,81,13,353,1,2,Powell
0.4,False,81,13,353,1,2,Powell
0.2,False,81,13,353,1,2,Powell
0.0,False,81,13,353,1,2,Powell
-0.2,False,81,13,353,1,2,Powell
-0.4,False,81,13,353,1,2,Powell
-0.6,False,81,13,353,1,2,Powell
-0.8,False,81,13,353,1,2,Powell
-1.0,False,81,13,353,1,2,Powell
-1.2,False,81,13,353,1,2,Powell
-1.4,False,81,13,353,1,2,Powell
-1.6,False,81,13,353,1,2,Powell
-1.8,False,81,13,353,1,2,Powell
-2.0,False,81,13,353,1,2,Powell
-2.2,False,81,13,353,1,2,Powell
-2.4,False,81,13,353,1,2,Powell
-2.6,False,81,13,353,1,2,Powell
-2.8,False,81,13,353,1,2,Powell
-3.0,False,81,13,353,1,2,Powell
-3.2,False,81,13,353,1,2,Powell
-3.4,False,81,13,353,1,2,Powell
-3.6,False,81,13,353,1,2,Powell
-3.8,False,81,13,353,1,2,Powell
-4.0,False,81,13,353,1,2,Powell
-4.2,False,81,13,353,1,2,Powell
-4.4,False,81,13,353,1,2,Powell
-4.6,False,81,13,353,1,2,Powell
-4.8,False,81,13,353,1,2,Powell
-5.0,False,81,13,353,1,2,Powell
-5.2,False,81,13,353,1,2,Powell
-5.4,False,81,13,353,1,2,Powell
-5.6,False,81,13,353,1,2,Powell
-5.8,False,81,13,353,1,2,Powell
-6.0,False,81,13,353,1,2,Powell
-6.2,False,81,13,353,1,2,Powell
-6.4,False,81,13,353,1,2,Powell
-6.6,False,81,13,353,1,2,Powell
-6.8,False,81,13,353,1,2,Powell
-7.0,False,81,13,353,1,2,Powell
-7.2,False,81,13,353,1,2,Powell
-7.4,False,81,13,353,1,2,Powell
-7.6,False,81,13,353,1,2,Powell
-7.8,False,81,13,353,1,2,Powell
-8.0,False,81,13,353,1,2,Powell
2.0,True,3,13,354,1,2,Powell
1.8,True,3,13,354,1,2,Powell
1.6,True,6,13,354,1,2,Powell
1.4,True,6,13,354,1,2,Powell
1.2,True,6,13,354,1,2,Powell
1.0,True,8,13,354,1,2,Powell
0.8,True,8,13,354,1,2,Powell
0.6,True,12,13,354,1,2,Powell
0.4,False,86,13,354,1,2,Powell
0.2,False,86,13,354,1,2,Powell
0.0,False,86,13,354,1,2,Powell
-0.2,False,86,13,354,1,2,Powell
-0.4,False,86,13,354,1,2,Powell
-0.6,False,86,13,354,1,2,Powell
-0.8,False,86,13,354,1,2,Powell
-1.0,False,86,13,354,1,2,Powell
-1.2,False,86,13,354,1,2,Powell
-1.4,False,86,13,354,1,2,Powell
-1.6,False,86,13,354,1,2,Powell
-1.8,False,86,13,354,1,2,Powell
-2.0,False,86,13,354,1,2,Powell
-2.2,False,86,13,354,1,2,Powell
-2.4,False,86,13,354,1,2,Powell
-2.6,False,86,13,354,1,2,Powell
-2.8,False,86,13,354,1,2,Powell
-3.0,False,86,13,354,1,2,Powell
-3.2,False,86,13,354,1,2,Powell
-3.4,False,86,13,354,1,2,Powell
-3.6,False,86,13,354,1,2,Powell
-3.8,False,86,13,354,1,2,Powell
-4.0,False,86,13,354,1,2,Powell
-4.2,False,86,13,354,1,2,Powell
-4.4,False,86,13,354,1,2,Powell
-4.6,False,86,13,354,1,2,Powell
-4.8,False,86,13,354,1,2,Powell
-5.0,False,86,13,354,1,2,Powell
-5.2,False,86,13,354,1,2,Powell
-5.4,False,86,13,354,1,2,Powell
-5.6,False,86,13,354,1,2,Powell
-5.8,False,86,13,354,1,2,Powell
-6.0,False,86,13,354,1,2,Powell
-6.2,False,86,13,354,1,2,Powell
-6.4,False,86,13,354,1,2,Powell
-6.6,False,86,13,354,1,2,Powell
-6.8,False,86,13,354,1,2,Powell
-7.0,False,86,13,354,1,2,Powell
-7.2,False,86,13,354,1,2,Powell
-7.4,False,86,13,354,1,2,Powell
-7.6,False,86,13,354,1,2,Powell
-7.8,False,86,13,354,1,2,Powell
-8.0,False,86,13,354,1,2,Powell
2.0,True,8,13,355,1,2,Powell
1.8,True,9,13,355,1,2,Powell
1.6,True,11,13,355,1,2,Powell
1.4,True,18,13,355,1,2,Powell
1.2,True,32,13,355,1,2,Powell
1.0,True,32,13,355,1,2,Powell
0.8,True,32,13,355,1,2,Powell
0.6,True,37,13,355,1,2,Powell
0.4,False,170,13,355,1,2,Powell
0.2,False,170,13,355,1,2,Powell
0.0,False,170,13,355,1,2,Powell
-0.2,False,170,13,355,1,2,Powell
-0.4,False,170,13,355,1,2,Powell
-0.6,False,170,13,355,1,2,Powell
-0.8,False,170,13,355,1,2,Powell
-1.0,False,170,13,355,1,2,Powell
-1.2,False,170,13,355,1,2,Powell
-1.4,False,170,13,355,1,2,Powell
-1.6,False,170,13,355,1,2,Powell
-1.8,False,170,13,355,1,2,Powell
-2.0,False,170,13,355,1,2,Powell
-2.2,False,170,13,355,1,2,Powell
-2.4,False,170,13,355,1,2,Powell
-2.6,False,170,13,355,1,2,Powell
-2.8,False,170,13,355,1,2,Powell
-3.0,False,170,13,355,1,2,Powell
-3.2,False,170,13,355,1,2,Powell
-3.4,False,170,13,355,1,2,Powell
-3.6,False,170,13,355,1,2,Powell
-3.8,False,170,13,355,1,2,Powell
-4.0,False,170,13,355,1,2,Powell
-4.2,False,170,13,355,1,2,Powell
-4.4,False,170,13,355,1,2,Powell
-4.6,False,170,13,355,1,2,Powell
-4.8,False,170,13,355,1,2,Powell
-5.0,False,170,13,355,1,2,Powell
-5.2,False,170,13,355,1,2,Powell
-5.4,False,170,13,355,1,2,Powell
-5.6,False,170,13,355,1,2,Powell
-5.8,False,170,13,355,1,2,Powell
-6.0,False,170,13,355,1,2,Powell
-6.2,False,170,13,355,1,2,Powell
-6.4,False,170,13,355,1,2,Powell
-6.6,False,170,13,355,1,2,Powell
-6.8,False,170,13,355,1,2,Powell
-7.0,False,170,13,355,1,2,Powell
-7.2,False,170,13,355,1,2,Powell
-7.4,False,170,13,355,1,2,Powell
-7.6,False,170,13,355,1,2,Powell
-7.8,False,170,13,355,1,2,Powell
-8.0,False,170,13,355,1,2,Powell
2.0,True,4,13,356,1,2,Powell
1.8,True,4,13,356,1,2,Powell
1.6,True,8,13,356,1,2,Powell
1.4,True,9,13,356,1,2,Powell
1.2,True,12,13,356,1,2,Powell
1.0,True,15,13,356,1,2,Powell
0.8,False,88,13,356,1,2,Powell
0.6,False,88,13,356,1,2,Powell
0.4,False,88,13,356,1,2,Powell
0.2,False,88,13,356,1,2,Powell
0.0,False,88,13,356,1,2,Powell
-0.2,False,88,13,356,1,2,Powell
-0.4,False,88,13,356,1,2,Powell
-0.6,False,88,13,356,1,2,Powell
-0.8,False,88,13,356,1,2,Powell
-1.0,False,88,13,356,1,2,Powell
-1.2,False,88,13,356,1,2,Powell
-1.4,False,88,13,356,1,2,Powell
-1.6,False,88,13,356,1,2,Powell
-1.8,False,88,13,356,1,2,Powell
-2.0,False,88,13,356,1,2,Powell
-2.2,False,88,13,356,1,2,Powell
-2.4,False,88,13,356,1,2,Powell
-2.6,False,88,13,356,1,2,Powell
-2.8,False,88,13,356,1,2,Powell
-3.0,False,88,13,356,1,2,Powell
-3.2,False,88,13,356,1,2,Powell
-3.4,False,88,13,356,1,2,Powell
-3.6,False,88,13,356,1,2,Powell
-3.8,False,88,13,356,1,2,Powell
-4.0,False,88,13,356,1,2,Powell
-4.2,False,88,13,356,1,2,Powell
-4.4,False,88,13,356,1,2,Powell
-4.6,False,88,13,356,1,2,Powell
-4.8,False,88,13,356,1,2,Powell
-5.0,False,88,13,356,1,2,Powell
-5.2,False,88,13,356,1,2,Powell
-5.4,False,88,13,356,1,2,Powell
-5.6,False,88,13,356,1,2,Powell
-5.8,False,88,13,356,1,2,Powell
-6.0,False,88,13,356,1,2,Powell
-6.2,False,88,13,356,1,2,Powell
-6.4,False,88,13,356,1,2,Powell
-6.6,False,88,13,356,1,2,Powell
-6.8,False,88,13,356,1,2,Powell
-7.0,False,88,13,356,1,2,Powell
-7.2,False,88,13,356,1,2,Powell
-7.4,False,88,13,356,1,2,Powell
-7.6,False,88,13,356,1,2,Powell
-7.8,False,88,13,356,1,2,Powell
-8.0,False,88,13,356,1,2,Powell
2.0,True,5,13,357,1,2,Powell
1.8,True,5,13,357,1,2,Powell
1.6,True,8,13,357,1,2,Powell
1.4,True,28,13,357,1,2,Powell
1.2,False,129,13,357,1,2,Powell
1.0,False,129,13,357,1,2,Powell
0.8,False,129,13,357,1,2,Powell
0.6,False,129,13,357,1,2,Powell
0.4,False,129,13,357,1,2,Powell
0.2,False,129,13,357,1,2,Powell
0.0,False,129,13,357,1,2,Powell
-0.2,False,129,13,357,1,2,Powell
-0.4,False,129,13,357,1,2,Powell
-0.6,False,129,13,357,1,2,Powell
-0.8,False,129,13,357,1,2,Powell
-1.0,False,129,13,357,1,2,Powell
-1.2,False,129,13,357,1,2,Powell
-1.4,False,129,13,357,1,2,Powell
-1.6,False,129,13,357,1,2,Powell
-1.8,False,129,13,357,1,2,Powell
-2.0,False,129,13,357,1,2,Powell
-2.2,False,129,13,357,1,2,Powell
-2.4,False,129,13,357,1,2,Powell
-2.6,False,129,13,357,1,2,Powell
-2.8,False,129,13,357,1,2,Powell
-3.0,False,129,13,357,1,2,Powell
-3.2,False,129,13,357,1,2,Powell
-3.4,False,129,13,357,1,2,Powell
-3.6,False,129,13,357,1,2,Powell
-3.8,False,129,13,357,1,2,Powell
-4.0,False,129,13,357,1,2,Powell
-4.2,False,129,13,357,1,2,Powell
-4.4,False,129,13,357,1,2,Powell
-4.6,False,129,13,357,1,2,Powell
-4.8,False,129,13,357,1,2,Powell
-5.0,False,129,13,357,1,2,Powell
-5.2,False,129,13,357,1,2,Powell
-5.4,False,129,13,357,1,2,Powell
-5.6,False,129,13,357,1,2,Powell
-5.8,False,129,13,357,1,2,Powell
-6.0,False,129,13,357,1,2,Powell
-6.2,False,129,13,357,1,2,Powell
-6.4,False,129,13,357,1,2,Powell
-6.6,False,129,13,357,1,2,Powell
-6.8,False,129,13,357,1,2,Powell
-7.0,False,129,13,357,1,2,Powell
-7.2,False,129,13,357,1,2,Powell
-7.4,False,129,13,357,1,2,Powell
-7.6,False,129,13,357,1,2,Powell
-7.8,False,129,13,357,1,2,Powell
-8.0,False,129,13,357,1,2,Powell
2.0,True,5,13,358,1,2,Powell
1.8,True,5,13,358,1,2,Powell
1.6,True,7,13,358,1,2,Powell
1.4,True,7,13,358,1,2,Powell
1.2,True,8,13,358,1,2,Powell
1.0,True,10,13,358,1,2,Powell
0.8,True,10,13,358,1,2,Powell
0.6,False,87,13,358,1,2,Powell
0.4,False,87,13,358,1,2,Powell
0.2,False,87,13,358,1,2,Powell
0.0,False,87,13,358,1,2,Powell
-0.2,False,87,13,358,1,2,Powell
-0.4,False,87,13,358,1,2,Powell
-0.6,False,87,13,358,1,2,Powell
-0.8,False,87,13,358,1,2,Powell
-1.0,False,87,13,358,1,2,Powell
-1.2,False,87,13,358,1,2,Powell
-1.4,False,87,13,358,1,2,Powell
-1.6,False,87,13,358,1,2,Powell
-1.8,False,87,13,358,1,2,Powell
-2.0,False,87,13,358,1,2,Powell
-2.2,False,87,13,358,1,2,Powell
-2.4,False,87,13,358,1,2,Powell
-2.6,False,87,13,358,1,2,Powell
-2.8,False,87,13,358,1,2,Powell
-3.0,False,87,13,358,1,2,Powell
-3.2,False,87,13,358,1,2,Powell
-3.4,False,87,13,358,1,2,Powell
-3.6,False,87,13,358,1,2,Powell
-3.8,False,87,13,358,1,2,Powell
-4.0,False,87,13,358,1,2,Powell
-4.2,False,87,13,358,1,2,Powell
-4.4,False,87,13,358,1,2,Powell
-4.6,False,87,13,358,1,2,Powell
-4.8,False,87,13,358,1,2,Powell
-5.0,False,87,13,358,1,2,Powell
-5.2,False,87,13,358,1,2,Powell
-5.4,False,87,13,358,1,2,Powell
-5.6,False,87,13,358,1,2,Powell
-5.8,False,87,13,358,1,2,Powell
-6.0,False,87,13,358,1,2,Powell
-6.2,False,87,13,358,1,2,Powell
-6.4,False,87,13,358,1,2,Powell
-6.6,False,87,13,358,1,2,Powell
-6.8,False,87,13,358,1,2,Powell
-7.0,False,87,13,358,1,2,Powell
-7.2,False,87,13,358,1,2,Powell
-7.4,False,87,13,358,1,2,Powell
-7.6,False,87,13,358,1,2,Powell
-7.8,False,87,13,358,1,2,Powell
-8.0,False,87,13,358,1,2,Powell
2.0,True,9,13,359,1,2,Powell
1.8,True,9,13,359,1,2,Powell
1.6,True,9,13,359,1,2,Powell
1.4,True,9,13,359,1,2,Powell
1.2,True,9,13,359,1,2,Powell
1.0,True,10,13,359,1,2,Powell
0.8,True,10,13,359,1,2,Powell
0.6,True,15,13,359,1,2,Powell
0.4,True,15,13,359,1,2,Powell
0.2,True,15,13,359,1,2,Powell
0.0,True,19,13,359,1,2,Powell
-0.2,True,19,13,359,1,2,Powell
-0.4,True,20,13,359,1,2,Powell
-0.6,True,41,13,359,1,2,Powell
-0.8,False,150,13,359,1,2,Powell
-1.0,False,150,13,359,1,2,Powell
-1.2,False,150,13,359,1,2,Powell
-1.4,False,150,13,359,1,2,Powell
-1.6,False,150,13,359,1,2,Powell
-1.8,False,150,13,359,1,2,Powell
-2.0,False,150,13,359,1,2,Powell
-2.2,False,150,13,359,1,2,Powell
-2.4,False,150,13,359,1,2,Powell
-2.6,False,150,13,359,1,2,Powell
-2.8,False,150,13,359,1,2,Powell
-3.0,False,150,13,359,1,2,Powell
-3.2,False,150,13,359,1,2,Powell
-3.4,False,150,13,359,1,2,Powell
-3.6,False,150,13,359,1,2,Powell
-3.8,False,150,13,359,1,2,Powell
-4.0,False,150,13,359,1,2,Powell
-4.2,False,150,13,359,1,2,Powell
-4.4,False,150,13,359,1,2,Powell
-4.6,False,150,13,359,1,2,Powell
-4.8,False,150,13,359,1,2,Powell
-5.0,False,150,13,359,1,2,Powell
-5.2,False,150,13,359,1,2,Powell
-5.4,False,150,13,359,1,2,Powell
-5.6,False,150,13,359,1,2,Powell
-5.8,False,150,13,359,1,2,Powell
-6.0,False,150,13,359,1,2,Powell
-6.2,False,150,13,359,1,2,Powell
-6.4,False,150,13,359,1,2,Powell
-6.6,False,150,13,359,1,2,Powell
-6.8,False,150,13,359,1,2,Powell
-7.0,False,150,13,359,1,2,Powell
-7.2,False,150,13,359,1,2,Powell
-7.4,False,150,13,359,1,2,Powell
-7.6,False,150,13,359,1,2,Powell
-7.8,False,150,13,359,1,2,Powell
-8.0,False,150,13,359,1,2,Powell
2.0,True,14,13,360,1,2,Powell
1.8,True,14,13,360,1,2,Powell
1.6,True,16,13,360,1,2,Powell
1.4,True,16,13,360,1,2,Powell
1.2,True,36,13,360,1,2,Powell
1.0,True,36,13,360,1,2,Powell
0.8,True,37,13,360,1,2,Powell
0.6,True,43,13,360,1,2,Powell
0.4,True,43,13,360,1,2,Powell
0.2,True,56,13,360,1,2,Powell
0.0,True,56,13,360,1,2,Powell
-0.2,True,56,13,360,1,2,Powell
-0.4,True,58,13,360,1,2,Powell
-0.6,True,58,13,360,1,2,Powell
-0.8,True,58,13,360,1,2,Powell
-1.0,True,58,13,360,1,2,Powell
-1.2,True,58,13,360,1,2,Powell
-1.4,True,60,13,360,1,2,Powell
-1.6,True,60,13,360,1,2,Powell
-1.8,True,69,13,360,1,2,Powell
-2.0,False,133,13,360,1,2,Powell
-2.2,False,133,13,360,1,2,Powell
-2.4,False,133,13,360,1,2,Powell
-2.6,False,133,13,360,1,2,Powell
-2.8,False,133,13,360,1,2,Powell
-3.0,False,133,13,360,1,2,Powell
-3.2,False,133,13,360,1,2,Powell
-3.4,False,133,13,360,1,2,Powell
-3.6,False,133,13,360,1,2,Powell
-3.8,False,133,13,360,1,2,Powell
-4.0,False,133,13,360,1,2,Powell
-4.2,False,133,13,360,1,2,Powell
-4.4,False,133,13,360,1,2,Powell
-4.6,False,133,13,360,1,2,Powell
-4.8,False,133,13,360,1,2,Powell
-5.0,False,133,13,360,1,2,Powell
-5.2,False,133,13,360,1,2,Powell
-5.4,False,133,13,360,1,2,Powell
-5.6,False,133,13,360,1,2,Powell
-5.8,False,133,13,360,1,2,Powell
-6.0,False,133,13,360,1,2,Powell
-6.2,False,133,13,360,1,2,Powell
-6.4,False,133,13,360,1,2,Powell
-6.6,False,133,13,360,1,2,Powell
-6.8,False,133,13,360,1,2,Powell
-7.0,False,133,13,360,1,2,Powell
-7.2,False,133,13,360,1,2,Powell
-7.4,False,133,13,360,1,2,Powell
-7.6,False,133,13,360,1,2,Powell
-7.8,False,133,13,360,1,2,Powell
-8.0,False,133,13,360,1,2,Powell
2.0,True,4,13,361,1,2,Powell
1.8,True,6,13,361,1,2,Powell
1.6,True,9,13,361,1,2,Powell
1.4,False,78,13,361,1,2,Powell
1.2,False,78,13,361,1,2,Powell
1.0,False,78,13,361,1,2,Powell
0.8,False,78,13,361,1,2,Powell
0.6,False,78,13,361,1,2,Powell
0.4,False,78,13,361,1,2,Powell
0.2,False,78,13,361,1,2,Powell
0.0,False,78,13,361,1,2,Powell
-0.2,False,78,13,361,1,2,Powell
-0.4,False,78,13,361,1,2,Powell
-0.6,False,78,13,361,1,2,Powell
-0.8,False,78,13,361,1,2,Powell
-1.0,False,78,13,361,1,2,Powell
-1.2,False,78,13,361,1,2,Powell
-1.4,False,78,13,361,1,2,Powell
-1.6,False,78,13,361,1,2,Powell
-1.8,False,78,13,361,1,2,Powell
-2.0,False,78,13,361,1,2,Powell
-2.2,False,78,13,361,1,2,Powell
-2.4,False,78,13,361,1,2,Powell
-2.6,False,78,13,361,1,2,Powell
-2.8,False,78,13,361,1,2,Powell
-3.0,False,78,13,361,1,2,Powell
-3.2,False,78,13,361,1,2,Powell
-3.4,False,78,13,361,1,2,Powell
-3.6,False,78,13,361,1,2,Powell
-3.8,False,78,13,361,1,2,Powell
-4.0,False,78,13,361,1,2,Powell
-4.2,False,78,13,361,1,2,Powell
-4.4,False,78,13,361,1,2,Powell
-4.6,False,78,13,361,1,2,Powell
-4.8,False,78,13,361,1,2,Powell
-5.0,False,78,13,361,1,2,Powell
-5.2,False,78,13,361,1,2,Powell
-5.4,False,78,13,361,1,2,Powell
-5.6,False,78,13,361,1,2,Powell
-5.8,False,78,13,361,1,2,Powell
-6.0,False,78,13,361,1,2,Powell
-6.2,False,78,13,361,1,2,Powell
-6.4,False,78,13,361,1,2,Powell
-6.6,False,78,13,361,1,2,Powell
-6.8,False,78,13,361,1,2,Powell
-7.0,False,78,13,361,1,2,Powell
-7.2,False,78,13,361,1,2,Powell
-7.4,False,78,13,361,1,2,Powell
-7.6,False,78,13,361,1,2,Powell
-7.8,False,78,13,361,1,2,Powell
-8.0,False,78,13,361,1,2,Powell
2.0,True,17,13,362,1,2,Powell
1.8,True,18,13,362,1,2,Powell
1.6,True,18,13,362,1,2,Powell
1.4,True,19,13,362,1,2,Powell
1.2,True,19,13,362,1,2,Powell
1.0,True,19,13,362,1,2,Powell
0.8,True,21,13,362,1,2,Powell
0.6,True,21,13,362,1,2,Powell
0.4,True,21,13,362,1,2,Powell
0.2,True,21,13,362,1,2,Powell
0.0,True,21,13,362,1,2,Powell
-0.2,True,36,13,362,1,2,Powell
-0.4,True,38,13,362,1,2,Powell
-0.6,False,89,13,362,1,2,Powell
-0.8,False,89,13,362,1,2,Powell
-1.0,False,89,13,362,1,2,Powell
-1.2,False,89,13,362,1,2,Powell
-1.4,False,89,13,362,1,2,Powell
-1.6,False,89,13,362,1,2,Powell
-1.8,False,89,13,362,1,2,Powell
-2.0,False,89,13,362,1,2,Powell
-2.2,False,89,13,362,1,2,Powell
-2.4,False,89,13,362,1,2,Powell
-2.6,False,89,13,362,1,2,Powell
-2.8,False,89,13,362,1,2,Powell
-3.0,False,89,13,362,1,2,Powell
-3.2,False,89,13,362,1,2,Powell
-3.4,False,89,13,362,1,2,Powell
-3.6,False,89,13,362,1,2,Powell
-3.8,False,89,13,362,1,2,Powell
-4.0,False,89,13,362,1,2,Powell
-4.2,False,89,13,362,1,2,Powell
-4.4,False,89,13,362,1,2,Powell
-4.6,False,89,13,362,1,2,Powell
-4.8,False,89,13,362,1,2,Powell
-5.0,False,89,13,362,1,2,Powell
-5.2,False,89,13,362,1,2,Powell
-5.4,False,89,13,362,1,2,Powell
-5.6,False,89,13,362,1,2,Powell
-5.8,False,89,13,362,1,2,Powell
-6.0,False,89,13,362,1,2,Powell
-6.2,False,89,13,362,1,2,Powell
-6.4,False,89,13,362,1,2,Powell
-6.6,False,89,13,362,1,2,Powell
-6.8,False,89,13,362,1,2,Powell
-7.0,False,89,13,362,1,2,Powell
-7.2,False,89,13,362,1,2,Powell
-7.4,False,89,13,362,1,2,Powell
-7.6,False,89,13,362,1,2,Powell
-7.8,False,89,13,362,1,2,Powell
-8.0,False,89,13,362,1,2,Powell
2.0,True,4,13,363,1,2,Powell
1.8,True,4,13,363,1,2,Powell
1.6,True,9,13,363,1,2,Powell
1.4,False,80,13,363,1,2,Powell
1.2,False,80,13,363,1,2,Powell
1.0,False,80,13,363,1,2,Powell
0.8,False,80,13,363,1,2,Powell
0.6,False,80,13,363,1,2,Powell
0.4,False,80,13,363,1,2,Powell
0.2,False,80,13,363,1,2,Powell
0.0,False,80,13,363,1,2,Powell
-0.2,False,80,13,363,1,2,Powell
-0.4,False,80,13,363,1,2,Powell
-0.6,False,80,13,363,1,2,Powell
-0.8,False,80,13,363,1,2,Powell
-1.0,False,80,13,363,1,2,Powell
-1.2,False,80,13,363,1,2,Powell
-1.4,False,80,13,363,1,2,Powell
-1.6,False,80,13,363,1,2,Powell
-1.8,False,80,13,363,1,2,Powell
-2.0,False,80,13,363,1,2,Powell
-2.2,False,80,13,363,1,2,Powell
-2.4,False,80,13,363,1,2,Powell
-2.6,False,80,13,363,1,2,Powell
-2.8,False,80,13,363,1,2,Powell
-3.0,False,80,13,363,1,2,Powell
-3.2,False,80,13,363,1,2,Powell
-3.4,False,80,13,363,1,2,Powell
-3.6,False,80,13,363,1,2,Powell
-3.8,False,80,13,363,1,2,Powell
-4.0,False,80,13,363,1,2,Powell
-4.2,False,80,13,363,1,2,Powell
-4.4,False,80,13,363,1,2,Powell
-4.6,False,80,13,363,1,2,Powell
-4.8,False,80,13,363,1,2,Powell
-5.0,False,80,13,363,1,2,Powell
-5.2,False,80,13,363,1,2,Powell
-5.4,False,80,13,363,1,2,Powell
-5.6,False,80,13,363,1,2,Powell
-5.8,False,80,13,363,1,2,Powell
-6.0,False,80,13,363,1,2,Powell
-6.2,False,80,13,363,1,2,Powell
-6.4,False,80,13,363,1,2,Powell
-6.6,False,80,13,363,1,2,Powell
-6.8,False,80,13,363,1,2,Powell
-7.0,False,80,13,363,1,2,Powell
-7.2,False,80,13,363,1,2,Powell
-7.4,False,80,13,363,1,2,Powell
-7.6,False,80,13,363,1,2,Powell
-7.8,False,80,13,363,1,2,Powell
-8.0,False,80,13,363,1,2,Powell
2.0,True,9,13,364,1,2,Powell
1.8,True,9,13,364,1,2,Powell
1.6,True,9,13,364,1,2,Powell
1.4,True,9,13,364,1,2,Powell
1.2,True,11,13,364,1,2,Powell
1.0,True,11,13,364,1,2,Powell
0.8,True,11,13,364,1,2,Powell
0.6,True,11,13,364,1,2,Powell
0.4,True,11,13,364,1,2,Powell
0.2,True,11,13,364,1,2,Powell
0.0,True,11,13,364,1,2,Powell
-0.2,True,11,13,364,1,2,Powell
-0.4,True,26,13,364,1,2,Powell
-0.6,False,113,13,364,1,2,Powell
-0.8,False,113,13,364,1,2,Powell
-1.0,False,113,13,364,1,2,Powell
-1.2,False,113,13,364,1,2,Powell
-1.4,False,113,13,364,1,2,Powell
-1.6,False,113,13,364,1,2,Powell
-1.8,False,113,13,364,1,2,Powell
-2.0,False,113,13,364,1,2,Powell
-2.2,False,113,13,364,1,2,Powell
-2.4,False,113,13,364,1,2,Powell
-2.6,False,113,13,364,1,2,Powell
-2.8,False,113,13,364,1,2,Powell
-3.0,False,113,13,364,1,2,Powell
-3.2,False,113,13,364,1,2,Powell
-3.4,False,113,13,364,1,2,Powell
-3.6,False,113,13,364,1,2,Powell
-3.8,False,113,13,364,1,2,Powell
-4.0,False,113,13,364,1,2,Powell
-4.2,False,113,13,364,1,2,Powell
-4.4,False,113,13,364,1,2,Powell
-4.6,False,113,13,364,1,2,Powell
-4.8,False,113,13,364,1,2,Powell
-5.0,False,113,13,364,1,2,Powell
-5.2,False,113,13,364,1,2,Powell
-5.4,False,113,13,364,1,2,Powell
-5.6,False,113,13,364,1,2,Powell
-5.8,False,113,13,364,1,2,Powell
-6.0,False,113,13,364,1,2,Powell
-6.2,False,113,13,364,1,2,Powell
-6.4,False,113,13,364,1,2,Powell
-6.6,False,113,13,364,1,2,Powell
-6.8,False,113,13,364,1,2,Powell
-7.0,False,113,13,364,1,2,Powell
-7.2,False,113,13,364,1,2,Powell
-7.4,False,113,13,364,1,2,Powell
-7.6,False,113,13,364,1,2,Powell
-7.8,False,113,13,364,1,2,Powell
-8.0,False,113,13,364,1,2,Powell
2.0,True,3,13,365,1,2,Powell
1.8,True,6,13,365,1,2,Powell
1.6,True,6,13,365,1,2,Powell
1.4,True,8,13,365,1,2,Powell
1.2,True,8,13,365,1,2,Powell
1.0,True,8,13,365,1,2,Powell
0.8,True,8,13,365,1,2,Powell
0.6,True,20,13,365,1,2,Powell
0.4,False,75,13,365,1,2,Powell
0.2,False,75,13,365,1,2,Powell
0.0,False,75,13,365,1,2,Powell
-0.2,False,75,13,365,1,2,Powell
-0.4,False,75,13,365,1,2,Powell
-0.6,False,75,13,365,1,2,Powell
-0.8,False,75,13,365,1,2,Powell
-1.0,False,75,13,365,1,2,Powell
-1.2,False,75,13,365,1,2,Powell
-1.4,False,75,13,365,1,2,Powell
-1.6,False,75,13,365,1,2,Powell
-1.8,False,75,13,365,1,2,Powell
-2.0,False,75,13,365,1,2,Powell
-2.2,False,75,13,365,1,2,Powell
-2.4,False,75,13,365,1,2,Powell
-2.6,False,75,13,365,1,2,Powell
-2.8,False,75,13,365,1,2,Powell
-3.0,False,75,13,365,1,2,Powell
-3.2,False,75,13,365,1,2,Powell
-3.4,False,75,13,365,1,2,Powell
-3.6,False,75,13,365,1,2,Powell
-3.8,False,75,13,365,1,2,Powell
-4.0,False,75,13,365,1,2,Powell
-4.2,False,75,13,365,1,2,Powell
-4.4,False,75,13,365,1,2,Powell
-4.6,False,75,13,365,1,2,Powell
-4.8,False,75,13,365,1,2,Powell
-5.0,False,75,13,365,1,2,Powell
-5.2,False,75,13,365,1,2,Powell
-5.4,False,75,13,365,1,2,Powell
-5.6,False,75,13,365,1,2,Powell
-5.8,False,75,13,365,1,2,Powell
-6.0,False,75,13,365,1,2,Powell
-6.2,False,75,13,365,1,2,Powell
-6.4,False,75,13,365,1,2,Powell
-6.6,False,75,13,365,1,2,Powell
-6.8,False,75,13,365,1,2,Powell
-7.0,False,75,13,365,1,2,Powell
-7.2,False,75,13,365,1,2,Powell
-7.4,False,75,13,365,1,2,Powell
-7.6,False,75,13,365,1,2,Powell
-7.8,False,75,13,365,1,2,Powell
-8.0,False,75,13,365,1,2,Powell
2.0,True,4,13,366,1,2,Powell
1.8,True,4,13,366,1,2,Powell
1.6,True,9,13,366,1,2,Powell
1.4,True,12,13,366,1,2,Powell
1.2,True,12,13,366,1,2,Powell
1.0,True,22,13,366,1,2,Powell
0.8,False,111,13,366,1,2,Powell
0.6,False,111,13,366,1,2,Powell
0.4,False,111,13,366,1,2,Powell
0.2,False,111,13,366,1,2,Powell
0.0,False,111,13,366,1,2,Powell
-0.2,False,111,13,366,1,2,Powell
-0.4,False,111,13,366,1,2,Powell
-0.6,False,111,13,366,1,2,Powell
-0.8,False,111,13,366,1,2,Powell
-1.0,False,111,13,366,1,2,Powell
-1.2,False,111,13,366,1,2,Powell
-1.4,False,111,13,366,1,2,Powell
-1.6,False,111,13,366,1,2,Powell
-1.8,False,111,13,366,1,2,Powell
-2.0,False,111,13,366,1,2,Powell
-2.2,False,111,13,366,1,2,Powell
-2.4,False,111,13,366,1,2,Powell
-2.6,False,111,13,366,1,2,Powell
-2.8,False,111,13,366,1,2,Powell
-3.0,False,111,13,366,1,2,Powell
-3.2,False,111,13,366,1,2,Powell
-3.4,False,111,13,366,1,2,Powell
-3.6,False,111,13,366,1,2,Powell
-3.8,False,111,13,366,1,2,Powell
-4.0,False,111,13,366,1,2,Powell
-4.2,False,111,13,366,1,2,Powell
-4.4,False,111,13,366,1,2,Powell
-4.6,False,111,13,366,1,2,Powell
-4.8,False,111,13,366,1,2,Powell
-5.0,False,111,13,366,1,2,Powell
-5.2,False,111,13,366,1,2,Powell
-5.4,False,111,13,366,1,2,Powell
-5.6,False,111,13,366,1,2,Powell
-5.8,False,111,13,366,1,2,Powell
-6.0,False,111,13,366,1,2,Powell
-6.2,False,111,13,366,1,2,Powell
-6.4,False,111,13,366,1,2,Powell
-6.6,False,111,13,366,1,2,Powell
-6.8,False,111,13,366,1,2,Powell
-7.0,False,111,13,366,1,2,Powell
-7.2,False,111,13,366,1,2,Powell
-7.4,False,111,13,366,1,2,Powell
-7.6,False,111,13,366,1,2,Powell
-7.8,False,111,13,366,1,2,Powell
-8.0,False,111,13,366,1,2,Powell
2.0,True,6,13,367,1,2,Powell
1.8,True,8,13,367,1,2,Powell
1.6,True,8,13,367,1,2,Powell
1.4,True,8,13,367,1,2,Powell
1.2,True,8,13,367,1,2,Powell
1.0,True,8,13,367,1,2,Powell
0.8,True,10,13,367,1,2,Powell
0.6,True,11,13,367,1,2,Powell
0.4,True,11,13,367,1,2,Powell
0.2,False,86,13,367,1,2,Powell
0.0,False,86,13,367,1,2,Powell
-0.2,False,86,13,367,1,2,Powell
-0.4,False,86,13,367,1,2,Powell
-0.6,False,86,13,367,1,2,Powell
-0.8,False,86,13,367,1,2,Powell
-1.0,False,86,13,367,1,2,Powell
-1.2,False,86,13,367,1,2,Powell
-1.4,False,86,13,367,1,2,Powell
-1.6,False,86,13,367,1,2,Powell
-1.8,False,86,13,367,1,2,Powell
-2.0,False,86,13,367,1,2,Powell
-2.2,False,86,13,367,1,2,Powell
-2.4,False,86,13,367,1,2,Powell
-2.6,False,86,13,367,1,2,Powell
-2.8,False,86,13,367,1,2,Powell
-3.0,False,86,13,367,1,2,Powell
-3.2,False,86,13,367,1,2,Powell
-3.4,False,86,13,367,1,2,Powell
-3.6,False,86,13,367,1,2,Powell
-3.8,False,86,13,367,1,2,Powell
-4.0,False,86,13,367,1,2,Powell
-4.2,False,86,13,367,1,2,Powell
-4.4,False,86,13,367,1,2,Powell
-4.6,False,86,13,367,1,2,Powell
-4.8,False,86,13,367,1,2,Powell
-5.0,False,86,13,367,1,2,Powell
-5.2,False,86,13,367,1,2,Powell
-5.4,False,86,13,367,1,2,Powell
-5.6,False,86,13,367,1,2,Powell
-5.8,False,86,13,367,1,2,Powell
-6.0,False,86,13,367,1,2,Powell
-6.2,False,86,13,367,1,2,Powell
-6.4,False,86,13,367,1,2,Powell
-6.6,False,86,13,367,1,2,Powell
-6.8,False,86,13,367,1,2,Powell
-7.0,False,86,13,367,1,2,Powell
-7.2,False,86,13,367,1,2,Powell
-7.4,False,86,13,367,1,2,Powell
-7.6,False,86,13,367,1,2,Powell
-7.8,False,86,13,367,1,2,Powell
-8.0,False,86,13,367,1,2,Powell
2.0,True,4,13,368,1,2,Powell
1.8,True,4,13,368,1,2,Powell
1.6,True,8,13,368,1,2,Powell
1.4,True,8,13,368,1,2,Powell
1.2,True,18,13,368,1,2,Powell
1.0,False,100,13,368,1,2,Powell
0.8,False,100,13,368,1,2,Powell
0.6,False,100,13,368,1,2,Powell
0.4,False,100,13,368,1,2,Powell
0.2,False,100,13,368,1,2,Powell
0.0,False,100,13,368,1,2,Powell
-0.2,False,100,13,368,1,2,Powell
-0.4,False,100,13,368,1,2,Powell
-0.6,False,100,13,368,1,2,Powell
-0.8,False,100,13,368,1,2,Powell
-1.0,False,100,13,368,1,2,Powell
-1.2,False,100,13,368,1,2,Powell
-1.4,False,100,13,368,1,2,Powell
-1.6,False,100,13,368,1,2,Powell
-1.8,False,100,13,368,1,2,Powell
-2.0,False,100,13,368,1,2,Powell
-2.2,False,100,13,368,1,2,Powell
-2.4,False,100,13,368,1,2,Powell
-2.6,False,100,13,368,1,2,Powell
-2.8,False,100,13,368,1,2,Powell
-3.0,False,100,13,368,1,2,Powell
-3.2,False,100,13,368,1,2,Powell
-3.4,False,100,13,368,1,2,Powell
-3.6,False,100,13,368,1,2,Powell
-3.8,False,100,13,368,1,2,Powell
-4.0,False,100,13,368,1,2,Powell
-4.2,False,100,13,368,1,2,Powell
-4.4,False,100,13,368,1,2,Powell
-4.6,False,100,13,368,1,2,Powell
-4.8,False,100,13,368,1,2,Powell
-5.0,False,100,13,368,1,2,Powell
-5.2,False,100,13,368,1,2,Powell
-5.4,False,100,13,368,1,2,Powell
-5.6,False,100,13,368,1,2,Powell
-5.8,False,100,13,368,1,2,Powell
-6.0,False,100,13,368,1,2,Powell
-6.2,False,100,13,368,1,2,Powell
-6.4,False,100,13,368,1,2,Powell
-6.6,False,100,13,368,1,2,Powell
-6.8,False,100,13,368,1,2,Powell
-7.0,False,100,13,368,1,2,Powell
-7.2,False,100,13,368,1,2,Powell
-7.4,False,100,13,368,1,2,Powell
-7.6,False,100,13,368,1,2,Powell
-7.8,False,100,13,368,1,2,Powell
-8.0,False,100,13,368,1,2,Powell
2.0,False,167,13,369,1,2,Powell
1.8,False,167,13,369,1,2,Powell
1.6,False,167,13,369,1,2,Powell
1.4,False,167,13,369,1,2,Powell
1.2,False,167,13,369,1,2,Powell
1.0,False,167,13,369,1,2,Powell
0.8,False,167,13,369,1,2,Powell
0.6,False,167,13,369,1,2,Powell
0.4,False,167,13,369,1,2,Powell
0.2,False,167,13,369,1,2,Powell
0.0,False,167,13,369,1,2,Powell
-0.2,False,167,13,369,1,2,Powell
-0.4,False,167,13,369,1,2,Powell
-0.6,False,167,13,369,1,2,Powell
-0.8,False,167,13,369,1,2,Powell
-1.0,False,167,13,369,1,2,Powell
-1.2,False,167,13,369,1,2,Powell
-1.4,False,167,13,369,1,2,Powell
-1.6,False,167,13,369,1,2,Powell
-1.8,False,167,13,369,1,2,Powell
-2.0,False,167,13,369,1,2,Powell
-2.2,False,167,13,369,1,2,Powell
-2.4,False,167,13,369,1,2,Powell
-2.6,False,167,13,369,1,2,Powell
-2.8,False,167,13,369,1,2,Powell
-3.0,False,167,13,369,1,2,Powell
-3.2,False,167,13,369,1,2,Powell
-3.4,False,167,13,369,1,2,Powell
-3.6,False,167,13,369,1,2,Powell
-3.8,False,167,13,369,1,2,Powell
-4.0,False,167,13,369,1,2,Powell
-4.2,False,167,13,369,1,2,Powell
-4.4,False,167,13,369,1,2,Powell
-4.6,False,167,13,369,1,2,Powell
-4.8,False,167,13,369,1,2,Powell
-5.0,False,167,13,369,1,2,Powell
-5.2,False,167,13,369,1,2,Powell
-5.4,False,167,13,369,1,2,Powell
-5.6,False,167,13,369,1,2,Powell
-5.8,False,167,13,369,1,2,Powell
-6.0,False,167,13,369,1,2,Powell
-6.2,False,167,13,369,1,2,Powell
-6.4,False,167,13,369,1,2,Powell
-6.6,False,167,13,369,1,2,Powell
-6.8,False,167,13,369,1,2,Powell
-7.0,False,167,13,369,1,2,Powell
-7.2,False,167,13,369,1,2,Powell
-7.4,False,167,13,369,1,2,Powell
-7.6,False,167,13,369,1,2,Powell
-7.8,False,167,13,369,1,2,Powell
-8.0,False,167,13,369,1,2,Powell
2.0,True,4,13,370,1,2,Powell
1.8,True,4,13,370,1,2,Powell
1.6,True,4,13,370,1,2,Powell
1.4,True,4,13,370,1,2,Powell
1.2,True,11,13,370,1,2,Powell
1.0,False,182,13,370,1,2,Powell
0.8,False,182,13,370,1,2,Powell
0.6,False,182,13,370,1,2,Powell
0.4,False,182,13,370,1,2,Powell
0.2,False,182,13,370,1,2,Powell
0.0,False,182,13,370,1,2,Powell
-0.2,False,182,13,370,1,2,Powell
-0.4,False,182,13,370,1,2,Powell
-0.6,False,182,13,370,1,2,Powell
-0.8,False,182,13,370,1,2,Powell
-1.0,False,182,13,370,1,2,Powell
-1.2,False,182,13,370,1,2,Powell
-1.4,False,182,13,370,1,2,Powell
-1.6,False,182,13,370,1,2,Powell
-1.8,False,182,13,370,1,2,Powell
-2.0,False,182,13,370,1,2,Powell
-2.2,False,182,13,370,1,2,Powell
-2.4,False,182,13,370,1,2,Powell
-2.6,False,182,13,370,1,2,Powell
-2.8,False,182,13,370,1,2,Powell
-3.0,False,182,13,370,1,2,Powell
-3.2,False,182,13,370,1,2,Powell
-3.4,False,182,13,370,1,2,Powell
-3.6,False,182,13,370,1,2,Powell
-3.8,False,182,13,370,1,2,Powell
-4.0,False,182,13,370,1,2,Powell
-4.2,False,182,13,370,1,2,Powell
-4.4,False,182,13,370,1,2,Powell
-4.6,False,182,13,370,1,2,Powell
-4.8,False,182,13,370,1,2,Powell
-5.0,False,182,13,370,1,2,Powell
-5.2,False,182,13,370,1,2,Powell
-5.4,False,182,13,370,1,2,Powell
-5.6,False,182,13,370,1,2,Powell
-5.8,False,182,13,370,1,2,Powell
-6.0,False,182,13,370,1,2,Powell
-6.2,False,182,13,370,1,2,Powell
-6.4,False,182,13,370,1,2,Powell
-6.6,False,182,13,370,1,2,Powell
-6.8,False,182,13,370,1,2,Powell
-7.0,False,182,13,370,1,2,Powell
-7.2,False,182,13,370,1,2,Powell
-7.4,False,182,13,370,1,2,Powell
-7.6,False,182,13,370,1,2,Powell
-7.8,False,182,13,370,1,2,Powell
-8.0,False,182,13,370,1,2,Powell
2.0,True,10,13,371,1,2,Powell
1.8,True,11,13,371,1,2,Powell
1.6,True,11,13,371,1,2,Powell
1.4,True,11,13,371,1,2,Powell
1.2,True,15,13,371,1,2,Powell
1.0,True,15,13,371,1,2,Powell
0.8,True,24,13,371,1,2,Powell
0.6,False,180,13,371,1,2,Powell
0.4,False,180,13,371,1,2,Powell
0.2,False,180,13,371,1,2,Powell
0.0,False,180,13,371,1,2,Powell
-0.2,False,180,13,371,1,2,Powell
-0.4,False,180,13,371,1,2,Powell
-0.6,False,180,13,371,1,2,Powell
-0.8,False,180,13,371,1,2,Powell
-1.0,False,180,13,371,1,2,Powell
-1.2,False,180,13,371,1,2,Powell
-1.4,False,180,13,371,1,2,Powell
-1.6,False,180,13,371,1,2,Powell
-1.8,False,180,13,371,1,2,Powell
-2.0,False,180,13,371,1,2,Powell
-2.2,False,180,13,371,1,2,Powell
-2.4,False,180,13,371,1,2,Powell
-2.6,False,180,13,371,1,2,Powell
-2.8,False,180,13,371,1,2,Powell
-3.0,False,180,13,371,1,2,Powell
-3.2,False,180,13,371,1,2,Powell
-3.4,False,180,13,371,1,2,Powell
-3.6,False,180,13,371,1,2,Powell
-3.8,False,180,13,371,1,2,Powell
-4.0,False,180,13,371,1,2,Powell
-4.2,False,180,13,371,1,2,Powell
-4.4,False,180,13,371,1,2,Powell
-4.6,False,180,13,371,1,2,Powell
-4.8,False,180,13,371,1,2,Powell
-5.0,False,180,13,371,1,2,Powell
-5.2,False,180,13,371,1,2,Powell
-5.4,False,180,13,371,1,2,Powell
-5.6,False,180,13,371,1,2,Powell
-5.8,False,180,13,371,1,2,Powell
-6.0,False,180,13,371,1,2,Powell
-6.2,False,180,13,371,1,2,Powell
-6.4,False,180,13,371,1,2,Powell
-6.6,False,180,13,371,1,2,Powell
-6.8,False,180,13,371,1,2,Powell
-7.0,False,180,13,371,1,2,Powell
-7.2,False,180,13,371,1,2,Powell
-7.4,False,180,13,371,1,2,Powell
-7.6,False,180,13,371,1,2,Powell
-7.8,False,180,13,371,1,2,Powell
-8.0,False,180,13,371,1,2,Powell
2.0,True,1,13,372,1,2,Powell
1.8,True,1,13,372,1,2,Powell
1.6,True,1,13,372,1,2,Powell
1.4,True,6,13,372,1,2,Powell
1.2,True,8,13,372,1,2,Powell
1.0,True,8,13,372,1,2,Powell
0.8,False,93,13,372,1,2,Powell
0.6,False,93,13,372,1,2,Powell
0.4,False,93,13,372,1,2,Powell
0.2,False,93,13,372,1,2,Powell
0.0,False,93,13,372,1,2,Powell
-0.2,False,93,13,372,1,2,Powell
-0.4,False,93,13,372,1,2,Powell
-0.6,False,93,13,372,1,2,Powell
-0.8,False,93,13,372,1,2,Powell
-1.0,False,93,13,372,1,2,Powell
-1.2,False,93,13,372,1,2,Powell
-1.4,False,93,13,372,1,2,Powell
-1.6,False,93,13,372,1,2,Powell
-1.8,False,93,13,372,1,2,Powell
-2.0,False,93,13,372,1,2,Powell
-2.2,False,93,13,372,1,2,Powell
-2.4,False,93,13,372,1,2,Powell
-2.6,False,93,13,372,1,2,Powell
-2.8,False,93,13,372,1,2,Powell
-3.0,False,93,13,372,1,2,Powell
-3.2,False,93,13,372,1,2,Powell
-3.4,False,93,13,372,1,2,Powell
-3.6,False,93,13,372,1,2,Powell
-3.8,False,93,13,372,1,2,Powell
-4.0,False,93,13,372,1,2,Powell
-4.2,False,93,13,372,1,2,Powell
-4.4,False,93,13,372,1,2,Powell
-4.6,False,93,13,372,1,2,Powell
-4.8,False,93,13,372,1,2,Powell
-5.0,False,93,13,372,1,2,Powell
-5.2,False,93,13,372,1,2,Powell
-5.4,False,93,13,372,1,2,Powell
-5.6,False,93,13,372,1,2,Powell
-5.8,False,93,13,372,1,2,Powell
-6.0,False,93,13,372,1,2,Powell
-6.2,False,93,13,372,1,2,Powell
-6.4,False,93,13,372,1,2,Powell
-6.6,False,93,13,372,1,2,Powell
-6.8,False,93,13,372,1,2,Powell
-7.0,False,93,13,372,1,2,Powell
-7.2,False,93,13,372,1,2,Powell
-7.4,False,93,13,372,1,2,Powell
-7.6,False,93,13,372,1,2,Powell
-7.8,False,93,13,372,1,2,Powell
-8.0,False,93,13,372,1,2,Powell
2.0,True,6,13,373,1,2,Powell
1.8,True,6,13,373,1,2,Powell
1.6,True,6,13,373,1,2,Powell
1.4,True,6,13,373,1,2,Powell
1.2,True,6,13,373,1,2,Powell
1.0,True,9,13,373,1,2,Powell
0.8,True,10,13,373,1,2,Powell
0.6,False,85,13,373,1,2,Powell
0.4,False,85,13,373,1,2,Powell
0.2,False,85,13,373,1,2,Powell
0.0,False,85,13,373,1,2,Powell
-0.2,False,85,13,373,1,2,Powell
-0.4,False,85,13,373,1,2,Powell
-0.6,False,85,13,373,1,2,Powell
-0.8,False,85,13,373,1,2,Powell
-1.0,False,85,13,373,1,2,Powell
-1.2,False,85,13,373,1,2,Powell
-1.4,False,85,13,373,1,2,Powell
-1.6,False,85,13,373,1,2,Powell
-1.8,False,85,13,373,1,2,Powell
-2.0,False,85,13,373,1,2,Powell
-2.2,False,85,13,373,1,2,Powell
-2.4,False,85,13,373,1,2,Powell
-2.6,False,85,13,373,1,2,Powell
-2.8,False,85,13,373,1,2,Powell
-3.0,False,85,13,373,1,2,Powell
-3.2,False,85,13,373,1,2,Powell
-3.4,False,85,13,373,1,2,Powell
-3.6,False,85,13,373,1,2,Powell
-3.8,False,85,13,373,1,2,Powell
-4.0,False,85,13,373,1,2,Powell
-4.2,False,85,13,373,1,2,Powell
-4.4,False,85,13,373,1,2,Powell
-4.6,False,85,13,373,1,2,Powell
-4.8,False,85,13,373,1,2,Powell
-5.0,False,85,13,373,1,2,Powell
-5.2,False,85,13,373,1,2,Powell
-5.4,False,85,13,373,1,2,Powell
-5.6,False,85,13,373,1,2,Powell
-5.8,False,85,13,373,1,2,Powell
-6.0,False,85,13,373,1,2,Powell
-6.2,False,85,13,373,1,2,Powell
-6.4,False,85,13,373,1,2,Powell
-6.6,False,85,13,373,1,2,Powell
-6.8,False,85,13,373,1,2,Powell
-7.0,False,85,13,373,1,2,Powell
-7.2,False,85,13,373,1,2,Powell
-7.4,False,85,13,373,1,2,Powell
-7.6,False,85,13,373,1,2,Powell
-7.8,False,85,13,373,1,2,Powell
-8.0,False,85,13,373,1,2,Powell
2.0,True,9,13,374,1,2,Powell
1.8,True,13,13,374,1,2,Powell
1.6,False,85,13,374,1,2,Powell
1.4,False,85,13,374,1,2,Powell
1.2,False,85,13,374,1,2,Powell
1.0,False,85,13,374,1,2,Powell
0.8,False,85,13,374,1,2,Powell
0.6,False,85,13,374,1,2,Powell
0.4,False,85,13,374,1,2,Powell
0.2,False,85,13,374,1,2,Powell
0.0,False,85,13,374,1,2,Powell
-0.2,False,85,13,374,1,2,Powell
-0.4,False,85,13,374,1,2,Powell
-0.6,False,85,13,374,1,2,Powell
-0.8,False,85,13,374,1,2,Powell
-1.0,False,85,13,374,1,2,Powell
-1.2,False,85,13,374,1,2,Powell
-1.4,False,85,13,374,1,2,Powell
-1.6,False,85,13,374,1,2,Powell
-1.8,False,85,13,374,1,2,Powell
-2.0,False,85,13,374,1,2,Powell
-2.2,False,85,13,374,1,2,Powell
-2.4,False,85,13,374,1,2,Powell
-2.6,False,85,13,374,1,2,Powell
-2.8,False,85,13,374,1,2,Powell
-3.0,False,85,13,374,1,2,Powell
-3.2,False,85,13,374,1,2,Powell
-3.4,False,85,13,374,1,2,Powell
-3.6,False,85,13,374,1,2,Powell
-3.8,False,85,13,374,1,2,Powell
-4.0,False,85,13,374,1,2,Powell
-4.2,False,85,13,374,1,2,Powell
-4.4,False,85,13,374,1,2,Powell
-4.6,False,85,13,374,1,2,Powell
-4.8,False,85,13,374,1,2,Powell
-5.0,False,85,13,374,1,2,Powell
-5.2,False,85,13,374,1,2,Powell
-5.4,False,85,13,374,1,2,Powell
-5.6,False,85,13,374,1,2,Powell
-5.8,False,85,13,374,1,2,Powell
-6.0,False,85,13,374,1,2,Powell
-6.2,False,85,13,374,1,2,Powell
-6.4,False,85,13,374,1,2,Powell
-6.6,False,85,13,374,1,2,Powell
-6.8,False,85,13,374,1,2,Powell
-7.0,False,85,13,374,1,2,Powell
-7.2,False,85,13,374,1,2,Powell
-7.4,False,85,13,374,1,2,Powell
-7.6,False,85,13,374,1,2,Powell
-7.8,False,85,13,374,1,2,Powell
-8.0,False,85,13,374,1,2,Powell
2.0,True,9,13,375,1,2,Powell
1.8,True,12,13,375,1,2,Powell
1.6,True,12,13,375,1,2,Powell
1.4,True,22,13,375,1,2,Powell
1.2,False,143,13,375,1,2,Powell
1.0,False,143,13,375,1,2,Powell
0.8,False,143,13,375,1,2,Powell
0.6,False,143,13,375,1,2,Powell
0.4,False,143,13,375,1,2,Powell
0.2,False,143,13,375,1,2,Powell
0.0,False,143,13,375,1,2,Powell
-0.2,False,143,13,375,1,2,Powell
-0.4,False,143,13,375,1,2,Powell
-0.6,False,143,13,375,1,2,Powell
-0.8,False,143,13,375,1,2,Powell
-1.0,False,143,13,375,1,2,Powell
-1.2,False,143,13,375,1,2,Powell
-1.4,False,143,13,375,1,2,Powell
-1.6,False,143,13,375,1,2,Powell
-1.8,False,143,13,375,1,2,Powell
-2.0,False,143,13,375,1,2,Powell
-2.2,False,143,13,375,1,2,Powell
-2.4,False,143,13,375,1,2,Powell
-2.6,False,143,13,375,1,2,Powell
-2.8,False,143,13,375,1,2,Powell
-3.0,False,143,13,375,1,2,Powell
-3.2,False,143,13,375,1,2,Powell
-3.4,False,143,13,375,1,2,Powell
-3.6,False,143,13,375,1,2,Powell
-3.8,False,143,13,375,1,2,Powell
-4.0,False,143,13,375,1,2,Powell
-4.2,False,143,13,375,1,2,Powell
-4.4,False,143,13,375,1,2,Powell
-4.6,False,143,13,375,1,2,Powell
-4.8,False,143,13,375,1,2,Powell
-5.0,False,143,13,375,1,2,Powell
-5.2,False,143,13,375,1,2,Powell
-5.4,False,143,13,375,1,2,Powell
-5.6,False,143,13,375,1,2,Powell
-5.8,False,143,13,375,1,2,Powell
-6.0,False,143,13,375,1,2,Powell
-6.2,False,143,13,375,1,2,Powell
-6.4,False,143,13,375,1,2,Powell
-6.6,False,143,13,375,1,2,Powell
-6.8,False,143,13,375,1,2,Powell
-7.0,False,143,13,375,1,2,Powell
-7.2,False,143,13,375,1,2,Powell
-7.4,False,143,13,375,1,2,Powell
-7.6,False,143,13,375,1,2,Powell
-7.8,False,143,13,375,1,2,Powell
-8.0,False,143,13,375,1,2,Powell
2.0,True,11,13,376,1,2,Powell
1.8,True,11,13,376,1,2,Powell
1.6,True,11,13,376,1,2,Powell
1.4,True,11,13,376,1,2,Powell
1.2,True,13,13,376,1,2,Powell
1.0,True,13,13,376,1,2,Powell
0.8,True,15,13,376,1,2,Powell
0.6,True,15,13,376,1,2,Powell
0.4,True,15,13,376,1,2,Powell
0.2,True,15,13,376,1,2,Powell
0.0,True,15,13,376,1,2,Powell
-0.2,True,26,13,376,1,2,Powell
-0.4,True,26,13,376,1,2,Powell
-0.6,False,106,13,376,1,2,Powell
-0.8,False,106,13,376,1,2,Powell
-1.0,False,106,13,376,1,2,Powell
-1.2,False,106,13,376,1,2,Powell
-1.4,False,106,13,376,1,2,Powell
-1.6,False,106,13,376,1,2,Powell
-1.8,False,106,13,376,1,2,Powell
-2.0,False,106,13,376,1,2,Powell
-2.2,False,106,13,376,1,2,Powell
-2.4,False,106,13,376,1,2,Powell
-2.6,False,106,13,376,1,2,Powell
-2.8,False,106,13,376,1,2,Powell
-3.0,False,106,13,376,1,2,Powell
-3.2,False,106,13,376,1,2,Powell
-3.4,False,106,13,376,1,2,Powell
-3.6,False,106,13,376,1,2,Powell
-3.8,False,106,13,376,1,2,Powell
-4.0,False,106,13,376,1,2,Powell
-4.2,False,106,13,376,1,2,Powell
-4.4,False,106,13,376,1,2,Powell
-4.6,False,106,13,376,1,2,Powell
-4.8,False,106,13,376,1,2,Powell
-5.0,False,106,13,376,1,2,Powell
-5.2,False,106,13,376,1,2,Powell
-5.4,False,106,13,376,1,2,Powell
-5.6,False,106,13,376,1,2,Powell
-5.8,False,106,13,376,1,2,Powell
-6.0,False,106,13,376,1,2,Powell
-6.2,False,106,13,376,1,2,Powell
-6.4,False,106,13,376,1,2,Powell
-6.6,False,106,13,376,1,2,Powell
-6.8,False,106,13,376,1,2,Powell
-7.0,False,106,13,376,1,2,Powell
-7.2,False,106,13,376,1,2,Powell
-7.4,False,106,13,376,1,2,Powell
-7.6,False,106,13,376,1,2,Powell
-7.8,False,106,13,376,1,2,Powell
-8.0,False,106,13,376,1,2,Powell
2.0,True,1,13,377,1,2,Powell
1.8,True,3,13,377,1,2,Powell
1.6,True,3,13,377,1,2,Powell
1.4,True,5,13,377,1,2,Powell
1.2,True,5,13,377,1,2,Powell
1.0,True,7,13,377,1,2,Powell
0.8,True,9,13,377,1,2,Powell
0.6,False,83,13,377,1,2,Powell
0.4,False,83,13,377,1,2,Powell
0.2,False,83,13,377,1,2,Powell
0.0,False,83,13,377,1,2,Powell
-0.2,False,83,13,377,1,2,Powell
-0.4,False,83,13,377,1,2,Powell
-0.6,False,83,13,377,1,2,Powell
-0.8,False,83,13,377,1,2,Powell
-1.0,False,83,13,377,1,2,Powell
-1.2,False,83,13,377,1,2,Powell
-1.4,False,83,13,377,1,2,Powell
-1.6,False,83,13,377,1,2,Powell
-1.8,False,83,13,377,1,2,Powell
-2.0,False,83,13,377,1,2,Powell
-2.2,False,83,13,377,1,2,Powell
-2.4,False,83,13,377,1,2,Powell
-2.6,False,83,13,377,1,2,Powell
-2.8,False,83,13,377,1,2,Powell
-3.0,False,83,13,377,1,2,Powell
-3.2,False,83,13,377,1,2,Powell
-3.4,False,83,13,377,1,2,Powell
-3.6,False,83,13,377,1,2,Powell
-3.8,False,83,13,377,1,2,Powell
-4.0,False,83,13,377,1,2,Powell
-4.2,False,83,13,377,1,2,Powell
-4.4,False,83,13,377,1,2,Powell
-4.6,False,83,13,377,1,2,Powell
-4.8,False,83,13,377,1,2,Powell
-5.0,False,83,13,377,1,2,Powell
-5.2,False,83,13,377,1,2,Powell
-5.4,False,83,13,377,1,2,Powell
-5.6,False,83,13,377,1,2,Powell
-5.8,False,83,13,377,1,2,Powell
-6.0,False,83,13,377,1,2,Powell
-6.2,False,83,13,377,1,2,Powell
-6.4,False,83,13,377,1,2,Powell
-6.6,False,83,13,377,1,2,Powell
-6.8,False,83,13,377,1,2,Powell
-7.0,False,83,13,377,1,2,Powell
-7.2,False,83,13,377,1,2,Powell
-7.4,False,83,13,377,1,2,Powell
-7.6,False,83,13,377,1,2,Powell
-7.8,False,83,13,377,1,2,Powell
-8.0,False,83,13,377,1,2,Powell
2.0,True,10,13,378,1,2,Powell
1.8,True,10,13,378,1,2,Powell
1.6,True,10,13,378,1,2,Powell
1.4,False,112,13,378,1,2,Powell
1.2,False,112,13,378,1,2,Powell
1.0,False,112,13,378,1,2,Powell
0.8,False,112,13,378,1,2,Powell
0.6,False,112,13,378,1,2,Powell
0.4,False,112,13,378,1,2,Powell
0.2,False,112,13,378,1,2,Powell
0.0,False,112,13,378,1,2,Powell
-0.2,False,112,13,378,1,2,Powell
-0.4,False,112,13,378,1,2,Powell
-0.6,False,112,13,378,1,2,Powell
-0.8,False,112,13,378,1,2,Powell
-1.0,False,112,13,378,1,2,Powell
-1.2,False,112,13,378,1,2,Powell
-1.4,False,112,13,378,1,2,Powell
-1.6,False,112,13,378,1,2,Powell
-1.8,False,112,13,378,1,2,Powell
-2.0,False,112,13,378,1,2,Powell
-2.2,False,112,13,378,1,2,Powell
-2.4,False,112,13,378,1,2,Powell
-2.6,False,112,13,378,1,2,Powell
-2.8,False,112,13,378,1,2,Powell
-3.0,False,112,13,378,1,2,Powell
-3.2,False,112,13,378,1,2,Powell
-3.4,False,112,13,378,1,2,Powell
-3.6,False,112,13,378,1,2,Powell
-3.8,False,112,13,378,1,2,Powell
-4.0,False,112,13,378,1,2,Powell
-4.2,False,112,13,378,1,2,Powell
-4.4,False,112,13,378,1,2,Powell
-4.6,False,112,13,378,1,2,Powell
-4.8,False,112,13,378,1,2,Powell
-5.0,False,112,13,378,1,2,Powell
-5.2,False,112,13,378,1,2,Powell
-5.4,False,112,13,378,1,2,Powell
-5.6,False,112,13,378,1,2,Powell
-5.8,False,112,13,378,1,2,Powell
-6.0,False,112,13,378,1,2,Powell
-6.2,False,112,13,378,1,2,Powell
-6.4,False,112,13,378,1,2,Powell
-6.6,False,112,13,378,1,2,Powell
-6.8,False,112,13,378,1,2,Powell
-7.0,False,112,13,378,1,2,Powell
-7.2,False,112,13,378,1,2,Powell
-7.4,False,112,13,378,1,2,Powell
-7.6,False,112,13,378,1,2,Powell
-7.8,False,112,13,378,1,2,Powell
-8.0,False,112,13,378,1,2,Powell
2.0,True,3,13,379,1,2,Powell
1.8,True,6,13,379,1,2,Powell
1.6,True,6,13,379,1,2,Powell
1.4,True,6,13,379,1,2,Powell
1.2,True,9,13,379,1,2,Powell
1.0,True,25,13,379,1,2,Powell
0.8,False,110,13,379,1,2,Powell
0.6,False,110,13,379,1,2,Powell
0.4,False,110,13,379,1,2,Powell
0.2,False,110,13,379,1,2,Powell
0.0,False,110,13,379,1,2,Powell
-0.2,False,110,13,379,1,2,Powell
-0.4,False,110,13,379,1,2,Powell
-0.6,False,110,13,379,1,2,Powell
-0.8,False,110,13,379,1,2,Powell
-1.0,False,110,13,379,1,2,Powell
-1.2,False,110,13,379,1,2,Powell
-1.4,False,110,13,379,1,2,Powell
-1.6,False,110,13,379,1,2,Powell
-1.8,False,110,13,379,1,2,Powell
-2.0,False,110,13,379,1,2,Powell
-2.2,False,110,13,379,1,2,Powell
-2.4,False,110,13,379,1,2,Powell
-2.6,False,110,13,379,1,2,Powell
-2.8,False,110,13,379,1,2,Powell
-3.0,False,110,13,379,1,2,Powell
-3.2,False,110,13,379,1,2,Powell
-3.4,False,110,13,379,1,2,Powell
-3.6,False,110,13,379,1,2,Powell
-3.8,False,110,13,379,1,2,Powell
-4.0,False,110,13,379,1,2,Powell
-4.2,False,110,13,379,1,2,Powell
-4.4,False,110,13,379,1,2,Powell
-4.6,False,110,13,379,1,2,Powell
-4.8,False,110,13,379,1,2,Powell
-5.0,False,110,13,379,1,2,Powell
-5.2,False,110,13,379,1,2,Powell
-5.4,False,110,13,379,1,2,Powell
-5.6,False,110,13,379,1,2,Powell
-5.8,False,110,13,379,1,2,Powell
-6.0,False,110,13,379,1,2,Powell
-6.2,False,110,13,379,1,2,Powell
-6.4,False,110,13,379,1,2,Powell
-6.6,False,110,13,379,1,2,Powell
-6.8,False,110,13,379,1,2,Powell
-7.0,False,110,13,379,1,2,Powell
-7.2,False,110,13,379,1,2,Powell
-7.4,False,110,13,379,1,2,Powell
-7.6,False,110,13,379,1,2,Powell
-7.8,False,110,13,379,1,2,Powell
-8.0,False,110,13,379,1,2,Powell
2.0,True,10,13,380,1,2,Powell
1.8,True,10,13,380,1,2,Powell
1.6,True,12,13,380,1,2,Powell
1.4,True,12,13,380,1,2,Powell
1.2,True,14,13,380,1,2,Powell
1.0,False,98,13,380,1,2,Powell
0.8,False,98,13,380,1,2,Powell
0.6,False,98,13,380,1,2,Powell
0.4,False,98,13,380,1,2,Powell
0.2,False,98,13,380,1,2,Powell
0.0,False,98,13,380,1,2,Powell
-0.2,False,98,13,380,1,2,Powell
-0.4,False,98,13,380,1,2,Powell
-0.6,False,98,13,380,1,2,Powell
-0.8,False,98,13,380,1,2,Powell
-1.0,False,98,13,380,1,2,Powell
-1.2,False,98,13,380,1,2,Powell
-1.4,False,98,13,380,1,2,Powell
-1.6,False,98,13,380,1,2,Powell
-1.8,False,98,13,380,1,2,Powell
-2.0,False,98,13,380,1,2,Powell
-2.2,False,98,13,380,1,2,Powell
-2.4,False,98,13,380,1,2,Powell
-2.6,False,98,13,380,1,2,Powell
-2.8,False,98,13,380,1,2,Powell
-3.0,False,98,13,380,1,2,Powell
-3.2,False,98,13,380,1,2,Powell
-3.4,False,98,13,380,1,2,Powell
-3.6,False,98,13,380,1,2,Powell
-3.8,False,98,13,380,1,2,Powell
-4.0,False,98,13,380,1,2,Powell
-4.2,False,98,13,380,1,2,Powell
-4.4,False,98,13,380,1,2,Powell
-4.6,False,98,13,380,1,2,Powell
-4.8,False,98,13,380,1,2,Powell
-5.0,False,98,13,380,1,2,Powell
-5.2,False,98,13,380,1,2,Powell
-5.4,False,98,13,380,1,2,Powell
-5.6,False,98,13,380,1,2,Powell
-5.8,False,98,13,380,1,2,Powell
-6.0,False,98,13,380,1,2,Powell
-6.2,False,98,13,380,1,2,Powell
-6.4,False,98,13,380,1,2,Powell
-6.6,False,98,13,380,1,2,Powell
-6.8,False,98,13,380,1,2,Powell
-7.0,False,98,13,380,1,2,Powell
-7.2,False,98,13,380,1,2,Powell
-7.4,False,98,13,380,1,2,Powell
-7.6,False,98,13,380,1,2,Powell
-7.8,False,98,13,380,1,2,Powell
-8.0,False,98,13,380,1,2,Powell
2.0,True,3,13,381,1,2,Powell
1.8,True,3,13,381,1,2,Powell
1.6,True,4,13,381,1,2,Powell
1.4,True,5,13,381,1,2,Powell
1.2,True,5,13,381,1,2,Powell
1.0,True,5,13,381,1,2,Powell
0.8,True,8,13,381,1,2,Powell
0.6,True,8,13,381,1,2,Powell
0.4,True,11,13,381,1,2,Powell
0.2,False,110,13,381,1,2,Powell
0.0,False,110,13,381,1,2,Powell
-0.2,False,110,13,381,1,2,Powell
-0.4,False,110,13,381,1,2,Powell
-0.6,False,110,13,381,1,2,Powell
-0.8,False,110,13,381,1,2,Powell
-1.0,False,110,13,381,1,2,Powell
-1.2,False,110,13,381,1,2,Powell
-1.4,False,110,13,381,1,2,Powell
-1.6,False,110,13,381,1,2,Powell
-1.8,False,110,13,381,1,2,Powell
-2.0,False,110,13,381,1,2,Powell
-2.2,False,110,13,381,1,2,Powell
-2.4,False,110,13,381,1,2,Powell
-2.6,False,110,13,381,1,2,Powell
-2.8,False,110,13,381,1,2,Powell
-3.0,False,110,13,381,1,2,Powell
-3.2,False,110,13,381,1,2,Powell
-3.4,False,110,13,381,1,2,Powell
-3.6,False,110,13,381,1,2,Powell
-3.8,False,110,13,381,1,2,Powell
-4.0,False,110,13,381,1,2,Powell
-4.2,False,110,13,381,1,2,Powell
-4.4,False,110,13,381,1,2,Powell
-4.6,False,110,13,381,1,2,Powell
-4.8,False,110,13,381,1,2,Powell
-5.0,False,110,13,381,1,2,Powell
-5.2,False,110,13,381,1,2,Powell
-5.4,False,110,13,381,1,2,Powell
-5.6,False,110,13,381,1,2,Powell
-5.8,False,110,13,381,1,2,Powell
-6.0,False,110,13,381,1,2,Powell
-6.2,False,110,13,381,1,2,Powell
-6.4,False,110,13,381,1,2,Powell
-6.6,False,110,13,381,1,2,Powell
-6.8,False,110,13,381,1,2,Powell
-7.0,False,110,13,381,1,2,Powell
-7.2,False,110,13,381,1,2,Powell
-7.4,False,110,13,381,1,2,Powell
-7.6,False,110,13,381,1,2,Powell
-7.8,False,110,13,381,1,2,Powell
-8.0,False,110,13,381,1,2,Powell
2.0,True,1,13,382,1,2,Powell
1.8,True,1,13,382,1,2,Powell
1.6,True,1,13,382,1,2,Powell
1.4,True,1,13,382,1,2,Powell
1.2,True,7,13,382,1,2,Powell
1.0,True,8,13,382,1,2,Powell
0.8,True,8,13,382,1,2,Powell
0.6,True,9,13,382,1,2,Powell
0.4,True,10,13,382,1,2,Powell
0.2,True,10,13,382,1,2,Powell
0.0,True,10,13,382,1,2,Powell
-0.2,True,12,13,382,1,2,Powell
-0.4,True,12,13,382,1,2,Powell
-0.6,True,12,13,382,1,2,Powell
-0.8,True,14,13,382,1,2,Powell
-1.0,True,14,13,382,1,2,Powell
-1.2,True,14,13,382,1,2,Powell
-1.4,True,28,13,382,1,2,Powell
-1.6,True,28,13,382,1,2,Powell
-1.8,True,28,13,382,1,2,Powell
-2.0,True,31,13,382,1,2,Powell
-2.2,False,93,13,382,1,2,Powell
-2.4,False,93,13,382,1,2,Powell
-2.6,False,93,13,382,1,2,Powell
-2.8,False,93,13,382,1,2,Powell
-3.0,False,93,13,382,1,2,Powell
-3.2,False,93,13,382,1,2,Powell
-3.4,False,93,13,382,1,2,Powell
-3.6,False,93,13,382,1,2,Powell
-3.8,False,93,13,382,1,2,Powell
-4.0,False,93,13,382,1,2,Powell
-4.2,False,93,13,382,1,2,Powell
-4.4,False,93,13,382,1,2,Powell
-4.6,False,93,13,382,1,2,Powell
-4.8,False,93,13,382,1,2,Powell
-5.0,False,93,13,382,1,2,Powell
-5.2,False,93,13,382,1,2,Powell
-5.4,False,93,13,382,1,2,Powell
-5.6,False,93,13,382,1,2,Powell
-5.8,False,93,13,382,1,2,Powell
-6.0,False,93,13,382,1,2,Powell
-6.2,False,93,13,382,1,2,Powell
-6.4,False,93,13,382,1,2,Powell
-6.6,False,93,13,382,1,2,Powell
-6.8,False,93,13,382,1,2,Powell
-7.0,False,93,13,382,1,2,Powell
-7.2,False,93,13,382,1,2,Powell
-7.4,False,93,13,382,1,2,Powell
-7.6,False,93,13,382,1,2,Powell
-7.8,False,93,13,382,1,2,Powell
-8.0,False,93,13,382,1,2,Powell
2.0,False,96,13,383,1,2,Powell
1.8,False,96,13,383,1,2,Powell
1.6,False,96,13,383,1,2,Powell
1.4,False,96,13,383,1,2,Powell
1.2,False,96,13,383,1,2,Powell
1.0,False,96,13,383,1,2,Powell
0.8,False,96,13,383,1,2,Powell
0.6,False,96,13,383,1,2,Powell
0.4,False,96,13,383,1,2,Powell
0.2,False,96,13,383,1,2,Powell
0.0,False,96,13,383,1,2,Powell
-0.2,False,96,13,383,1,2,Powell
-0.4,False,96,13,383,1,2,Powell
-0.6,False,96,13,383,1,2,Powell
-0.8,False,96,13,383,1,2,Powell
-1.0,False,96,13,383,1,2,Powell
-1.2,False,96,13,383,1,2,Powell
-1.4,False,96,13,383,1,2,Powell
-1.6,False,96,13,383,1,2,Powell
-1.8,False,96,13,383,1,2,Powell
-2.0,False,96,13,383,1,2,Powell
-2.2,False,96,13,383,1,2,Powell
-2.4,False,96,13,383,1,2,Powell
-2.6,False,96,13,383,1,2,Powell
-2.8,False,96,13,383,1,2,Powell
-3.0,False,96,13,383,1,2,Powell
-3.2,False,96,13,383,1,2,Powell
-3.4,False,96,13,383,1,2,Powell
-3.6,False,96,13,383,1,2,Powell
-3.8,False,96,13,383,1,2,Powell
-4.0,False,96,13,383,1,2,Powell
-4.2,False,96,13,383,1,2,Powell
-4.4,False,96,13,383,1,2,Powell
-4.6,False,96,13,383,1,2,Powell
-4.8,False,96,13,383,1,2,Powell
-5.0,False,96,13,383,1,2,Powell
-5.2,False,96,13,383,1,2,Powell
-5.4,False,96,13,383,1,2,Powell
-5.6,False,96,13,383,1,2,Powell
-5.8,False,96,13,383,1,2,Powell
-6.0,False,96,13,383,1,2,Powell
-6.2,False,96,13,383,1,2,Powell
-6.4,False,96,13,383,1,2,Powell
-6.6,False,96,13,383,1,2,Powell
-6.8,False,96,13,383,1,2,Powell
-7.0,False,96,13,383,1,2,Powell
-7.2,False,96,13,383,1,2,Powell
-7.4,False,96,13,383,1,2,Powell
-7.6,False,96,13,383,1,2,Powell
-7.8,False,96,13,383,1,2,Powell
-8.0,False,96,13,383,1,2,Powell
2.0,True,8,13,384,1,2,Powell
1.8,True,8,13,384,1,2,Powell
1.6,True,20,13,384,1,2,Powell
1.4,False,77,13,384,1,2,Powell
1.2,False,77,13,384,1,2,Powell
1.0,False,77,13,384,1,2,Powell
0.8,False,77,13,384,1,2,Powell
0.6,False,77,13,384,1,2,Powell
0.4,False,77,13,384,1,2,Powell
0.2,False,77,13,384,1,2,Powell
0.0,False,77,13,384,1,2,Powell
-0.2,False,77,13,384,1,2,Powell
-0.4,False,77,13,384,1,2,Powell
-0.6,False,77,13,384,1,2,Powell
-0.8,False,77,13,384,1,2,Powell
-1.0,False,77,13,384,1,2,Powell
-1.2,False,77,13,384,1,2,Powell
-1.4,False,77,13,384,1,2,Powell
-1.6,False,77,13,384,1,2,Powell
-1.8,False,77,13,384,1,2,Powell
-2.0,False,77,13,384,1,2,Powell
-2.2,False,77,13,384,1,2,Powell
-2.4,False,77,13,384,1,2,Powell
-2.6,False,77,13,384,1,2,Powell
-2.8,False,77,13,384,1,2,Powell
-3.0,False,77,13,384,1,2,Powell
-3.2,False,77,13,384,1,2,Powell
-3.4,False,77,13,384,1,2,Powell
-3.6,False,77,13,384,1,2,Powell
-3.8,False,77,13,384,1,2,Powell
-4.0,False,77,13,384,1,2,Powell
-4.2,False,77,13,384,1,2,Powell
-4.4,False,77,13,384,1,2,Powell
-4.6,False,77,13,384,1,2,Powell
-4.8,False,77,13,384,1,2,Powell
-5.0,False,77,13,384,1,2,Powell
-5.2,False,77,13,384,1,2,Powell
-5.4,False,77,13,384,1,2,Powell
-5.6,False,77,13,384,1,2,Powell
-5.8,False,77,13,384,1,2,Powell
-6.0,False,77,13,384,1,2,Powell
-6.2,False,77,13,384,1,2,Powell
-6.4,False,77,13,384,1,2,Powell
-6.6,False,77,13,384,1,2,Powell
-6.8,False,77,13,384,1,2,Powell
-7.0,False,77,13,384,1,2,Powell
-7.2,False,77,13,384,1,2,Powell
-7.4,False,77,13,384,1,2,Powell
-7.6,False,77,13,384,1,2,Powell
-7.8,False,77,13,384,1,2,Powell
-8.0,False,77,13,384,1,2,Powell
2.0,True,1,13,385,1,2,Powell
1.8,True,1,13,385,1,2,Powell
1.6,True,7,13,385,1,2,Powell
1.4,True,7,13,385,1,2,Powell
1.2,True,7,13,385,1,2,Powell
1.0,True,7,13,385,1,2,Powell
0.8,True,7,13,385,1,2,Powell
0.6,True,7,13,385,1,2,Powell
0.4,True,10,13,385,1,2,Powell
0.2,True,10,13,385,1,2,Powell
0.0,True,10,13,385,1,2,Powell
-0.2,True,10,13,385,1,2,Powell
-0.4,True,10,13,385,1,2,Powell
-0.6,True,10,13,385,1,2,Powell
-0.8,False,115,13,385,1,2,Powell
-1.0,False,115,13,385,1,2,Powell
-1.2,False,115,13,385,1,2,Powell
-1.4,False,115,13,385,1,2,Powell
-1.6,False,115,13,385,1,2,Powell
-1.8,False,115,13,385,1,2,Powell
-2.0,False,115,13,385,1,2,Powell
-2.2,False,115,13,385,1,2,Powell
-2.4,False,115,13,385,1,2,Powell
-2.6,False,115,13,385,1,2,Powell
-2.8,False,115,13,385,1,2,Powell
-3.0,False,115,13,385,1,2,Powell
-3.2,False,115,13,385,1,2,Powell
-3.4,False,115,13,385,1,2,Powell
-3.6,False,115,13,385,1,2,Powell
-3.8,False,115,13,385,1,2,Powell
-4.0,False,115,13,385,1,2,Powell
-4.2,False,115,13,385,1,2,Powell
-4.4,False,115,13,385,1,2,Powell
-4.6,False,115,13,385,1,2,Powell
-4.8,False,115,13,385,1,2,Powell
-5.0,False,115,13,385,1,2,Powell
-5.2,False,115,13,385,1,2,Powell
-5.4,False,115,13,385,1,2,Powell
-5.6,False,115,13,385,1,2,Powell
-5.8,False,115,13,385,1,2,Powell
-6.0,False,115,13,385,1,2,Powell
-6.2,False,115,13,385,1,2,Powell
-6.4,False,115,13,385,1,2,Powell
-6.6,False,115,13,385,1,2,Powell
-6.8,False,115,13,385,1,2,Powell
-7.0,False,115,13,385,1,2,Powell
-7.2,False,115,13,385,1,2,Powell
-7.4,False,115,13,385,1,2,Powell
-7.6,False,115,13,385,1,2,Powell
-7.8,False,115,13,385,1,2,Powell
-8.0,False,115,13,385,1,2,Powell
2.0,True,8,13,386,1,2,Powell
1.8,True,9,13,386,1,2,Powell
1.6,True,11,13,386,1,2,Powell
1.4,True,11,13,386,1,2,Powell
1.2,True,11,13,386,1,2,Powell
1.0,True,11,13,386,1,2,Powell
0.8,True,21,13,386,1,2,Powell
0.6,False,112,13,386,1,2,Powell
0.4,False,112,13,386,1,2,Powell
0.2,False,112,13,386,1,2,Powell
0.0,False,112,13,386,1,2,Powell
-0.2,False,112,13,386,1,2,Powell
-0.4,False,112,13,386,1,2,Powell
-0.6,False,112,13,386,1,2,Powell
-0.8,False,112,13,386,1,2,Powell
-1.0,False,112,13,386,1,2,Powell
-1.2,False,112,13,386,1,2,Powell
-1.4,False,112,13,386,1,2,Powell
-1.6,False,112,13,386,1,2,Powell
-1.8,False,112,13,386,1,2,Powell
-2.0,False,112,13,386,1,2,Powell
-2.2,False,112,13,386,1,2,Powell
-2.4,False,112,13,386,1,2,Powell
-2.6,False,112,13,386,1,2,Powell
-2.8,False,112,13,386,1,2,Powell
-3.0,False,112,13,386,1,2,Powell
-3.2,False,112,13,386,1,2,Powell
-3.4,False,112,13,386,1,2,Powell
-3.6,False,112,13,386,1,2,Powell
-3.8,False,112,13,386,1,2,Powell
-4.0,False,112,13,386,1,2,Powell
-4.2,False,112,13,386,1,2,Powell
-4.4,False,112,13,386,1,2,Powell
-4.6,False,112,13,386,1,2,Powell
-4.8,False,112,13,386,1,2,Powell
-5.0,False,112,13,386,1,2,Powell
-5.2,False,112,13,386,1,2,Powell
-5.4,False,112,13,386,1,2,Powell
-5.6,False,112,13,386,1,2,Powell
-5.8,False,112,13,386,1,2,Powell
-6.0,False,112,13,386,1,2,Powell
-6.2,False,112,13,386,1,2,Powell
-6.4,False,112,13,386,1,2,Powell
-6.6,False,112,13,386,1,2,Powell
-6.8,False,112,13,386,1,2,Powell
-7.0,False,112,13,386,1,2,Powell
-7.2,False,112,13,386,1,2,Powell
-7.4,False,112,13,386,1,2,Powell
-7.6,False,112,13,386,1,2,Powell
-7.8,False,112,13,386,1,2,Powell
-8.0,False,112,13,386,1,2,Powell
2.0,False,86,13,387,1,2,Powell
1.8,False,86,13,387,1,2,Powell
1.6,False,86,13,387,1,2,Powell
1.4,False,86,13,387,1,2,Powell
1.2,False,86,13,387,1,2,Powell
1.0,False,86,13,387,1,2,Powell
0.8,False,86,13,387,1,2,Powell
0.6,False,86,13,387,1,2,Powell
0.4,False,86,13,387,1,2,Powell
0.2,False,86,13,387,1,2,Powell
0.0,False,86,13,387,1,2,Powell
-0.2,False,86,13,387,1,2,Powell
-0.4,False,86,13,387,1,2,Powell
-0.6,False,86,13,387,1,2,Powell
-0.8,False,86,13,387,1,2,Powell
-1.0,False,86,13,387,1,2,Powell
-1.2,False,86,13,387,1,2,Powell
-1.4,False,86,13,387,1,2,Powell
-1.6,False,86,13,387,1,2,Powell
-1.8,False,86,13,387,1,2,Powell
-2.0,False,86,13,387,1,2,Powell
-2.2,False,86,13,387,1,2,Powell
-2.4,False,86,13,387,1,2,Powell
-2.6,False,86,13,387,1,2,Powell
-2.8,False,86,13,387,1,2,Powell
-3.0,False,86,13,387,1,2,Powell
-3.2,False,86,13,387,1,2,Powell
-3.4,False,86,13,387,1,2,Powell
-3.6,False,86,13,387,1,2,Powell
-3.8,False,86,13,387,1,2,Powell
-4.0,False,86,13,387,1,2,Powell
-4.2,False,86,13,387,1,2,Powell
-4.4,False,86,13,387,1,2,Powell
-4.6,False,86,13,387,1,2,Powell
-4.8,False,86,13,387,1,2,Powell
-5.0,False,86,13,387,1,2,Powell
-5.2,False,86,13,387,1,2,Powell
-5.4,False,86,13,387,1,2,Powell
-5.6,False,86,13,387,1,2,Powell
-5.8,False,86,13,387,1,2,Powell
-6.0,False,86,13,387,1,2,Powell
-6.2,False,86,13,387,1,2,Powell
-6.4,False,86,13,387,1,2,Powell
-6.6,False,86,13,387,1,2,Powell
-6.8,False,86,13,387,1,2,Powell
-7.0,False,86,13,387,1,2,Powell
-7.2,False,86,13,387,1,2,Powell
-7.4,False,86,13,387,1,2,Powell
-7.6,False,86,13,387,1,2,Powell
-7.8,False,86,13,387,1,2,Powell
-8.0,False,86,13,387,1,2,Powell
2.0,True,6,13,388,1,2,Powell
1.8,True,6,13,388,1,2,Powell
1.6,True,8,13,388,1,2,Powell
1.4,True,8,13,388,1,2,Powell
1.2,True,8,13,388,1,2,Powell
1.0,True,8,13,388,1,2,Powell
0.8,True,20,13,388,1,2,Powell
0.6,False,139,13,388,1,2,Powell
0.4,False,139,13,388,1,2,Powell
0.2,False,139,13,388,1,2,Powell
0.0,False,139,13,388,1,2,Powell
-0.2,False,139,13,388,1,2,Powell
-0.4,False,139,13,388,1,2,Powell
-0.6,False,139,13,388,1,2,Powell
-0.8,False,139,13,388,1,2,Powell
-1.0,False,139,13,388,1,2,Powell
-1.2,False,139,13,388,1,2,Powell
-1.4,False,139,13,388,1,2,Powell
-1.6,False,139,13,388,1,2,Powell
-1.8,False,139,13,388,1,2,Powell
-2.0,False,139,13,388,1,2,Powell
-2.2,False,139,13,388,1,2,Powell
-2.4,False,139,13,388,1,2,Powell
-2.6,False,139,13,388,1,2,Powell
-2.8,False,139,13,388,1,2,Powell
-3.0,False,139,13,388,1,2,Powell
-3.2,False,139,13,388,1,2,Powell
-3.4,False,139,13,388,1,2,Powell
-3.6,False,139,13,388,1,2,Powell
-3.8,False,139,13,388,1,2,Powell
-4.0,False,139,13,388,1,2,Powell
-4.2,False,139,13,388,1,2,Powell
-4.4,False,139,13,388,1,2,Powell
-4.6,False,139,13,388,1,2,Powell
-4.8,False,139,13,388,1,2,Powell
-5.0,False,139,13,388,1,2,Powell
-5.2,False,139,13,388,1,2,Powell
-5.4,False,139,13,388,1,2,Powell
-5.6,False,139,13,388,1,2,Powell
-5.8,False,139,13,388,1,2,Powell
-6.0,False,139,13,388,1,2,Powell
-6.2,False,139,13,388,1,2,Powell
-6.4,False,139,13,388,1,2,Powell
-6.6,False,139,13,388,1,2,Powell
-6.8,False,139,13,388,1,2,Powell
-7.0,False,139,13,388,1,2,Powell
-7.2,False,139,13,388,1,2,Powell
-7.4,False,139,13,388,1,2,Powell
-7.6,False,139,13,388,1,2,Powell
-7.8,False,139,13,388,1,2,Powell
-8.0,False,139,13,388,1,2,Powell
2.0,True,13,13,389,1,2,Powell
1.8,True,17,13,389,1,2,Powell
1.6,False,101,13,389,1,2,Powell
1.4,False,101,13,389,1,2,Powell
1.2,False,101,13,389,1,2,Powell
1.0,False,101,13,389,1,2,Powell
0.8,False,101,13,389,1,2,Powell
0.6,False,101,13,389,1,2,Powell
0.4,False,101,13,389,1,2,Powell
0.2,False,101,13,389,1,2,Powell
0.0,False,101,13,389,1,2,Powell
-0.2,False,101,13,389,1,2,Powell
-0.4,False,101,13,389,1,2,Powell
-0.6,False,101,13,389,1,2,Powell
-0.8,False,101,13,389,1,2,Powell
-1.0,False,101,13,389,1,2,Powell
-1.2,False,101,13,389,1,2,Powell
-1.4,False,101,13,389,1,2,Powell
-1.6,False,101,13,389,1,2,Powell
-1.8,False,101,13,389,1,2,Powell
-2.0,False,101,13,389,1,2,Powell
-2.2,False,101,13,389,1,2,Powell
-2.4,False,101,13,389,1,2,Powell
-2.6,False,101,13,389,1,2,Powell
-2.8,False,101,13,389,1,2,Powell
-3.0,False,101,13,389,1,2,Powell
-3.2,False,101,13,389,1,2,Powell
-3.4,False,101,13,389,1,2,Powell
-3.6,False,101,13,389,1,2,Powell
-3.8,False,101,13,389,1,2,Powell
-4.0,False,101,13,389,1,2,Powell
-4.2,False,101,13,389,1,2,Powell
-4.4,False,101,13,389,1,2,Powell
-4.6,False,101,13,389,1,2,Powell
-4.8,False,101,13,389,1,2,Powell
-5.0,False,101,13,389,1,2,Powell
-5.2,False,101,13,389,1,2,Powell
-5.4,False,101,13,389,1,2,Powell
-5.6,False,101,13,389,1,2,Powell
-5.8,False,101,13,389,1,2,Powell
-6.0,False,101,13,389,1,2,Powell
-6.2,False,101,13,389,1,2,Powell
-6.4,False,101,13,389,1,2,Powell
-6.6,False,101,13,389,1,2,Powell
-6.8,False,101,13,389,1,2,Powell
-7.0,False,101,13,389,1,2,Powell
-7.2,False,101,13,389,1,2,Powell
-7.4,False,101,13,389,1,2,Powell
-7.6,False,101,13,389,1,2,Powell
-7.8,False,101,13,389,1,2,Powell
-8.0,False,101,13,389,1,2,Powell
2.0,True,1,13,390,1,2,Powell
1.8,True,1,13,390,1,2,Powell
1.6,True,1,13,390,1,2,Powell
1.4,True,1,13,390,1,2,Powell
1.2,True,1,13,390,1,2,Powell
1.0,True,1,13,390,1,2,Powell
0.8,True,8,13,390,1,2,Powell
0.6,True,8,13,390,1,2,Powell
0.4,True,9,13,390,1,2,Powell
0.2,True,9,13,390,1,2,Powell
0.0,False,111,13,390,1,2,Powell
-0.2,False,111,13,390,1,2,Powell
-0.4,False,111,13,390,1,2,Powell
-0.6,False,111,13,390,1,2,Powell
-0.8,False,111,13,390,1,2,Powell
-1.0,False,111,13,390,1,2,Powell
-1.2,False,111,13,390,1,2,Powell
-1.4,False,111,13,390,1,2,Powell
-1.6,False,111,13,390,1,2,Powell
-1.8,False,111,13,390,1,2,Powell
-2.0,False,111,13,390,1,2,Powell
-2.2,False,111,13,390,1,2,Powell
-2.4,False,111,13,390,1,2,Powell
-2.6,False,111,13,390,1,2,Powell
-2.8,False,111,13,390,1,2,Powell
-3.0,False,111,13,390,1,2,Powell
-3.2,False,111,13,390,1,2,Powell
-3.4,False,111,13,390,1,2,Powell
-3.6,False,111,13,390,1,2,Powell
-3.8,False,111,13,390,1,2,Powell
-4.0,False,111,13,390,1,2,Powell
-4.2,False,111,13,390,1,2,Powell
-4.4,False,111,13,390,1,2,Powell
-4.6,False,111,13,390,1,2,Powell
-4.8,False,111,13,390,1,2,Powell
-5.0,False,111,13,390,1,2,Powell
-5.2,False,111,13,390,1,2,Powell
-5.4,False,111,13,390,1,2,Powell
-5.6,False,111,13,390,1,2,Powell
-5.8,False,111,13,390,1,2,Powell
-6.0,False,111,13,390,1,2,Powell
-6.2,False,111,13,390,1,2,Powell
-6.4,False,111,13,390,1,2,Powell
-6.6,False,111,13,390,1,2,Powell
-6.8,False,111,13,390,1,2,Powell
-7.0,False,111,13,390,1,2,Powell
-7.2,False,111,13,390,1,2,Powell
-7.4,False,111,13,390,1,2,Powell
-7.6,False,111,13,390,1,2,Powell
-7.8,False,111,13,390,1,2,Powell
-8.0,False,111,13,390,1,2,Powell
2.0,False,157,13,391,1,2,Powell
1.8,False,157,13,391,1,2,Powell
1.6,False,157,13,391,1,2,Powell
1.4,False,157,13,391,1,2,Powell
1.2,False,157,13,391,1,2,Powell
1.0,False,157,13,391,1,2,Powell
0.8,False,157,13,391,1,2,Powell
0.6,False,157,13,391,1,2,Powell
0.4,False,157,13,391,1,2,Powell
0.2,False,157,13,391,1,2,Powell
0.0,False,157,13,391,1,2,Powell
-0.2,False,157,13,391,1,2,Powell
-0.4,False,157,13,391,1,2,Powell
-0.6,False,157,13,391,1,2,Powell
-0.8,False,157,13,391,1,2,Powell
-1.0,False,157,13,391,1,2,Powell
-1.2,False,157,13,391,1,2,Powell
-1.4,False,157,13,391,1,2,Powell
-1.6,False,157,13,391,1,2,Powell
-1.8,False,157,13,391,1,2,Powell
-2.0,False,157,13,391,1,2,Powell
-2.2,False,157,13,391,1,2,Powell
-2.4,False,157,13,391,1,2,Powell
-2.6,False,157,13,391,1,2,Powell
-2.8,False,157,13,391,1,2,Powell
-3.0,False,157,13,391,1,2,Powell
-3.2,False,157,13,391,1,2,Powell
-3.4,False,157,13,391,1,2,Powell
-3.6,False,157,13,391,1,2,Powell
-3.8,False,157,13,391,1,2,Powell
-4.0,False,157,13,391,1,2,Powell
-4.2,False,157,13,391,1,2,Powell
-4.4,False,157,13,391,1,2,Powell
-4.6,False,157,13,391,1,2,Powell
-4.8,False,157,13,391,1,2,Powell
-5.0,False,157,13,391,1,2,Powell
-5.2,False,157,13,391,1,2,Powell
-5.4,False,157,13,391,1,2,Powell
-5.6,False,157,13,391,1,2,Powell
-5.8,False,157,13,391,1,2,Powell
-6.0,False,157,13,391,1,2,Powell
-6.2,False,157,13,391,1,2,Powell
-6.4,False,157,13,391,1,2,Powell
-6.6,False,157,13,391,1,2,Powell
-6.8,False,157,13,391,1,2,Powell
-7.0,False,157,13,391,1,2,Powell
-7.2,False,157,13,391,1,2,Powell
-7.4,False,157,13,391,1,2,Powell
-7.6,False,157,13,391,1,2,Powell
-7.8,False,157,13,391,1,2,Powell
-8.0,False,157,13,391,1,2,Powell
2.0,True,10,13,392,1,2,Powell
1.8,False,87,13,392,1,2,Powell
1.6,False,87,13,392,1,2,Powell
1.4,False,87,13,392,1,2,Powell
1.2,False,87,13,392,1,2,Powell
1.0,False,87,13,392,1,2,Powell
0.8,False,87,13,392,1,2,Powell
0.6,False,87,13,392,1,2,Powell
0.4,False,87,13,392,1,2,Powell
0.2,False,87,13,392,1,2,Powell
0.0,False,87,13,392,1,2,Powell
-0.2,False,87,13,392,1,2,Powell
-0.4,False,87,13,392,1,2,Powell
-0.6,False,87,13,392,1,2,Powell
-0.8,False,87,13,392,1,2,Powell
-1.0,False,87,13,392,1,2,Powell
-1.2,False,87,13,392,1,2,Powell
-1.4,False,87,13,392,1,2,Powell
-1.6,False,87,13,392,1,2,Powell
-1.8,False,87,13,392,1,2,Powell
-2.0,False,87,13,392,1,2,Powell
-2.2,False,87,13,392,1,2,Powell
-2.4,False,87,13,392,1,2,Powell
-2.6,False,87,13,392,1,2,Powell
-2.8,False,87,13,392,1,2,Powell
-3.0,False,87,13,392,1,2,Powell
-3.2,False,87,13,392,1,2,Powell
-3.4,False,87,13,392,1,2,Powell
-3.6,False,87,13,392,1,2,Powell
-3.8,False,87,13,392,1,2,Powell
-4.0,False,87,13,392,1,2,Powell
-4.2,False,87,13,392,1,2,Powell
-4.4,False,87,13,392,1,2,Powell
-4.6,False,87,13,392,1,2,Powell
-4.8,False,87,13,392,1,2,Powell
-5.0,False,87,13,392,1,2,Powell
-5.2,False,87,13,392,1,2,Powell
-5.4,False,87,13,392,1,2,Powell
-5.6,False,87,13,392,1,2,Powell
-5.8,False,87,13,392,1,2,Powell
-6.0,False,87,13,392,1,2,Powell
-6.2,False,87,13,392,1,2,Powell
-6.4,False,87,13,392,1,2,Powell
-6.6,False,87,13,392,1,2,Powell
-6.8,False,87,13,392,1,2,Powell
-7.0,False,87,13,392,1,2,Powell
-7.2,False,87,13,392,1,2,Powell
-7.4,False,87,13,392,1,2,Powell
-7.6,False,87,13,392,1,2,Powell
-7.8,False,87,13,392,1,2,Powell
-8.0,False,87,13,392,1,2,Powell
2.0,False,201,13,393,1,2,Powell
1.8,False,201,13,393,1,2,Powell
1.6,False,201,13,393,1,2,Powell
1.4,False,201,13,393,1,2,Powell
1.2,False,201,13,393,1,2,Powell
1.0,False,201,13,393,1,2,Powell
0.8,False,201,13,393,1,2,Powell
0.6,False,201,13,393,1,2,Powell
0.4,False,201,13,393,1,2,Powell
0.2,False,201,13,393,1,2,Powell
0.0,False,201,13,393,1,2,Powell
-0.2,False,201,13,393,1,2,Powell
-0.4,False,201,13,393,1,2,Powell
-0.6,False,201,13,393,1,2,Powell
-0.8,False,201,13,393,1,2,Powell
-1.0,False,201,13,393,1,2,Powell
-1.2,False,201,13,393,1,2,Powell
-1.4,False,201,13,393,1,2,Powell
-1.6,False,201,13,393,1,2,Powell
-1.8,False,201,13,393,1,2,Powell
-2.0,False,201,13,393,1,2,Powell
-2.2,False,201,13,393,1,2,Powell
-2.4,False,201,13,393,1,2,Powell
-2.6,False,201,13,393,1,2,Powell
-2.8,False,201,13,393,1,2,Powell
-3.0,False,201,13,393,1,2,Powell
-3.2,False,201,13,393,1,2,Powell
-3.4,False,201,13,393,1,2,Powell
-3.6,False,201,13,393,1,2,Powell
-3.8,False,201,13,393,1,2,Powell
-4.0,False,201,13,393,1,2,Powell
-4.2,False,201,13,393,1,2,Powell
-4.4,False,201,13,393,1,2,Powell
-4.6,False,201,13,393,1,2,Powell
-4.8,False,201,13,393,1,2,Powell
-5.0,False,201,13,393,1,2,Powell
-5.2,False,201,13,393,1,2,Powell
-5.4,False,201,13,393,1,2,Powell
-5.6,False,201,13,393,1,2,Powell
-5.8,False,201,13,393,1,2,Powell
-6.0,False,201,13,393,1,2,Powell
-6.2,False,201,13,393,1,2,Powell
-6.4,False,201,13,393,1,2,Powell
-6.6,False,201,13,393,1,2,Powell
-6.8,False,201,13,393,1,2,Powell
-7.0,False,201,13,393,1,2,Powell
-7.2,False,201,13,393,1,2,Powell
-7.4,False,201,13,393,1,2,Powell
-7.6,False,201,13,393,1,2,Powell
-7.8,False,201,13,393,1,2,Powell
-8.0,False,201,13,393,1,2,Powell
2.0,True,5,13,394,1,2,Powell
1.8,True,5,13,394,1,2,Powell
1.6,True,5,13,394,1,2,Powell
1.4,False,83,13,394,1,2,Powell
1.2,False,83,13,394,1,2,Powell
1.0,False,83,13,394,1,2,Powell
0.8,False,83,13,394,1,2,Powell
0.6,False,83,13,394,1,2,Powell
0.4,False,83,13,394,1,2,Powell
0.2,False,83,13,394,1,2,Powell
0.0,False,83,13,394,1,2,Powell
-0.2,False,83,13,394,1,2,Powell
-0.4,False,83,13,394,1,2,Powell
-0.6,False,83,13,394,1,2,Powell
-0.8,False,83,13,394,1,2,Powell
-1.0,False,83,13,394,1,2,Powell
-1.2,False,83,13,394,1,2,Powell
-1.4,False,83,13,394,1,2,Powell
-1.6,False,83,13,394,1,2,Powell
-1.8,False,83,13,394,1,2,Powell
-2.0,False,83,13,394,1,2,Powell
-2.2,False,83,13,394,1,2,Powell
-2.4,False,83,13,394,1,2,Powell
-2.6,False,83,13,394,1,2,Powell
-2.8,False,83,13,394,1,2,Powell
-3.0,False,83,13,394,1,2,Powell
-3.2,False,83,13,394,1,2,Powell
-3.4,False,83,13,394,1,2,Powell
-3.6,False,83,13,394,1,2,Powell
-3.8,False,83,13,394,1,2,Powell
-4.0,False,83,13,394,1,2,Powell
-4.2,False,83,13,394,1,2,Powell
-4.4,False,83,13,394,1,2,Powell
-4.6,False,83,13,394,1,2,Powell
-4.8,False,83,13,394,1,2,Powell
-5.0,False,83,13,394,1,2,Powell
-5.2,False,83,13,394,1,2,Powell
-5.4,False,83,13,394,1,2,Powell
-5.6,False,83,13,394,1,2,Powell
-5.8,False,83,13,394,1,2,Powell
-6.0,False,83,13,394,1,2,Powell
-6.2,False,83,13,394,1,2,Powell
-6.4,False,83,13,394,1,2,Powell
-6.6,False,83,13,394,1,2,Powell
-6.8,False,83,13,394,1,2,Powell
-7.0,False,83,13,394,1,2,Powell
-7.2,False,83,13,394,1,2,Powell
-7.4,False,83,13,394,1,2,Powell
-7.6,False,83,13,394,1,2,Powell
-7.8,False,83,13,394,1,2,Powell
-8.0,False,83,13,394,1,2,Powell
2.0,True,11,13,395,1,2,Powell
1.8,True,11,13,395,1,2,Powell
1.6,True,11,13,395,1,2,Powell
1.4,True,11,13,395,1,2,Powell
1.2,True,11,13,395,1,2,Powell
1.0,True,13,13,395,1,2,Powell
0.8,True,15,13,395,1,2,Powell
0.6,True,15,13,395,1,2,Powell
0.4,True,15,13,395,1,2,Powell
0.2,True,15,13,395,1,2,Powell
0.0,True,23,13,395,1,2,Powell
-0.2,True,25,13,395,1,2,Powell
-0.4,True,28,13,395,1,2,Powell
-0.6,False,106,13,395,1,2,Powell
-0.8,False,106,13,395,1,2,Powell
-1.0,False,106,13,395,1,2,Powell
-1.2,False,106,13,395,1,2,Powell
-1.4,False,106,13,395,1,2,Powell
-1.6,False,106,13,395,1,2,Powell
-1.8,False,106,13,395,1,2,Powell
-2.0,False,106,13,395,1,2,Powell
-2.2,False,106,13,395,1,2,Powell
-2.4,False,106,13,395,1,2,Powell
-2.6,False,106,13,395,1,2,Powell
-2.8,False,106,13,395,1,2,Powell
-3.0,False,106,13,395,1,2,Powell
-3.2,False,106,13,395,1,2,Powell
-3.4,False,106,13,395,1,2,Powell
-3.6,False,106,13,395,1,2,Powell
-3.8,False,106,13,395,1,2,Powell
-4.0,False,106,13,395,1,2,Powell
-4.2,False,106,13,395,1,2,Powell
-4.4,False,106,13,395,1,2,Powell
-4.6,False,106,13,395,1,2,Powell
-4.8,False,106,13,395,1,2,Powell
-5.0,False,106,13,395,1,2,Powell
-5.2,False,106,13,395,1,2,Powell
-5.4,False,106,13,395,1,2,Powell
-5.6,False,106,13,395,1,2,Powell
-5.8,False,106,13,395,1,2,Powell
-6.0,False,106,13,395,1,2,Powell
-6.2,False,106,13,395,1,2,Powell
-6.4,False,106,13,395,1,2,Powell
-6.6,False,106,13,395,1,2,Powell
-6.8,False,106,13,395,1,2,Powell
-7.0,False,106,13,395,1,2,Powell
-7.2,False,106,13,395,1,2,Powell
-7.4,False,106,13,395,1,2,Powell
-7.6,False,106,13,395,1,2,Powell
-7.8,False,106,13,395,1,2,Powell
-8.0,False,106,13,395,1,2,Powell
2.0,True,1,13,396,1,2,Powell
1.8,True,1,13,396,1,2,Powell
1.6,False,144,13,396,1,2,Powell
1.4,False,144,13,396,1,2,Powell
1.2,False,144,13,396,1,2,Powell
1.0,False,144,13,396,1,2,Powell
0.8,False,144,13,396,1,2,Powell
0.6,False,144,13,396,1,2,Powell
0.4,False,144,13,396,1,2,Powell
0.2,False,144,13,396,1,2,Powell
0.0,False,144,13,396,1,2,Powell
-0.2,False,144,13,396,1,2,Powell
-0.4,False,144,13,396,1,2,Powell
-0.6,False,144,13,396,1,2,Powell
-0.8,False,144,13,396,1,2,Powell
-1.0,False,144,13,396,1,2,Powell
-1.2,False,144,13,396,1,2,Powell
-1.4,False,144,13,396,1,2,Powell
-1.6,False,144,13,396,1,2,Powell
-1.8,False,144,13,396,1,2,Powell
-2.0,False,144,13,396,1,2,Powell
-2.2,False,144,13,396,1,2,Powell
-2.4,False,144,13,396,1,2,Powell
-2.6,False,144,13,396,1,2,Powell
-2.8,False,144,13,396,1,2,Powell
-3.0,False,144,13,396,1,2,Powell
-3.2,False,144,13,396,1,2,Powell
-3.4,False,144,13,396,1,2,Powell
-3.6,False,144,13,396,1,2,Powell
-3.8,False,144,13,396,1,2,Powell
-4.0,False,144,13,396,1,2,Powell
-4.2,False,144,13,396,1,2,Powell
-4.4,False,144,13,396,1,2,Powell
-4.6,False,144,13,396,1,2,Powell
-4.8,False,144,13,396,1,2,Powell
-5.0,False,144,13,396,1,2,Powell
-5.2,False,144,13,396,1,2,Powell
-5.4,False,144,13,396,1,2,Powell
-5.6,False,144,13,396,1,2,Powell
-5.8,False,144,13,396,1,2,Powell
-6.0,False,144,13,396,1,2,Powell
-6.2,False,144,13,396,1,2,Powell
-6.4,False,144,13,396,1,2,Powell
-6.6,False,144,13,396,1,2,Powell
-6.8,False,144,13,396,1,2,Powell
-7.0,False,144,13,396,1,2,Powell
-7.2,False,144,13,396,1,2,Powell
-7.4,False,144,13,396,1,2,Powell
-7.6,False,144,13,396,1,2,Powell
-7.8,False,144,13,396,1,2,Powell
-8.0,False,144,13,396,1,2,Powell
2.0,False,91,13,397,1,2,Powell
1.8,False,91,13,397,1,2,Powell
1.6,False,91,13,397,1,2,Powell
1.4,False,91,13,397,1,2,Powell
1.2,False,91,13,397,1,2,Powell
1.0,False,91,13,397,1,2,Powell
0.8,False,91,13,397,1,2,Powell
0.6,False,91,13,397,1,2,Powell
0.4,False,91,13,397,1,2,Powell
0.2,False,91,13,397,1,2,Powell
0.0,False,91,13,397,1,2,Powell
-0.2,False,91,13,397,1,2,Powell
-0.4,False,91,13,397,1,2,Powell
-0.6,False,91,13,397,1,2,Powell
-0.8,False,91,13,397,1,2,Powell
-1.0,False,91,13,397,1,2,Powell
-1.2,False,91,13,397,1,2,Powell
-1.4,False,91,13,397,1,2,Powell
-1.6,False,91,13,397,1,2,Powell
-1.8,False,91,13,397,1,2,Powell
-2.0,False,91,13,397,1,2,Powell
-2.2,False,91,13,397,1,2,Powell
-2.4,False,91,13,397,1,2,Powell
-2.6,False,91,13,397,1,2,Powell
-2.8,False,91,13,397,1,2,Powell
-3.0,False,91,13,397,1,2,Powell
-3.2,False,91,13,397,1,2,Powell
-3.4,False,91,13,397,1,2,Powell
-3.6,False,91,13,397,1,2,Powell
-3.8,False,91,13,397,1,2,Powell
-4.0,False,91,13,397,1,2,Powell
-4.2,False,91,13,397,1,2,Powell
-4.4,False,91,13,397,1,2,Powell
-4.6,False,91,13,397,1,2,Powell
-4.8,False,91,13,397,1,2,Powell
-5.0,False,91,13,397,1,2,Powell
-5.2,False,91,13,397,1,2,Powell
-5.4,False,91,13,397,1,2,Powell
-5.6,False,91,13,397,1,2,Powell
-5.8,False,91,13,397,1,2,Powell
-6.0,False,91,13,397,1,2,Powell
-6.2,False,91,13,397,1,2,Powell
-6.4,False,91,13,397,1,2,Powell
-6.6,False,91,13,397,1,2,Powell
-6.8,False,91,13,397,1,2,Powell
-7.0,False,91,13,397,1,2,Powell
-7.2,False,91,13,397,1,2,Powell
-7.4,False,91,13,397,1,2,Powell
-7.6,False,91,13,397,1,2,Powell
-7.8,False,91,13,397,1,2,Powell
-8.0,False,91,13,397,1,2,Powell
2.0,False,93,13,398,1,2,Powell
1.8,False,93,13,398,1,2,Powell
1.6,False,93,13,398,1,2,Powell
1.4,False,93,13,398,1,2,Powell
1.2,False,93,13,398,1,2,Powell
1.0,False,93,13,398,1,2,Powell
0.8,False,93,13,398,1,2,Powell
0.6,False,93,13,398,1,2,Powell
0.4,False,93,13,398,1,2,Powell
0.2,False,93,13,398,1,2,Powell
0.0,False,93,13,398,1,2,Powell
-0.2,False,93,13,398,1,2,Powell
-0.4,False,93,13,398,1,2,Powell
-0.6,False,93,13,398,1,2,Powell
-0.8,False,93,13,398,1,2,Powell
-1.0,False,93,13,398,1,2,Powell
-1.2,False,93,13,398,1,2,Powell
-1.4,False,93,13,398,1,2,Powell
-1.6,False,93,13,398,1,2,Powell
-1.8,False,93,13,398,1,2,Powell
-2.0,False,93,13,398,1,2,Powell
-2.2,False,93,13,398,1,2,Powell
-2.4,False,93,13,398,1,2,Powell
-2.6,False,93,13,398,1,2,Powell
-2.8,False,93,13,398,1,2,Powell
-3.0,False,93,13,398,1,2,Powell
-3.2,False,93,13,398,1,2,Powell
-3.4,False,93,13,398,1,2,Powell
-3.6,False,93,13,398,1,2,Powell
-3.8,False,93,13,398,1,2,Powell
-4.0,False,93,13,398,1,2,Powell
-4.2,False,93,13,398,1,2,Powell
-4.4,False,93,13,398,1,2,Powell
-4.6,False,93,13,398,1,2,Powell
-4.8,False,93,13,398,1,2,Powell
-5.0,False,93,13,398,1,2,Powell
-5.2,False,93,13,398,1,2,Powell
-5.4,False,93,13,398,1,2,Powell
-5.6,False,93,13,398,1,2,Powell
-5.8,False,93,13,398,1,2,Powell
-6.0,False,93,13,398,1,2,Powell
-6.2,False,93,13,398,1,2,Powell
-6.4,False,93,13,398,1,2,Powell
-6.6,False,93,13,398,1,2,Powell
-6.8,False,93,13,398,1,2,Powell
-7.0,False,93,13,398,1,2,Powell
-7.2,False,93,13,398,1,2,Powell
-7.4,False,93,13,398,1,2,Powell
-7.6,False,93,13,398,1,2,Powell
-7.8,False,93,13,398,1,2,Powell
-8.0,False,93,13,398,1,2,Powell
2.0,True,5,13,399,1,2,Powell
1.8,True,15,13,399,1,2,Powell
1.6,True,17,13,399,1,2,Powell
1.4,False,175,13,399,1,2,Powell
1.2,False,175,13,399,1,2,Powell
1.0,False,175,13,399,1,2,Powell
0.8,False,175,13,399,1,2,Powell
0.6,False,175,13,399,1,2,Powell
0.4,False,175,13,399,1,2,Powell
0.2,False,175,13,399,1,2,Powell
0.0,False,175,13,399,1,2,Powell
-0.2,False,175,13,399,1,2,Powell
-0.4,False,175,13,399,1,2,Powell
-0.6,False,175,13,399,1,2,Powell
-0.8,False,175,13,399,1,2,Powell
-1.0,False,175,13,399,1,2,Powell
-1.2,False,175,13,399,1,2,Powell
-1.4,False,175,13,399,1,2,Powell
-1.6,False,175,13,399,1,2,Powell
-1.8,False,175,13,399,1,2,Powell
-2.0,False,175,13,399,1,2,Powell
-2.2,False,175,13,399,1,2,Powell
-2.4,False,175,13,399,1,2,Powell
-2.6,False,175,13,399,1,2,Powell
-2.8,False,175,13,399,1,2,Powell
-3.0,False,175,13,399,1,2,Powell
-3.2,False,175,13,399,1,2,Powell
-3.4,False,175,13,399,1,2,Powell
-3.6,False,175,13,399,1,2,Powell
-3.8,False,175,13,399,1,2,Powell
-4.0,False,175,13,399,1,2,Powell
-4.2,False,175,13,399,1,2,Powell
-4.4,False,175,13,399,1,2,Powell
-4.6,False,175,13,399,1,2,Powell
-4.8,False,175,13,399,1,2,Powell
-5.0,False,175,13,399,1,2,Powell
-5.2,False,175,13,399,1,2,Powell
-5.4,False,175,13,399,1,2,Powell
-5.6,False,175,13,399,1,2,Powell
-5.8,False,175,13,399,1,2,Powell
-6.0,False,175,13,399,1,2,Powell
-6.2,False,175,13,399,1,2,Powell
-6.4,False,175,13,399,1,2,Powell
-6.6,False,175,13,399,1,2,Powell
-6.8,False,175,13,399,1,2,Powell
-7.0,False,175,13,399,1,2,Powell
-7.2,False,175,13,399,1,2,Powell
-7.4,False,175,13,399,1,2,Powell
-7.6,False,175,13,399,1,2,Powell
-7.8,False,175,13,399,1,2,Powell
-8.0,False,175,13,399,1,2,Powell
2.0,True,1,13,400,1,2,Powell
1.8,True,5,13,400,1,2,Powell
1.6,True,5,13,400,1,2,Powell
1.4,True,7,13,400,1,2,Powell
1.2,True,7,13,400,1,2,Powell
1.0,True,7,13,400,1,2,Powell
0.8,False,84,13,400,1,2,Powell
0.6,False,84,13,400,1,2,Powell
0.4,False,84,13,400,1,2,Powell
0.2,False,84,13,400,1,2,Powell
0.0,False,84,13,400,1,2,Powell
-0.2,False,84,13,400,1,2,Powell
-0.4,False,84,13,400,1,2,Powell
-0.6,False,84,13,400,1,2,Powell
-0.8,False,84,13,400,1,2,Powell
-1.0,False,84,13,400,1,2,Powell
-1.2,False,84,13,400,1,2,Powell
-1.4,False,84,13,400,1,2,Powell
-1.6,False,84,13,400,1,2,Powell
-1.8,False,84,13,400,1,2,Powell
-2.0,False,84,13,400,1,2,Powell
-2.2,False,84,13,400,1,2,Powell
-2.4,False,84,13,400,1,2,Powell
-2.6,False,84,13,400,1,2,Powell
-2.8,False,84,13,400,1,2,Powell
-3.0,False,84,13,400,1,2,Powell
-3.2,False,84,13,400,1,2,Powell
-3.4,False,84,13,400,1,2,Powell
-3.6,False,84,13,400,1,2,Powell
-3.8,False,84,13,400,1,2,Powell
-4.0,False,84,13,400,1,2,Powell
-4.2,False,84,13,400,1,2,Powell
-4.4,False,84,13,400,1,2,Powell
-4.6,False,84,13,400,1,2,Powell
-4.8,False,84,13,400,1,2,Powell
-5.0,False,84,13,400,1,2,Powell
-5.2,False,84,13,400,1,2,Powell
-5.4,False,84,13,400,1,2,Powell
-5.6,False,84,13,400,1,2,Powell
-5.8,False,84,13,400,1,2,Powell
-6.0,False,84,13,400,1,2,Powell
-6.2,False,84,13,400,1,2,Powell
-6.4,False,84,13,400,1,2,Powell
-6.6,False,84,13,400,1,2,Powell
-6.8,False,84,13,400,1,2,Powell
-7.0,False,84,13,400,1,2,Powell
-7.2,False,84,13,400,1,2,Powell
-7.4,False,84,13,400,1,2,Powell
-7.6,False,84,13,400,1,2,Powell
-7.8,False,84,13,400,1,2,Powell
-8.0,False,84,13,400,1,2,Powell
2.0,True,5,13,401,1,2,Powell
1.8,True,5,13,401,1,2,Powell
1.6,True,5,13,401,1,2,Powell
1.4,True,5,13,401,1,2,Powell
1.2,True,10,13,401,1,2,Powell
1.0,False,86,13,401,1,2,Powell
0.8,False,86,13,401,1,2,Powell
0.6,False,86,13,401,1,2,Powell
0.4,False,86,13,401,1,2,Powell
0.2,False,86,13,401,1,2,Powell
0.0,False,86,13,401,1,2,Powell
-0.2,False,86,13,401,1,2,Powell
-0.4,False,86,13,401,1,2,Powell
-0.6,False,86,13,401,1,2,Powell
-0.8,False,86,13,401,1,2,Powell
-1.0,False,86,13,401,1,2,Powell
-1.2,False,86,13,401,1,2,Powell
-1.4,False,86,13,401,1,2,Powell
-1.6,False,86,13,401,1,2,Powell
-1.8,False,86,13,401,1,2,Powell
-2.0,False,86,13,401,1,2,Powell
-2.2,False,86,13,401,1,2,Powell
-2.4,False,86,13,401,1,2,Powell
-2.6,False,86,13,401,1,2,Powell
-2.8,False,86,13,401,1,2,Powell
-3.0,False,86,13,401,1,2,Powell
-3.2,False,86,13,401,1,2,Powell
-3.4,False,86,13,401,1,2,Powell
-3.6,False,86,13,401,1,2,Powell
-3.8,False,86,13,401,1,2,Powell
-4.0,False,86,13,401,1,2,Powell
-4.2,False,86,13,401,1,2,Powell
-4.4,False,86,13,401,1,2,Powell
-4.6,False,86,13,401,1,2,Powell
-4.8,False,86,13,401,1,2,Powell
-5.0,False,86,13,401,1,2,Powell
-5.2,False,86,13,401,1,2,Powell
-5.4,False,86,13,401,1,2,Powell
-5.6,False,86,13,401,1,2,Powell
-5.8,False,86,13,401,1,2,Powell
-6.0,False,86,13,401,1,2,Powell
-6.2,False,86,13,401,1,2,Powell
-6.4,False,86,13,401,1,2,Powell
-6.6,False,86,13,401,1,2,Powell
-6.8,False,86,13,401,1,2,Powell
-7.0,False,86,13,401,1,2,Powell
-7.2,False,86,13,401,1,2,Powell
-7.4,False,86,13,401,1,2,Powell
-7.6,False,86,13,401,1,2,Powell
-7.8,False,86,13,401,1,2,Powell
-8.0,False,86,13,401,1,2,Powell
2.0,True,10,13,402,1,2,Powell
1.8,True,10,13,402,1,2,Powell
1.6,True,11,13,402,1,2,Powell
1.4,True,11,13,402,1,2,Powell
1.2,True,13,13,402,1,2,Powell
1.0,True,17,13,402,1,2,Powell
0.8,True,17,13,402,1,2,Powell
0.6,False,127,13,402,1,2,Powell
0.4,False,127,13,402,1,2,Powell
0.2,False,127,13,402,1,2,Powell
0.0,False,127,13,402,1,2,Powell
-0.2,False,127,13,402,1,2,Powell
-0.4,False,127,13,402,1,2,Powell
-0.6,False,127,13,402,1,2,Powell
-0.8,False,127,13,402,1,2,Powell
-1.0,False,127,13,402,1,2,Powell
-1.2,False,127,13,402,1,2,Powell
-1.4,False,127,13,402,1,2,Powell
-1.6,False,127,13,402,1,2,Powell
-1.8,False,127,13,402,1,2,Powell
-2.0,False,127,13,402,1,2,Powell
-2.2,False,127,13,402,1,2,Powell
-2.4,False,127,13,402,1,2,Powell
-2.6,False,127,13,402,1,2,Powell
-2.8,False,127,13,402,1,2,Powell
-3.0,False,127,13,402,1,2,Powell
-3.2,False,127,13,402,1,2,Powell
-3.4,False,127,13,402,1,2,Powell
-3.6,False,127,13,402,1,2,Powell
-3.8,False,127,13,402,1,2,Powell
-4.0,False,127,13,402,1,2,Powell
-4.2,False,127,13,402,1,2,Powell
-4.4,False,127,13,402,1,2,Powell
-4.6,False,127,13,402,1,2,Powell
-4.8,False,127,13,402,1,2,Powell
-5.0,False,127,13,402,1,2,Powell
-5.2,False,127,13,402,1,2,Powell
-5.4,False,127,13,402,1,2,Powell
-5.6,False,127,13,402,1,2,Powell
-5.8,False,127,13,402,1,2,Powell
-6.0,False,127,13,402,1,2,Powell
-6.2,False,127,13,402,1,2,Powell
-6.4,False,127,13,402,1,2,Powell
-6.6,False,127,13,402,1,2,Powell
-6.8,False,127,13,402,1,2,Powell
-7.0,False,127,13,402,1,2,Powell
-7.2,False,127,13,402,1,2,Powell
-7.4,False,127,13,402,1,2,Powell
-7.6,False,127,13,402,1,2,Powell
-7.8,False,127,13,402,1,2,Powell
-8.0,False,127,13,402,1,2,Powell
2.0,True,11,13,403,1,2,Powell
1.8,True,12,13,403,1,2,Powell
1.6,True,12,13,403,1,2,Powell
1.4,True,14,13,403,1,2,Powell
1.2,True,14,13,403,1,2,Powell
1.0,True,14,13,403,1,2,Powell
0.8,True,14,13,403,1,2,Powell
0.6,True,25,13,403,1,2,Powell
0.4,True,25,13,403,1,2,Powell
0.2,True,25,13,403,1,2,Powell
0.0,True,25,13,403,1,2,Powell
-0.2,True,25,13,403,1,2,Powell
-0.4,True,25,13,403,1,2,Powell
-0.6,True,25,13,403,1,2,Powell
-0.8,True,25,13,403,1,2,Powell
-1.0,True,25,13,403,1,2,Powell
-1.2,True,25,13,403,1,2,Powell
-1.4,True,46,13,403,1,2,Powell
-1.6,True,46,13,403,1,2,Powell
-1.8,False,144,13,403,1,2,Powell
-2.0,False,144,13,403,1,2,Powell
-2.2,False,144,13,403,1,2,Powell
-2.4,False,144,13,403,1,2,Powell
-2.6,False,144,13,403,1,2,Powell
-2.8,False,144,13,403,1,2,Powell
-3.0,False,144,13,403,1,2,Powell
-3.2,False,144,13,403,1,2,Powell
-3.4,False,144,13,403,1,2,Powell
-3.6,False,144,13,403,1,2,Powell
-3.8,False,144,13,403,1,2,Powell
-4.0,False,144,13,403,1,2,Powell
-4.2,False,144,13,403,1,2,Powell
-4.4,False,144,13,403,1,2,Powell
-4.6,False,144,13,403,1,2,Powell
-4.8,False,144,13,403,1,2,Powell
-5.0,False,144,13,403,1,2,Powell
-5.2,False,144,13,403,1,2,Powell
-5.4,False,144,13,403,1,2,Powell
-5.6,False,144,13,403,1,2,Powell
-5.8,False,144,13,403,1,2,Powell
-6.0,False,144,13,403,1,2,Powell
-6.2,False,144,13,403,1,2,Powell
-6.4,False,144,13,403,1,2,Powell
-6.6,False,144,13,403,1,2,Powell
-6.8,False,144,13,403,1,2,Powell
-7.0,False,144,13,403,1,2,Powell
-7.2,False,144,13,403,1,2,Powell
-7.4,False,144,13,403,1,2,Powell
-7.6,False,144,13,403,1,2,Powell
-7.8,False,144,13,403,1,2,Powell
-8.0,False,144,13,403,1,2,Powell
2.0,True,15,13,404,1,2,Powell
1.8,True,33,13,404,1,2,Powell
1.6,True,33,13,404,1,2,Powell
1.4,True,33,13,404,1,2,Powell
1.2,True,35,13,404,1,2,Powell
1.0,True,35,13,404,1,2,Powell
0.8,True,36,13,404,1,2,Powell
0.6,True,40,13,404,1,2,Powell
0.4,False,120,13,404,1,2,Powell
0.2,False,120,13,404,1,2,Powell
0.0,False,120,13,404,1,2,Powell
-0.2,False,120,13,404,1,2,Powell
-0.4,False,120,13,404,1,2,Powell
-0.6,False,120,13,404,1,2,Powell
-0.8,False,120,13,404,1,2,Powell
-1.0,False,120,13,404,1,2,Powell
-1.2,False,120,13,404,1,2,Powell
-1.4,False,120,13,404,1,2,Powell
-1.6,False,120,13,404,1,2,Powell
-1.8,False,120,13,404,1,2,Powell
-2.0,False,120,13,404,1,2,Powell
-2.2,False,120,13,404,1,2,Powell
-2.4,False,120,13,404,1,2,Powell
-2.6,False,120,13,404,1,2,Powell
-2.8,False,120,13,404,1,2,Powell
-3.0,False,120,13,404,1,2,Powell
-3.2,False,120,13,404,1,2,Powell
-3.4,False,120,13,404,1,2,Powell
-3.6,False,120,13,404,1,2,Powell
-3.8,False,120,13,404,1,2,Powell
-4.0,False,120,13,404,1,2,Powell
-4.2,False,120,13,404,1,2,Powell
-4.4,False,120,13,404,1,2,Powell
-4.6,False,120,13,404,1,2,Powell
-4.8,False,120,13,404,1,2,Powell
-5.0,False,120,13,404,1,2,Powell
-5.2,False,120,13,404,1,2,Powell
-5.4,False,120,13,404,1,2,Powell
-5.6,False,120,13,404,1,2,Powell
-5.8,False,120,13,404,1,2,Powell
-6.0,False,120,13,404,1,2,Powell
-6.2,False,120,13,404,1,2,Powell
-6.4,False,120,13,404,1,2,Powell
-6.6,False,120,13,404,1,2,Powell
-6.8,False,120,13,404,1,2,Powell
-7.0,False,120,13,404,1,2,Powell
-7.2,False,120,13,404,1,2,Powell
-7.4,False,120,13,404,1,2,Powell
-7.6,False,120,13,404,1,2,Powell
-7.8,False,120,13,404,1,2,Powell
-8.0,False,120,13,404,1,2,Powell
2.0,True,4,13,405,1,2,Powell
1.8,True,11,13,405,1,2,Powell
1.6,True,11,13,405,1,2,Powell
1.4,True,11,13,405,1,2,Powell
1.2,False,122,13,405,1,2,Powell
1.0,False,122,13,405,1,2,Powell
0.8,False,122,13,405,1,2,Powell
0.6,False,122,13,405,1,2,Powell
0.4,False,122,13,405,1,2,Powell
0.2,False,122,13,405,1,2,Powell
0.0,False,122,13,405,1,2,Powell
-0.2,False,122,13,405,1,2,Powell
-0.4,False,122,13,405,1,2,Powell
-0.6,False,122,13,405,1,2,Powell
-0.8,False,122,13,405,1,2,Powell
-1.0,False,122,13,405,1,2,Powell
-1.2,False,122,13,405,1,2,Powell
-1.4,False,122,13,405,1,2,Powell
-1.6,False,122,13,405,1,2,Powell
-1.8,False,122,13,405,1,2,Powell
-2.0,False,122,13,405,1,2,Powell
-2.2,False,122,13,405,1,2,Powell
-2.4,False,122,13,405,1,2,Powell
-2.6,False,122,13,405,1,2,Powell
-2.8,False,122,13,405,1,2,Powell
-3.0,False,122,13,405,1,2,Powell
-3.2,False,122,13,405,1,2,Powell
-3.4,False,122,13,405,1,2,Powell
-3.6,False,122,13,405,1,2,Powell
-3.8,False,122,13,405,1,2,Powell
-4.0,False,122,13,405,1,2,Powell
-4.2,False,122,13,405,1,2,Powell
-4.4,False,122,13,405,1,2,Powell
-4.6,False,122,13,405,1,2,Powell
-4.8,False,122,13,405,1,2,Powell
-5.0,False,122,13,405,1,2,Powell
-5.2,False,122,13,405,1,2,Powell
-5.4,False,122,13,405,1,2,Powell
-5.6,False,122,13,405,1,2,Powell
-5.8,False,122,13,405,1,2,Powell
-6.0,False,122,13,405,1,2,Powell
-6.2,False,122,13,405,1,2,Powell
-6.4,False,122,13,405,1,2,Powell
-6.6,False,122,13,405,1,2,Powell
-6.8,False,122,13,405,1,2,Powell
-7.0,False,122,13,405,1,2,Powell
-7.2,False,122,13,405,1,2,Powell
-7.4,False,122,13,405,1,2,Powell
-7.6,False,122,13,405,1,2,Powell
-7.8,False,122,13,405,1,2,Powell
-8.0,False,122,13,405,1,2,Powell
2.0,True,1,13,406,1,2,Powell
1.8,True,3,13,406,1,2,Powell
1.6,True,3,13,406,1,2,Powell
1.4,True,3,13,406,1,2,Powell
1.2,True,3,13,406,1,2,Powell
1.0,True,3,13,406,1,2,Powell
0.8,True,3,13,406,1,2,Powell
0.6,True,3,13,406,1,2,Powell
0.4,True,9,13,406,1,2,Powell
0.2,True,9,13,406,1,2,Powell
0.0,True,21,13,406,1,2,Powell
-0.2,False,102,13,406,1,2,Powell
-0.4,False,102,13,406,1,2,Powell
-0.6,False,102,13,406,1,2,Powell
-0.8,False,102,13,406,1,2,Powell
-1.0,False,102,13,406,1,2,Powell
-1.2,False,102,13,406,1,2,Powell
-1.4,False,102,13,406,1,2,Powell
-1.6,False,102,13,406,1,2,Powell
-1.8,False,102,13,406,1,2,Powell
-2.0,False,102,13,406,1,2,Powell
-2.2,False,102,13,406,1,2,Powell
-2.4,False,102,13,406,1,2,Powell
-2.6,False,102,13,406,1,2,Powell
-2.8,False,102,13,406,1,2,Powell
-3.0,False,102,13,406,1,2,Powell
-3.2,False,102,13,406,1,2,Powell
-3.4,False,102,13,406,1,2,Powell
-3.6,False,102,13,406,1,2,Powell
-3.8,False,102,13,406,1,2,Powell
-4.0,False,102,13,406,1,2,Powell
-4.2,False,102,13,406,1,2,Powell
-4.4,False,102,13,406,1,2,Powell
-4.6,False,102,13,406,1,2,Powell
-4.8,False,102,13,406,1,2,Powell
-5.0,False,102,13,406,1,2,Powell
-5.2,False,102,13,406,1,2,Powell
-5.4,False,102,13,406,1,2,Powell
-5.6,False,102,13,406,1,2,Powell
-5.8,False,102,13,406,1,2,Powell
-6.0,False,102,13,406,1,2,Powell
-6.2,False,102,13,406,1,2,Powell
-6.4,False,102,13,406,1,2,Powell
-6.6,False,102,13,406,1,2,Powell
-6.8,False,102,13,406,1,2,Powell
-7.0,False,102,13,406,1,2,Powell
-7.2,False,102,13,406,1,2,Powell
-7.4,False,102,13,406,1,2,Powell
-7.6,False,102,13,406,1,2,Powell
-7.8,False,102,13,406,1,2,Powell
-8.0,False,102,13,406,1,2,Powell
2.0,True,4,13,407,1,2,Powell
1.8,True,8,13,407,1,2,Powell
1.6,True,8,13,407,1,2,Powell
1.4,True,9,13,407,1,2,Powell
1.2,True,11,13,407,1,2,Powell
1.0,False,105,13,407,1,2,Powell
0.8,False,105,13,407,1,2,Powell
0.6,False,105,13,407,1,2,Powell
0.4,False,105,13,407,1,2,Powell
0.2,False,105,13,407,1,2,Powell
0.0,False,105,13,407,1,2,Powell
-0.2,False,105,13,407,1,2,Powell
-0.4,False,105,13,407,1,2,Powell
-0.6,False,105,13,407,1,2,Powell
-0.8,False,105,13,407,1,2,Powell
-1.0,False,105,13,407,1,2,Powell
-1.2,False,105,13,407,1,2,Powell
-1.4,False,105,13,407,1,2,Powell
-1.6,False,105,13,407,1,2,Powell
-1.8,False,105,13,407,1,2,Powell
-2.0,False,105,13,407,1,2,Powell
-2.2,False,105,13,407,1,2,Powell
-2.4,False,105,13,407,1,2,Powell
-2.6,False,105,13,407,1,2,Powell
-2.8,False,105,13,407,1,2,Powell
-3.0,False,105,13,407,1,2,Powell
-3.2,False,105,13,407,1,2,Powell
-3.4,False,105,13,407,1,2,Powell
-3.6,False,105,13,407,1,2,Powell
-3.8,False,105,13,407,1,2,Powell
-4.0,False,105,13,407,1,2,Powell
-4.2,False,105,13,407,1,2,Powell
-4.4,False,105,13,407,1,2,Powell
-4.6,False,105,13,407,1,2,Powell
-4.8,False,105,13,407,1,2,Powell
-5.0,False,105,13,407,1,2,Powell
-5.2,False,105,13,407,1,2,Powell
-5.4,False,105,13,407,1,2,Powell
-5.6,False,105,13,407,1,2,Powell
-5.8,False,105,13,407,1,2,Powell
-6.0,False,105,13,407,1,2,Powell
-6.2,False,105,13,407,1,2,Powell
-6.4,False,105,13,407,1,2,Powell
-6.6,False,105,13,407,1,2,Powell
-6.8,False,105,13,407,1,2,Powell
-7.0,False,105,13,407,1,2,Powell
-7.2,False,105,13,407,1,2,Powell
-7.4,False,105,13,407,1,2,Powell
-7.6,False,105,13,407,1,2,Powell
-7.8,False,105,13,407,1,2,Powell
-8.0,False,105,13,407,1,2,Powell
2.0,True,9,13,408,1,2,Powell
1.8,True,9,13,408,1,2,Powell
1.6,True,9,13,408,1,2,Powell
1.4,True,9,13,408,1,2,Powell
1.2,True,18,13,408,1,2,Powell
1.0,False,148,13,408,1,2,Powell
0.8,False,148,13,408,1,2,Powell
0.6,False,148,13,408,1,2,Powell
0.4,False,148,13,408,1,2,Powell
0.2,False,148,13,408,1,2,Powell
0.0,False,148,13,408,1,2,Powell
-0.2,False,148,13,408,1,2,Powell
-0.4,False,148,13,408,1,2,Powell
-0.6,False,148,13,408,1,2,Powell
-0.8,False,148,13,408,1,2,Powell
-1.0,False,148,13,408,1,2,Powell
-1.2,False,148,13,408,1,2,Powell
-1.4,False,148,13,408,1,2,Powell
-1.6,False,148,13,408,1,2,Powell
-1.8,False,148,13,408,1,2,Powell
-2.0,False,148,13,408,1,2,Powell
-2.2,False,148,13,408,1,2,Powell
-2.4,False,148,13,408,1,2,Powell
-2.6,False,148,13,408,1,2,Powell
-2.8,False,148,13,408,1,2,Powell
-3.0,False,148,13,408,1,2,Powell
-3.2,False,148,13,408,1,2,Powell
-3.4,False,148,13,408,1,2,Powell
-3.6,False,148,13,408,1,2,Powell
-3.8,False,148,13,408,1,2,Powell
-4.0,False,148,13,408,1,2,Powell
-4.2,False,148,13,408,1,2,Powell
-4.4,False,148,13,408,1,2,Powell
-4.6,False,148,13,408,1,2,Powell
-4.8,False,148,13,408,1,2,Powell
-5.0,False,148,13,408,1,2,Powell
-5.2,False,148,13,408,1,2,Powell
-5.4,False,148,13,408,1,2,Powell
-5.6,False,148,13,408,1,2,Powell
-5.8,False,148,13,408,1,2,Powell
-6.0,False,148,13,408,1,2,Powell
-6.2,False,148,13,408,1,2,Powell
-6.4,False,148,13,408,1,2,Powell
-6.6,False,148,13,408,1,2,Powell
-6.8,False,148,13,408,1,2,Powell
-7.0,False,148,13,408,1,2,Powell
-7.2,False,148,13,408,1,2,Powell
-7.4,False,148,13,408,1,2,Powell
-7.6,False,148,13,408,1,2,Powell
-7.8,False,148,13,408,1,2,Powell
-8.0,False,148,13,408,1,2,Powell
2.0,True,4,13,409,1,2,Powell
1.8,True,5,13,409,1,2,Powell
1.6,True,6,13,409,1,2,Powell
1.4,True,8,13,409,1,2,Powell
1.2,True,8,13,409,1,2,Powell
1.0,True,8,13,409,1,2,Powell
0.8,True,8,13,409,1,2,Powell
0.6,True,11,13,409,1,2,Powell
0.4,True,11,13,409,1,2,Powell
0.2,False,87,13,409,1,2,Powell
0.0,False,87,13,409,1,2,Powell
-0.2,False,87,13,409,1,2,Powell
-0.4,False,87,13,409,1,2,Powell
-0.6,False,87,13,409,1,2,Powell
-0.8,False,87,13,409,1,2,Powell
-1.0,False,87,13,409,1,2,Powell
-1.2,False,87,13,409,1,2,Powell
-1.4,False,87,13,409,1,2,Powell
-1.6,False,87,13,409,1,2,Powell
-1.8,False,87,13,409,1,2,Powell
-2.0,False,87,13,409,1,2,Powell
-2.2,False,87,13,409,1,2,Powell
-2.4,False,87,13,409,1,2,Powell
-2.6,False,87,13,409,1,2,Powell
-2.8,False,87,13,409,1,2,Powell
-3.0,False,87,13,409,1,2,Powell
-3.2,False,87,13,409,1,2,Powell
-3.4,False,87,13,409,1,2,Powell
-3.6,False,87,13,409,1,2,Powell
-3.8,False,87,13,409,1,2,Powell
-4.0,False,87,13,409,1,2,Powell
-4.2,False,87,13,409,1,2,Powell
-4.4,False,87,13,409,1,2,Powell
-4.6,False,87,13,409,1,2,Powell
-4.8,False,87,13,409,1,2,Powell
-5.0,False,87,13,409,1,2,Powell
-5.2,False,87,13,409,1,2,Powell
-5.4,False,87,13,409,1,2,Powell
-5.6,False,87,13,409,1,2,Powell
-5.8,False,87,13,409,1,2,Powell
-6.0,False,87,13,409,1,2,Powell
-6.2,False,87,13,409,1,2,Powell
-6.4,False,87,13,409,1,2,Powell
-6.6,False,87,13,409,1,2,Powell
-6.8,False,87,13,409,1,2,Powell
-7.0,False,87,13,409,1,2,Powell
-7.2,False,87,13,409,1,2,Powell
-7.4,False,87,13,409,1,2,Powell
-7.6,False,87,13,409,1,2,Powell
-7.8,False,87,13,409,1,2,Powell
-8.0,False,87,13,409,1,2,Powell
2.0,True,12,13,410,1,2,Powell
1.8,True,12,13,410,1,2,Powell
1.6,True,36,13,410,1,2,Powell
1.4,True,45,13,410,1,2,Powell
1.2,True,45,13,410,1,2,Powell
1.0,True,48,13,410,1,2,Powell
0.8,True,48,13,410,1,2,Powell
0.6,True,48,13,410,1,2,Powell
0.4,True,48,13,410,1,2,Powell
0.2,True,48,13,410,1,2,Powell
0.0,True,49,13,410,1,2,Powell
-0.2,True,49,13,410,1,2,Powell
-0.4,True,61,13,410,1,2,Powell
-0.6,True,61,13,410,1,2,Powell
-0.8,True,61,13,410,1,2,Powell
-1.0,True,61,13,410,1,2,Powell
-1.2,True,61,13,410,1,2,Powell
-1.4,True,62,13,410,1,2,Powell
-1.6,True,65,13,410,1,2,Powell
-1.8,True,75,13,410,1,2,Powell
-2.0,True,90,13,410,1,2,Powell
-2.2,True,90,13,410,1,2,Powell
-2.4,True,90,13,410,1,2,Powell
-2.6,False,169,13,410,1,2,Powell
-2.8,False,169,13,410,1,2,Powell
-3.0,False,169,13,410,1,2,Powell
-3.2,False,169,13,410,1,2,Powell
-3.4,False,169,13,410,1,2,Powell
-3.6,False,169,13,410,1,2,Powell
-3.8,False,169,13,410,1,2,Powell
-4.0,False,169,13,410,1,2,Powell
-4.2,False,169,13,410,1,2,Powell
-4.4,False,169,13,410,1,2,Powell
-4.6,False,169,13,410,1,2,Powell
-4.8,False,169,13,410,1,2,Powell
-5.0,False,169,13,410,1,2,Powell
-5.2,False,169,13,410,1,2,Powell
-5.4,False,169,13,410,1,2,Powell
-5.6,False,169,13,410,1,2,Powell
-5.8,False,169,13,410,1,2,Powell
-6.0,False,169,13,410,1,2,Powell
-6.2,False,169,13,410,1,2,Powell
-6.4,False,169,13,410,1,2,Powell
-6.6,False,169,13,410,1,2,Powell
-6.8,False,169,13,410,1,2,Powell
-7.0,False,169,13,410,1,2,Powell
-7.2,False,169,13,410,1,2,Powell
-7.4,False,169,13,410,1,2,Powell
-7.6,False,169,13,410,1,2,Powell
-7.8,False,169,13,410,1,2,Powell
-8.0,False,169,13,410,1,2,Powell
2.0,True,4,13,411,1,2,Powell
1.8,True,12,13,411,1,2,Powell
1.6,True,12,13,411,1,2,Powell
1.4,True,12,13,411,1,2,Powell
1.2,True,12,13,411,1,2,Powell
1.0,True,12,13,411,1,2,Powell
0.8,True,12,13,411,1,2,Powell
0.6,True,12,13,411,1,2,Powell
0.4,True,12,13,411,1,2,Powell
0.2,True,12,13,411,1,2,Powell
0.0,True,12,13,411,1,2,Powell
-0.2,True,26,13,411,1,2,Powell
-0.4,False,86,13,411,1,2,Powell
-0.6,False,86,13,411,1,2,Powell
-0.8,False,86,13,411,1,2,Powell
-1.0,False,86,13,411,1,2,Powell
-1.2,False,86,13,411,1,2,Powell
-1.4,False,86,13,411,1,2,Powell
-1.6,False,86,13,411,1,2,Powell
-1.8,False,86,13,411,1,2,Powell
-2.0,False,86,13,411,1,2,Powell
-2.2,False,86,13,411,1,2,Powell
-2.4,False,86,13,411,1,2,Powell
-2.6,False,86,13,411,1,2,Powell
-2.8,False,86,13,411,1,2,Powell
-3.0,False,86,13,411,1,2,Powell
-3.2,False,86,13,411,1,2,Powell
-3.4,False,86,13,411,1,2,Powell
-3.6,False,86,13,411,1,2,Powell
-3.8,False,86,13,411,1,2,Powell
-4.0,False,86,13,411,1,2,Powell
-4.2,False,86,13,411,1,2,Powell
-4.4,False,86,13,411,1,2,Powell
-4.6,False,86,13,411,1,2,Powell
-4.8,False,86,13,411,1,2,Powell
-5.0,False,86,13,411,1,2,Powell
-5.2,False,86,13,411,1,2,Powell
-5.4,False,86,13,411,1,2,Powell
-5.6,False,86,13,411,1,2,Powell
-5.8,False,86,13,411,1,2,Powell
-6.0,False,86,13,411,1,2,Powell
-6.2,False,86,13,411,1,2,Powell
-6.4,False,86,13,411,1,2,Powell
-6.6,False,86,13,411,1,2,Powell
-6.8,False,86,13,411,1,2,Powell
-7.0,False,86,13,411,1,2,Powell
-7.2,False,86,13,411,1,2,Powell
-7.4,False,86,13,411,1,2,Powell
-7.6,False,86,13,411,1,2,Powell
-7.8,False,86,13,411,1,2,Powell
-8.0,False,86,13,411,1,2,Powell
2.0,False,104,13,412,1,2,Powell
1.8,False,104,13,412,1,2,Powell
1.6,False,104,13,412,1,2,Powell
1.4,False,104,13,412,1,2,Powell
1.2,False,104,13,412,1,2,Powell
1.0,False,104,13,412,1,2,Powell
0.8,False,104,13,412,1,2,Powell
0.6,False,104,13,412,1,2,Powell
0.4,False,104,13,412,1,2,Powell
0.2,False,104,13,412,1,2,Powell
0.0,False,104,13,412,1,2,Powell
-0.2,False,104,13,412,1,2,Powell
-0.4,False,104,13,412,1,2,Powell
-0.6,False,104,13,412,1,2,Powell
-0.8,False,104,13,412,1,2,Powell
-1.0,False,104,13,412,1,2,Powell
-1.2,False,104,13,412,1,2,Powell
-1.4,False,104,13,412,1,2,Powell
-1.6,False,104,13,412,1,2,Powell
-1.8,False,104,13,412,1,2,Powell
-2.0,False,104,13,412,1,2,Powell
-2.2,False,104,13,412,1,2,Powell
-2.4,False,104,13,412,1,2,Powell
-2.6,False,104,13,412,1,2,Powell
-2.8,False,104,13,412,1,2,Powell
-3.0,False,104,13,412,1,2,Powell
-3.2,False,104,13,412,1,2,Powell
-3.4,False,104,13,412,1,2,Powell
-3.6,False,104,13,412,1,2,Powell
-3.8,False,104,13,412,1,2,Powell
-4.0,False,104,13,412,1,2,Powell
-4.2,False,104,13,412,1,2,Powell
-4.4,False,104,13,412,1,2,Powell
-4.6,False,104,13,412,1,2,Powell
-4.8,False,104,13,412,1,2,Powell
-5.0,False,104,13,412,1,2,Powell
-5.2,False,104,13,412,1,2,Powell
-5.4,False,104,13,412,1,2,Powell
-5.6,False,104,13,412,1,2,Powell
-5.8,False,104,13,412,1,2,Powell
-6.0,False,104,13,412,1,2,Powell
-6.2,False,104,13,412,1,2,Powell
-6.4,False,104,13,412,1,2,Powell
-6.6,False,104,13,412,1,2,Powell
-6.8,False,104,13,412,1,2,Powell
-7.0,False,104,13,412,1,2,Powell
-7.2,False,104,13,412,1,2,Powell
-7.4,False,104,13,412,1,2,Powell
-7.6,False,104,13,412,1,2,Powell
-7.8,False,104,13,412,1,2,Powell
-8.0,False,104,13,412,1,2,Powell
2.0,True,3,13,413,1,2,Powell
1.8,True,11,13,413,1,2,Powell
1.6,True,11,13,413,1,2,Powell
1.4,True,11,13,413,1,2,Powell
1.2,True,11,13,413,1,2,Powell
1.0,True,15,13,413,1,2,Powell
0.8,True,16,13,413,1,2,Powell
0.6,True,16,13,413,1,2,Powell
0.4,True,18,13,413,1,2,Powell
0.2,True,18,13,413,1,2,Powell
0.0,True,28,13,413,1,2,Powell
-0.2,True,43,13,413,1,2,Powell
-0.4,True,43,13,413,1,2,Powell
-0.6,True,50,13,413,1,2,Powell
-0.8,True,50,13,413,1,2,Powell
-1.0,True,64,13,413,1,2,Powell
-1.2,True,67,13,413,1,2,Powell
-1.4,True,71,13,413,1,2,Powell
-1.6,True,93,13,413,1,2,Powell
-1.8,True,93,13,413,1,2,Powell
-2.0,False,110,13,413,1,2,Powell
-2.2,False,110,13,413,1,2,Powell
-2.4,False,110,13,413,1,2,Powell
-2.6,False,110,13,413,1,2,Powell
-2.8,False,110,13,413,1,2,Powell
-3.0,False,110,13,413,1,2,Powell
-3.2,False,110,13,413,1,2,Powell
-3.4,False,110,13,413,1,2,Powell
-3.6,False,110,13,413,1,2,Powell
-3.8,False,110,13,413,1,2,Powell
-4.0,False,110,13,413,1,2,Powell
-4.2,False,110,13,413,1,2,Powell
-4.4,False,110,13,413,1,2,Powell
-4.6,False,110,13,413,1,2,Powell
-4.8,False,110,13,413,1,2,Powell
-5.0,False,110,13,413,1,2,Powell
-5.2,False,110,13,413,1,2,Powell
-5.4,False,110,13,413,1,2,Powell
-5.6,False,110,13,413,1,2,Powell
-5.8,False,110,13,413,1,2,Powell
-6.0,False,110,13,413,1,2,Powell
-6.2,False,110,13,413,1,2,Powell
-6.4,False,110,13,413,1,2,Powell
-6.6,False,110,13,413,1,2,Powell
-6.8,False,110,13,413,1,2,Powell
-7.0,False,110,13,413,1,2,Powell
-7.2,False,110,13,413,1,2,Powell
-7.4,False,110,13,413,1,2,Powell
-7.6,False,110,13,413,1,2,Powell
-7.8,False,110,13,413,1,2,Powell
-8.0,False,110,13,413,1,2,Powell
2.0,True,4,13,414,1,2,Powell
1.8,True,4,13,414,1,2,Powell
1.6,True,10,13,414,1,2,Powell
1.4,True,12,13,414,1,2,Powell
1.2,True,12,13,414,1,2,Powell
1.0,False,83,13,414,1,2,Powell
0.8,False,83,13,414,1,2,Powell
0.6,False,83,13,414,1,2,Powell
0.4,False,83,13,414,1,2,Powell
0.2,False,83,13,414,1,2,Powell
0.0,False,83,13,414,1,2,Powell
-0.2,False,83,13,414,1,2,Powell
-0.4,False,83,13,414,1,2,Powell
-0.6,False,83,13,414,1,2,Powell
-0.8,False,83,13,414,1,2,Powell
-1.0,False,83,13,414,1,2,Powell
-1.2,False,83,13,414,1,2,Powell
-1.4,False,83,13,414,1,2,Powell
-1.6,False,83,13,414,1,2,Powell
-1.8,False,83,13,414,1,2,Powell
-2.0,False,83,13,414,1,2,Powell
-2.2,False,83,13,414,1,2,Powell
-2.4,False,83,13,414,1,2,Powell
-2.6,False,83,13,414,1,2,Powell
-2.8,False,83,13,414,1,2,Powell
-3.0,False,83,13,414,1,2,Powell
-3.2,False,83,13,414,1,2,Powell
-3.4,False,83,13,414,1,2,Powell
-3.6,False,83,13,414,1,2,Powell
-3.8,False,83,13,414,1,2,Powell
-4.0,False,83,13,414,1,2,Powell
-4.2,False,83,13,414,1,2,Powell
-4.4,False,83,13,414,1,2,Powell
-4.6,False,83,13,414,1,2,Powell
-4.8,False,83,13,414,1,2,Powell
-5.0,False,83,13,414,1,2,Powell
-5.2,False,83,13,414,1,2,Powell
-5.4,False,83,13,414,1,2,Powell
-5.6,False,83,13,414,1,2,Powell
-5.8,False,83,13,414,1,2,Powell
-6.0,False,83,13,414,1,2,Powell
-6.2,False,83,13,414,1,2,Powell
-6.4,False,83,13,414,1,2,Powell
-6.6,False,83,13,414,1,2,Powell
-6.8,False,83,13,414,1,2,Powell
-7.0,False,83,13,414,1,2,Powell
-7.2,False,83,13,414,1,2,Powell
-7.4,False,83,13,414,1,2,Powell
-7.6,False,83,13,414,1,2,Powell
-7.8,False,83,13,414,1,2,Powell
-8.0,False,83,13,414,1,2,Powell
2.0,True,5,13,415,1,2,Powell
1.8,True,7,13,415,1,2,Powell
1.6,True,7,13,415,1,2,Powell
1.4,True,7,13,415,1,2,Powell
1.2,True,10,13,415,1,2,Powell
1.0,False,87,13,415,1,2,Powell
0.8,False,87,13,415,1,2,Powell
0.6,False,87,13,415,1,2,Powell
0.4,False,87,13,415,1,2,Powell
0.2,False,87,13,415,1,2,Powell
0.0,False,87,13,415,1,2,Powell
-0.2,False,87,13,415,1,2,Powell
-0.4,False,87,13,415,1,2,Powell
-0.6,False,87,13,415,1,2,Powell
-0.8,False,87,13,415,1,2,Powell
-1.0,False,87,13,415,1,2,Powell
-1.2,False,87,13,415,1,2,Powell
-1.4,False,87,13,415,1,2,Powell
-1.6,False,87,13,415,1,2,Powell
-1.8,False,87,13,415,1,2,Powell
-2.0,False,87,13,415,1,2,Powell
-2.2,False,87,13,415,1,2,Powell
-2.4,False,87,13,415,1,2,Powell
-2.6,False,87,13,415,1,2,Powell
-2.8,False,87,13,415,1,2,Powell
-3.0,False,87,13,415,1,2,Powell
-3.2,False,87,13,415,1,2,Powell
-3.4,False,87,13,415,1,2,Powell
-3.6,False,87,13,415,1,2,Powell
-3.8,False,87,13,415,1,2,Powell
-4.0,False,87,13,415,1,2,Powell
-4.2,False,87,13,415,1,2,Powell
-4.4,False,87,13,415,1,2,Powell
-4.6,False,87,13,415,1,2,Powell
-4.8,False,87,13,415,1,2,Powell
-5.0,False,87,13,415,1,2,Powell
-5.2,False,87,13,415,1,2,Powell
-5.4,False,87,13,415,1,2,Powell
-5.6,False,87,13,415,1,2,Powell
-5.8,False,87,13,415,1,2,Powell
-6.0,False,87,13,415,1,2,Powell
-6.2,False,87,13,415,1,2,Powell
-6.4,False,87,13,415,1,2,Powell
-6.6,False,87,13,415,1,2,Powell
-6.8,False,87,13,415,1,2,Powell
-7.0,False,87,13,415,1,2,Powell
-7.2,False,87,13,415,1,2,Powell
-7.4,False,87,13,415,1,2,Powell
-7.6,False,87,13,415,1,2,Powell
-7.8,False,87,13,415,1,2,Powell
-8.0,False,87,13,415,1,2,Powell
2.0,True,1,13,416,1,2,Powell
1.8,True,4,13,416,1,2,Powell
1.6,True,4,13,416,1,2,Powell
1.4,True,4,13,416,1,2,Powell
1.2,True,6,13,416,1,2,Powell
1.0,False,115,13,416,1,2,Powell
0.8,False,115,13,416,1,2,Powell
0.6,False,115,13,416,1,2,Powell
0.4,False,115,13,416,1,2,Powell
0.2,False,115,13,416,1,2,Powell
0.0,False,115,13,416,1,2,Powell
-0.2,False,115,13,416,1,2,Powell
-0.4,False,115,13,416,1,2,Powell
-0.6,False,115,13,416,1,2,Powell
-0.8,False,115,13,416,1,2,Powell
-1.0,False,115,13,416,1,2,Powell
-1.2,False,115,13,416,1,2,Powell
-1.4,False,115,13,416,1,2,Powell
-1.6,False,115,13,416,1,2,Powell
-1.8,False,115,13,416,1,2,Powell
-2.0,False,115,13,416,1,2,Powell
-2.2,False,115,13,416,1,2,Powell
-2.4,False,115,13,416,1,2,Powell
-2.6,False,115,13,416,1,2,Powell
-2.8,False,115,13,416,1,2,Powell
-3.0,False,115,13,416,1,2,Powell
-3.2,False,115,13,416,1,2,Powell
-3.4,False,115,13,416,1,2,Powell
-3.6,False,115,13,416,1,2,Powell
-3.8,False,115,13,416,1,2,Powell
-4.0,False,115,13,416,1,2,Powell
-4.2,False,115,13,416,1,2,Powell
-4.4,False,115,13,416,1,2,Powell
-4.6,False,115,13,416,1,2,Powell
-4.8,False,115,13,416,1,2,Powell
-5.0,False,115,13,416,1,2,Powell
-5.2,False,115,13,416,1,2,Powell
-5.4,False,115,13,416,1,2,Powell
-5.6,False,115,13,416,1,2,Powell
-5.8,False,115,13,416,1,2,Powell
-6.0,False,115,13,416,1,2,Powell
-6.2,False,115,13,416,1,2,Powell
-6.4,False,115,13,416,1,2,Powell
-6.6,False,115,13,416,1,2,Powell
-6.8,False,115,13,416,1,2,Powell
-7.0,False,115,13,416,1,2,Powell
-7.2,False,115,13,416,1,2,Powell
-7.4,False,115,13,416,1,2,Powell
-7.6,False,115,13,416,1,2,Powell
-7.8,False,115,13,416,1,2,Powell
-8.0,False,115,13,416,1,2,Powell
2.0,True,13,13,417,1,2,Powell
1.8,True,13,13,417,1,2,Powell
1.6,True,15,13,417,1,2,Powell
1.4,True,15,13,417,1,2,Powell
1.2,True,17,13,417,1,2,Powell
1.0,True,17,13,417,1,2,Powell
0.8,True,17,13,417,1,2,Powell
0.6,True,17,13,417,1,2,Powell
0.4,True,17,13,417,1,2,Powell
0.2,True,20,13,417,1,2,Powell
0.0,True,20,13,417,1,2,Powell
-0.2,True,20,13,417,1,2,Powell
-0.4,True,41,13,417,1,2,Powell
-0.6,True,41,13,417,1,2,Powell
-0.8,True,41,13,417,1,2,Powell
-1.0,True,42,13,417,1,2,Powell
-1.2,True,42,13,417,1,2,Powell
-1.4,True,42,13,417,1,2,Powell
-1.6,True,42,13,417,1,2,Powell
-1.8,False,80,13,417,1,2,Powell
-2.0,False,80,13,417,1,2,Powell
-2.2,False,80,13,417,1,2,Powell
-2.4,False,80,13,417,1,2,Powell
-2.6,False,80,13,417,1,2,Powell
-2.8,False,80,13,417,1,2,Powell
-3.0,False,80,13,417,1,2,Powell
-3.2,False,80,13,417,1,2,Powell
-3.4,False,80,13,417,1,2,Powell
-3.6,False,80,13,417,1,2,Powell
-3.8,False,80,13,417,1,2,Powell
-4.0,False,80,13,417,1,2,Powell
-4.2,False,80,13,417,1,2,Powell
-4.4,False,80,13,417,1,2,Powell
-4.6,False,80,13,417,1,2,Powell
-4.8,False,80,13,417,1,2,Powell
-5.0,False,80,13,417,1,2,Powell
-5.2,False,80,13,417,1,2,Powell
-5.4,False,80,13,417,1,2,Powell
-5.6,False,80,13,417,1,2,Powell
-5.8,False,80,13,417,1,2,Powell
-6.0,False,80,13,417,1,2,Powell
-6.2,False,80,13,417,1,2,Powell
-6.4,False,80,13,417,1,2,Powell
-6.6,False,80,13,417,1,2,Powell
-6.8,False,80,13,417,1,2,Powell
-7.0,False,80,13,417,1,2,Powell
-7.2,False,80,13,417,1,2,Powell
-7.4,False,80,13,417,1,2,Powell
-7.6,False,80,13,417,1,2,Powell
-7.8,False,80,13,417,1,2,Powell
-8.0,False,80,13,417,1,2,Powell
2.0,True,11,13,418,1,2,Powell
1.8,True,11,13,418,1,2,Powell
1.6,True,11,13,418,1,2,Powell
1.4,True,12,13,418,1,2,Powell
1.2,True,14,13,418,1,2,Powell
1.0,True,14,13,418,1,2,Powell
0.8,True,23,13,418,1,2,Powell
0.6,False,84,13,418,1,2,Powell
0.4,False,84,13,418,1,2,Powell
0.2,False,84,13,418,1,2,Powell
0.0,False,84,13,418,1,2,Powell
-0.2,False,84,13,418,1,2,Powell
-0.4,False,84,13,418,1,2,Powell
-0.6,False,84,13,418,1,2,Powell
-0.8,False,84,13,418,1,2,Powell
-1.0,False,84,13,418,1,2,Powell
-1.2,False,84,13,418,1,2,Powell
-1.4,False,84,13,418,1,2,Powell
-1.6,False,84,13,418,1,2,Powell
-1.8,False,84,13,418,1,2,Powell
-2.0,False,84,13,418,1,2,Powell
-2.2,False,84,13,418,1,2,Powell
-2.4,False,84,13,418,1,2,Powell
-2.6,False,84,13,418,1,2,Powell
-2.8,False,84,13,418,1,2,Powell
-3.0,False,84,13,418,1,2,Powell
-3.2,False,84,13,418,1,2,Powell
-3.4,False,84,13,418,1,2,Powell
-3.6,False,84,13,418,1,2,Powell
-3.8,False,84,13,418,1,2,Powell
-4.0,False,84,13,418,1,2,Powell
-4.2,False,84,13,418,1,2,Powell
-4.4,False,84,13,418,1,2,Powell
-4.6,False,84,13,418,1,2,Powell
-4.8,False,84,13,418,1,2,Powell
-5.0,False,84,13,418,1,2,Powell
-5.2,False,84,13,418,1,2,Powell
-5.4,False,84,13,418,1,2,Powell
-5.6,False,84,13,418,1,2,Powell
-5.8,False,84,13,418,1,2,Powell
-6.0,False,84,13,418,1,2,Powell
-6.2,False,84,13,418,1,2,Powell
-6.4,False,84,13,418,1,2,Powell
-6.6,False,84,13,418,1,2,Powell
-6.8,False,84,13,418,1,2,Powell
-7.0,False,84,13,418,1,2,Powell
-7.2,False,84,13,418,1,2,Powell
-7.4,False,84,13,418,1,2,Powell
-7.6,False,84,13,418,1,2,Powell
-7.8,False,84,13,418,1,2,Powell
-8.0,False,84,13,418,1,2,Powell
2.0,True,3,13,419,1,2,Powell
1.8,True,5,13,419,1,2,Powell
1.6,True,5,13,419,1,2,Powell
1.4,True,5,13,419,1,2,Powell
1.2,True,5,13,419,1,2,Powell
1.0,True,5,13,419,1,2,Powell
0.8,True,5,13,419,1,2,Powell
0.6,True,7,13,419,1,2,Powell
0.4,True,9,13,419,1,2,Powell
0.2,True,9,13,419,1,2,Powell
0.0,True,9,13,419,1,2,Powell
-0.2,True,9,13,419,1,2,Powell
-0.4,True,9,13,419,1,2,Powell
-0.6,True,9,13,419,1,2,Powell
-0.8,True,9,13,419,1,2,Powell
-1.0,True,9,13,419,1,2,Powell
-1.2,True,9,13,419,1,2,Powell
-1.4,True,9,13,419,1,2,Powell
-1.6,True,25,13,419,1,2,Powell
-1.8,True,25,13,419,1,2,Powell
-2.0,True,25,13,419,1,2,Powell
-2.2,True,26,13,419,1,2,Powell
-2.4,True,26,13,419,1,2,Powell
-2.6,True,26,13,419,1,2,Powell
-2.8,True,26,13,419,1,2,Powell
-3.0,True,26,13,419,1,2,Powell
-3.2,True,26,13,419,1,2,Powell
-3.4,True,26,13,419,1,2,Powell
-3.6,True,26,13,419,1,2,Powell
-3.8,True,26,13,419,1,2,Powell
-4.0,True,26,13,419,1,2,Powell
-4.2,True,26,13,419,1,2,Powell
-4.4,False,89,13,419,1,2,Powell
-4.6,False,89,13,419,1,2,Powell
-4.8,False,89,13,419,1,2,Powell
-5.0,False,89,13,419,1,2,Powell
-5.2,False,89,13,419,1,2,Powell
-5.4,False,89,13,419,1,2,Powell
-5.6,False,89,13,419,1,2,Powell
-5.8,False,89,13,419,1,2,Powell
-6.0,False,89,13,419,1,2,Powell
-6.2,False,89,13,419,1,2,Powell
-6.4,False,89,13,419,1,2,Powell
-6.6,False,89,13,419,1,2,Powell
-6.8,False,89,13,419,1,2,Powell
-7.0,False,89,13,419,1,2,Powell
-7.2,False,89,13,419,1,2,Powell
-7.4,False,89,13,419,1,2,Powell
-7.6,False,89,13,419,1,2,Powell
-7.8,False,89,13,419,1,2,Powell
-8.0,False,89,13,419,1,2,Powell
2.0,True,14,13,420,1,2,Powell
1.8,False,158,13,420,1,2,Powell
1.6,False,158,13,420,1,2,Powell
1.4,False,158,13,420,1,2,Powell
1.2,False,158,13,420,1,2,Powell
1.0,False,158,13,420,1,2,Powell
0.8,False,158,13,420,1,2,Powell
0.6,False,158,13,420,1,2,Powell
0.4,False,158,13,420,1,2,Powell
0.2,False,158,13,420,1,2,Powell
0.0,False,158,13,420,1,2,Powell
-0.2,False,158,13,420,1,2,Powell
-0.4,False,158,13,420,1,2,Powell
-0.6,False,158,13,420,1,2,Powell
-0.8,False,158,13,420,1,2,Powell
-1.0,False,158,13,420,1,2,Powell
-1.2,False,158,13,420,1,2,Powell
-1.4,False,158,13,420,1,2,Powell
-1.6,False,158,13,420,1,2,Powell
-1.8,False,158,13,420,1,2,Powell
-2.0,False,158,13,420,1,2,Powell
-2.2,False,158,13,420,1,2,Powell
-2.4,False,158,13,420,1,2,Powell
-2.6,False,158,13,420,1,2,Powell
-2.8,False,158,13,420,1,2,Powell
-3.0,False,158,13,420,1,2,Powell
-3.2,False,158,13,420,1,2,Powell
-3.4,False,158,13,420,1,2,Powell
-3.6,False,158,13,420,1,2,Powell
-3.8,False,158,13,420,1,2,Powell
-4.0,False,158,13,420,1,2,Powell
-4.2,False,158,13,420,1,2,Powell
-4.4,False,158,13,420,1,2,Powell
-4.6,False,158,13,420,1,2,Powell
-4.8,False,158,13,420,1,2,Powell
-5.0,False,158,13,420,1,2,Powell
-5.2,False,158,13,420,1,2,Powell
-5.4,False,158,13,420,1,2,Powell
-5.6,False,158,13,420,1,2,Powell
-5.8,False,158,13,420,1,2,Powell
-6.0,False,158,13,420,1,2,Powell
-6.2,False,158,13,420,1,2,Powell
-6.4,False,158,13,420,1,2,Powell
-6.6,False,158,13,420,1,2,Powell
-6.8,False,158,13,420,1,2,Powell
-7.0,False,158,13,420,1,2,Powell
-7.2,False,158,13,420,1,2,Powell
-7.4,False,158,13,420,1,2,Powell
-7.6,False,158,13,420,1,2,Powell
-7.8,False,158,13,420,1,2,Powell
-8.0,False,158,13,420,1,2,Powell
2.0,True,4,13,421,1,2,Powell
1.8,True,4,13,421,1,2,Powell
1.6,True,4,13,421,1,2,Powell
1.4,True,6,13,421,1,2,Powell
1.2,True,6,13,421,1,2,Powell
1.0,True,8,13,421,1,2,Powell
0.8,True,8,13,421,1,2,Powell
0.6,True,8,13,421,1,2,Powell
0.4,True,8,13,421,1,2,Powell
0.2,True,8,13,421,1,2,Powell
0.0,True,8,13,421,1,2,Powell
-0.2,True,8,13,421,1,2,Powell
-0.4,True,22,13,421,1,2,Powell
-0.6,False,104,13,421,1,2,Powell
-0.8,False,104,13,421,1,2,Powell
-1.0,False,104,13,421,1,2,Powell
-1.2,False,104,13,421,1,2,Powell
-1.4,False,104,13,421,1,2,Powell
-1.6,False,104,13,421,1,2,Powell
-1.8,False,104,13,421,1,2,Powell
-2.0,False,104,13,421,1,2,Powell
-2.2,False,104,13,421,1,2,Powell
-2.4,False,104,13,421,1,2,Powell
-2.6,False,104,13,421,1,2,Powell
-2.8,False,104,13,421,1,2,Powell
-3.0,False,104,13,421,1,2,Powell
-3.2,False,104,13,421,1,2,Powell
-3.4,False,104,13,421,1,2,Powell
-3.6,False,104,13,421,1,2,Powell
-3.8,False,104,13,421,1,2,Powell
-4.0,False,104,13,421,1,2,Powell
-4.2,False,104,13,421,1,2,Powell
-4.4,False,104,13,421,1,2,Powell
-4.6,False,104,13,421,1,2,Powell
-4.8,False,104,13,421,1,2,Powell
-5.0,False,104,13,421,1,2,Powell
-5.2,False,104,13,421,1,2,Powell
-5.4,False,104,13,421,1,2,Powell
-5.6,False,104,13,421,1,2,Powell
-5.8,False,104,13,421,1,2,Powell
-6.0,False,104,13,421,1,2,Powell
-6.2,False,104,13,421,1,2,Powell
-6.4,False,104,13,421,1,2,Powell
-6.6,False,104,13,421,1,2,Powell
-6.8,False,104,13,421,1,2,Powell
-7.0,False,104,13,421,1,2,Powell
-7.2,False,104,13,421,1,2,Powell
-7.4,False,104,13,421,1,2,Powell
-7.6,False,104,13,421,1,2,Powell
-7.8,False,104,13,421,1,2,Powell
-8.0,False,104,13,421,1,2,Powell
2.0,True,8,13,422,1,2,Powell
1.8,True,10,13,422,1,2,Powell
1.6,True,12,13,422,1,2,Powell
1.4,False,76,13,422,1,2,Powell
1.2,False,76,13,422,1,2,Powell
1.0,False,76,13,422,1,2,Powell
0.8,False,76,13,422,1,2,Powell
0.6,False,76,13,422,1,2,Powell
0.4,False,76,13,422,1,2,Powell
0.2,False,76,13,422,1,2,Powell
0.0,False,76,13,422,1,2,Powell
-0.2,False,76,13,422,1,2,Powell
-0.4,False,76,13,422,1,2,Powell
-0.6,False,76,13,422,1,2,Powell
-0.8,False,76,13,422,1,2,Powell
-1.0,False,76,13,422,1,2,Powell
-1.2,False,76,13,422,1,2,Powell
-1.4,False,76,13,422,1,2,Powell
-1.6,False,76,13,422,1,2,Powell
-1.8,False,76,13,422,1,2,Powell
-2.0,False,76,13,422,1,2,Powell
-2.2,False,76,13,422,1,2,Powell
-2.4,False,76,13,422,1,2,Powell
-2.6,False,76,13,422,1,2,Powell
-2.8,False,76,13,422,1,2,Powell
-3.0,False,76,13,422,1,2,Powell
-3.2,False,76,13,422,1,2,Powell
-3.4,False,76,13,422,1,2,Powell
-3.6,False,76,13,422,1,2,Powell
-3.8,False,76,13,422,1,2,Powell
-4.0,False,76,13,422,1,2,Powell
-4.2,False,76,13,422,1,2,Powell
-4.4,False,76,13,422,1,2,Powell
-4.6,False,76,13,422,1,2,Powell
-4.8,False,76,13,422,1,2,Powell
-5.0,False,76,13,422,1,2,Powell
-5.2,False,76,13,422,1,2,Powell
-5.4,False,76,13,422,1,2,Powell
-5.6,False,76,13,422,1,2,Powell
-5.8,False,76,13,422,1,2,Powell
-6.0,False,76,13,422,1,2,Powell
-6.2,False,76,13,422,1,2,Powell
-6.4,False,76,13,422,1,2,Powell
-6.6,False,76,13,422,1,2,Powell
-6.8,False,76,13,422,1,2,Powell
-7.0,False,76,13,422,1,2,Powell
-7.2,False,76,13,422,1,2,Powell
-7.4,False,76,13,422,1,2,Powell
-7.6,False,76,13,422,1,2,Powell
-7.8,False,76,13,422,1,2,Powell
-8.0,False,76,13,422,1,2,Powell
2.0,True,12,13,423,1,2,Powell
1.8,True,12,13,423,1,2,Powell
1.6,True,12,13,423,1,2,Powell
1.4,True,12,13,423,1,2,Powell
1.2,True,14,13,423,1,2,Powell
1.0,True,14,13,423,1,2,Powell
0.8,True,14,13,423,1,2,Powell
0.6,True,26,13,423,1,2,Powell
0.4,False,106,13,423,1,2,Powell
0.2,False,106,13,423,1,2,Powell
0.0,False,106,13,423,1,2,Powell
-0.2,False,106,13,423,1,2,Powell
-0.4,False,106,13,423,1,2,Powell
-0.6,False,106,13,423,1,2,Powell
-0.8,False,106,13,423,1,2,Powell
-1.0,False,106,13,423,1,2,Powell
-1.2,False,106,13,423,1,2,Powell
-1.4,False,106,13,423,1,2,Powell
-1.6,False,106,13,423,1,2,Powell
-1.8,False,106,13,423,1,2,Powell
-2.0,False,106,13,423,1,2,Powell
-2.2,False,106,13,423,1,2,Powell
-2.4,False,106,13,423,1,2,Powell
-2.6,False,106,13,423,1,2,Powell
-2.8,False,106,13,423,1,2,Powell
-3.0,False,106,13,423,1,2,Powell
-3.2,False,106,13,423,1,2,Powell
-3.4,False,106,13,423,1,2,Powell
-3.6,False,106,13,423,1,2,Powell
-3.8,False,106,13,423,1,2,Powell
-4.0,False,106,13,423,1,2,Powell
-4.2,False,106,13,423,1,2,Powell
-4.4,False,106,13,423,1,2,Powell
-4.6,False,106,13,423,1,2,Powell
-4.8,False,106,13,423,1,2,Powell
-5.0,False,106,13,423,1,2,Powell
-5.2,False,106,13,423,1,2,Powell
-5.4,False,106,13,423,1,2,Powell
-5.6,False,106,13,423,1,2,Powell
-5.8,False,106,13,423,1,2,Powell
-6.0,False,106,13,423,1,2,Powell
-6.2,False,106,13,423,1,2,Powell
-6.4,False,106,13,423,1,2,Powell
-6.6,False,106,13,423,1,2,Powell
-6.8,False,106,13,423,1,2,Powell
-7.0,False,106,13,423,1,2,Powell
-7.2,False,106,13,423,1,2,Powell
-7.4,False,106,13,423,1,2,Powell
-7.6,False,106,13,423,1,2,Powell
-7.8,False,106,13,423,1,2,Powell
-8.0,False,106,13,423,1,2,Powell
2.0,True,1,13,424,1,2,Powell
1.8,True,1,13,424,1,2,Powell
1.6,True,7,13,424,1,2,Powell
1.4,True,7,13,424,1,2,Powell
1.2,True,7,13,424,1,2,Powell
1.0,True,7,13,424,1,2,Powell
0.8,True,7,13,424,1,2,Powell
0.6,True,12,13,424,1,2,Powell
0.4,False,108,13,424,1,2,Powell
0.2,False,108,13,424,1,2,Powell
0.0,False,108,13,424,1,2,Powell
-0.2,False,108,13,424,1,2,Powell
-0.4,False,108,13,424,1,2,Powell
-0.6,False,108,13,424,1,2,Powell
-0.8,False,108,13,424,1,2,Powell
-1.0,False,108,13,424,1,2,Powell
-1.2,False,108,13,424,1,2,Powell
-1.4,False,108,13,424,1,2,Powell
-1.6,False,108,13,424,1,2,Powell
-1.8,False,108,13,424,1,2,Powell
-2.0,False,108,13,424,1,2,Powell
-2.2,False,108,13,424,1,2,Powell
-2.4,False,108,13,424,1,2,Powell
-2.6,False,108,13,424,1,2,Powell
-2.8,False,108,13,424,1,2,Powell
-3.0,False,108,13,424,1,2,Powell
-3.2,False,108,13,424,1,2,Powell
-3.4,False,108,13,424,1,2,Powell
-3.6,False,108,13,424,1,2,Powell
-3.8,False,108,13,424,1,2,Powell
-4.0,False,108,13,424,1,2,Powell
-4.2,False,108,13,424,1,2,Powell
-4.4,False,108,13,424,1,2,Powell
-4.6,False,108,13,424,1,2,Powell
-4.8,False,108,13,424,1,2,Powell
-5.0,False,108,13,424,1,2,Powell
-5.2,False,108,13,424,1,2,Powell
-5.4,False,108,13,424,1,2,Powell
-5.6,False,108,13,424,1,2,Powell
-5.8,False,108,13,424,1,2,Powell
-6.0,False,108,13,424,1,2,Powell
-6.2,False,108,13,424,1,2,Powell
-6.4,False,108,13,424,1,2,Powell
-6.6,False,108,13,424,1,2,Powell
-6.8,False,108,13,424,1,2,Powell
-7.0,False,108,13,424,1,2,Powell
-7.2,False,108,13,424,1,2,Powell
-7.4,False,108,13,424,1,2,Powell
-7.6,False,108,13,424,1,2,Powell
-7.8,False,108,13,424,1,2,Powell
-8.0,False,108,13,424,1,2,Powell
2.0,True,8,13,425,1,2,Powell
1.8,True,12,13,425,1,2,Powell
1.6,False,166,13,425,1,2,Powell
1.4,False,166,13,425,1,2,Powell
1.2,False,166,13,425,1,2,Powell
1.0,False,166,13,425,1,2,Powell
0.8,False,166,13,425,1,2,Powell
0.6,False,166,13,425,1,2,Powell
0.4,False,166,13,425,1,2,Powell
0.2,False,166,13,425,1,2,Powell
0.0,False,166,13,425,1,2,Powell
-0.2,False,166,13,425,1,2,Powell
-0.4,False,166,13,425,1,2,Powell
-0.6,False,166,13,425,1,2,Powell
-0.8,False,166,13,425,1,2,Powell
-1.0,False,166,13,425,1,2,Powell
-1.2,False,166,13,425,1,2,Powell
-1.4,False,166,13,425,1,2,Powell
-1.6,False,166,13,425,1,2,Powell
-1.8,False,166,13,425,1,2,Powell
-2.0,False,166,13,425,1,2,Powell
-2.2,False,166,13,425,1,2,Powell
-2.4,False,166,13,425,1,2,Powell
-2.6,False,166,13,425,1,2,Powell
-2.8,False,166,13,425,1,2,Powell
-3.0,False,166,13,425,1,2,Powell
-3.2,False,166,13,425,1,2,Powell
-3.4,False,166,13,425,1,2,Powell
-3.6,False,166,13,425,1,2,Powell
-3.8,False,166,13,425,1,2,Powell
-4.0,False,166,13,425,1,2,Powell
-4.2,False,166,13,425,1,2,Powell
-4.4,False,166,13,425,1,2,Powell
-4.6,False,166,13,425,1,2,Powell
-4.8,False,166,13,425,1,2,Powell
-5.0,False,166,13,425,1,2,Powell
-5.2,False,166,13,425,1,2,Powell
-5.4,False,166,13,425,1,2,Powell
-5.6,False,166,13,425,1,2,Powell
-5.8,False,166,13,425,1,2,Powell
-6.0,False,166,13,425,1,2,Powell
-6.2,False,166,13,425,1,2,Powell
-6.4,False,166,13,425,1,2,Powell
-6.6,False,166,13,425,1,2,Powell
-6.8,False,166,13,425,1,2,Powell
-7.0,False,166,13,425,1,2,Powell
-7.2,False,166,13,425,1,2,Powell
-7.4,False,166,13,425,1,2,Powell
-7.6,False,166,13,425,1,2,Powell
-7.8,False,166,13,425,1,2,Powell
-8.0,False,166,13,425,1,2,Powell
2.0,True,13,13,426,1,2,Powell
1.8,True,13,13,426,1,2,Powell
1.6,True,13,13,426,1,2,Powell
1.4,True,20,13,426,1,2,Powell
1.2,True,20,13,426,1,2,Powell
1.0,True,20,13,426,1,2,Powell
0.8,False,130,13,426,1,2,Powell
0.6,False,130,13,426,1,2,Powell
0.4,False,130,13,426,1,2,Powell
0.2,False,130,13,426,1,2,Powell
0.0,False,130,13,426,1,2,Powell
-0.2,False,130,13,426,1,2,Powell
-0.4,False,130,13,426,1,2,Powell
-0.6,False,130,13,426,1,2,Powell
-0.8,False,130,13,426,1,2,Powell
-1.0,False,130,13,426,1,2,Powell
-1.2,False,130,13,426,1,2,Powell
-1.4,False,130,13,426,1,2,Powell
-1.6,False,130,13,426,1,2,Powell
-1.8,False,130,13,426,1,2,Powell
-2.0,False,130,13,426,1,2,Powell
-2.2,False,130,13,426,1,2,Powell
-2.4,False,130,13,426,1,2,Powell
-2.6,False,130,13,426,1,2,Powell
-2.8,False,130,13,426,1,2,Powell
-3.0,False,130,13,426,1,2,Powell
-3.2,False,130,13,426,1,2,Powell
-3.4,False,130,13,426,1,2,Powell
-3.6,False,130,13,426,1,2,Powell
-3.8,False,130,13,426,1,2,Powell
-4.0,False,130,13,426,1,2,Powell
-4.2,False,130,13,426,1,2,Powell
-4.4,False,130,13,426,1,2,Powell
-4.6,False,130,13,426,1,2,Powell
-4.8,False,130,13,426,1,2,Powell
-5.0,False,130,13,426,1,2,Powell
-5.2,False,130,13,426,1,2,Powell
-5.4,False,130,13,426,1,2,Powell
-5.6,False,130,13,426,1,2,Powell
-5.8,False,130,13,426,1,2,Powell
-6.0,False,130,13,426,1,2,Powell
-6.2,False,130,13,426,1,2,Powell
-6.4,False,130,13,426,1,2,Powell
-6.6,False,130,13,426,1,2,Powell
-6.8,False,130,13,426,1,2,Powell
-7.0,False,130,13,426,1,2,Powell
-7.2,False,130,13,426,1,2,Powell
-7.4,False,130,13,426,1,2,Powell
-7.6,False,130,13,426,1,2,Powell
-7.8,False,130,13,426,1,2,Powell
-8.0,False,130,13,426,1,2,Powell
2.0,True,4,13,427,1,2,Powell
1.8,True,11,13,427,1,2,Powell
1.6,True,11,13,427,1,2,Powell
1.4,True,11,13,427,1,2,Powell
1.2,True,11,13,427,1,2,Powell
1.0,True,11,13,427,1,2,Powell
0.8,True,11,13,427,1,2,Powell
0.6,True,22,13,427,1,2,Powell
0.4,False,105,13,427,1,2,Powell
0.2,False,105,13,427,1,2,Powell
0.0,False,105,13,427,1,2,Powell
-0.2,False,105,13,427,1,2,Powell
-0.4,False,105,13,427,1,2,Powell
-0.6,False,105,13,427,1,2,Powell
-0.8,False,105,13,427,1,2,Powell
-1.0,False,105,13,427,1,2,Powell
-1.2,False,105,13,427,1,2,Powell
-1.4,False,105,13,427,1,2,Powell
-1.6,False,105,13,427,1,2,Powell
-1.8,False,105,13,427,1,2,Powell
-2.0,False,105,13,427,1,2,Powell
-2.2,False,105,13,427,1,2,Powell
-2.4,False,105,13,427,1,2,Powell
-2.6,False,105,13,427,1,2,Powell
-2.8,False,105,13,427,1,2,Powell
-3.0,False,105,13,427,1,2,Powell
-3.2,False,105,13,427,1,2,Powell
-3.4,False,105,13,427,1,2,Powell
-3.6,False,105,13,427,1,2,Powell
-3.8,False,105,13,427,1,2,Powell
-4.0,False,105,13,427,1,2,Powell
-4.2,False,105,13,427,1,2,Powell
-4.4,False,105,13,427,1,2,Powell
-4.6,False,105,13,427,1,2,Powell
-4.8,False,105,13,427,1,2,Powell
-5.0,False,105,13,427,1,2,Powell
-5.2,False,105,13,427,1,2,Powell
-5.4,False,105,13,427,1,2,Powell
-5.6,False,105,13,427,1,2,Powell
-5.8,False,105,13,427,1,2,Powell
-6.0,False,105,13,427,1,2,Powell
-6.2,False,105,13,427,1,2,Powell
-6.4,False,105,13,427,1,2,Powell
-6.6,False,105,13,427,1,2,Powell
-6.8,False,105,13,427,1,2,Powell
-7.0,False,105,13,427,1,2,Powell
-7.2,False,105,13,427,1,2,Powell
-7.4,False,105,13,427,1,2,Powell
-7.6,False,105,13,427,1,2,Powell
-7.8,False,105,13,427,1,2,Powell
-8.0,False,105,13,427,1,2,Powell
2.0,True,1,13,428,1,2,Powell
1.8,True,1,13,428,1,2,Powell
1.6,True,6,13,428,1,2,Powell
1.4,True,18,13,428,1,2,Powell
1.2,True,19,13,428,1,2,Powell
1.0,True,31,13,428,1,2,Powell
0.8,True,31,13,428,1,2,Powell
0.6,True,31,13,428,1,2,Powell
0.4,False,147,13,428,1,2,Powell
0.2,False,147,13,428,1,2,Powell
0.0,False,147,13,428,1,2,Powell
-0.2,False,147,13,428,1,2,Powell
-0.4,False,147,13,428,1,2,Powell
-0.6,False,147,13,428,1,2,Powell
-0.8,False,147,13,428,1,2,Powell
-1.0,False,147,13,428,1,2,Powell
-1.2,False,147,13,428,1,2,Powell
-1.4,False,147,13,428,1,2,Powell
-1.6,False,147,13,428,1,2,Powell
-1.8,False,147,13,428,1,2,Powell
-2.0,False,147,13,428,1,2,Powell
-2.2,False,147,13,428,1,2,Powell
-2.4,False,147,13,428,1,2,Powell
-2.6,False,147,13,428,1,2,Powell
-2.8,False,147,13,428,1,2,Powell
-3.0,False,147,13,428,1,2,Powell
-3.2,False,147,13,428,1,2,Powell
-3.4,False,147,13,428,1,2,Powell
-3.6,False,147,13,428,1,2,Powell
-3.8,False,147,13,428,1,2,Powell
-4.0,False,147,13,428,1,2,Powell
-4.2,False,147,13,428,1,2,Powell
-4.4,False,147,13,428,1,2,Powell
-4.6,False,147,13,428,1,2,Powell
-4.8,False,147,13,428,1,2,Powell
-5.0,False,147,13,428,1,2,Powell
-5.2,False,147,13,428,1,2,Powell
-5.4,False,147,13,428,1,2,Powell
-5.6,False,147,13,428,1,2,Powell
-5.8,False,147,13,428,1,2,Powell
-6.0,False,147,13,428,1,2,Powell
-6.2,False,147,13,428,1,2,Powell
-6.4,False,147,13,428,1,2,Powell
-6.6,False,147,13,428,1,2,Powell
-6.8,False,147,13,428,1,2,Powell
-7.0,False,147,13,428,1,2,Powell
-7.2,False,147,13,428,1,2,Powell
-7.4,False,147,13,428,1,2,Powell
-7.6,False,147,13,428,1,2,Powell
-7.8,False,147,13,428,1,2,Powell
-8.0,False,147,13,428,1,2,Powell
2.0,True,5,13,429,1,2,Powell
1.8,True,5,13,429,1,2,Powell
1.6,True,7,13,429,1,2,Powell
1.4,False,96,13,429,1,2,Powell
1.2,False,96,13,429,1,2,Powell
1.0,False,96,13,429,1,2,Powell
0.8,False,96,13,429,1,2,Powell
0.6,False,96,13,429,1,2,Powell
0.4,False,96,13,429,1,2,Powell
0.2,False,96,13,429,1,2,Powell
0.0,False,96,13,429,1,2,Powell
-0.2,False,96,13,429,1,2,Powell
-0.4,False,96,13,429,1,2,Powell
-0.6,False,96,13,429,1,2,Powell
-0.8,False,96,13,429,1,2,Powell
-1.0,False,96,13,429,1,2,Powell
-1.2,False,96,13,429,1,2,Powell
-1.4,False,96,13,429,1,2,Powell
-1.6,False,96,13,429,1,2,Powell
-1.8,False,96,13,429,1,2,Powell
-2.0,False,96,13,429,1,2,Powell
-2.2,False,96,13,429,1,2,Powell
-2.4,False,96,13,429,1,2,Powell
-2.6,False,96,13,429,1,2,Powell
-2.8,False,96,13,429,1,2,Powell
-3.0,False,96,13,429,1,2,Powell
-3.2,False,96,13,429,1,2,Powell
-3.4,False,96,13,429,1,2,Powell
-3.6,False,96,13,429,1,2,Powell
-3.8,False,96,13,429,1,2,Powell
-4.0,False,96,13,429,1,2,Powell
-4.2,False,96,13,429,1,2,Powell
-4.4,False,96,13,429,1,2,Powell
-4.6,False,96,13,429,1,2,Powell
-4.8,False,96,13,429,1,2,Powell
-5.0,False,96,13,429,1,2,Powell
-5.2,False,96,13,429,1,2,Powell
-5.4,False,96,13,429,1,2,Powell
-5.6,False,96,13,429,1,2,Powell
-5.8,False,96,13,429,1,2,Powell
-6.0,False,96,13,429,1,2,Powell
-6.2,False,96,13,429,1,2,Powell
-6.4,False,96,13,429,1,2,Powell
-6.6,False,96,13,429,1,2,Powell
-6.8,False,96,13,429,1,2,Powell
-7.0,False,96,13,429,1,2,Powell
-7.2,False,96,13,429,1,2,Powell
-7.4,False,96,13,429,1,2,Powell
-7.6,False,96,13,429,1,2,Powell
-7.8,False,96,13,429,1,2,Powell
-8.0,False,96,13,429,1,2,Powell
2.0,True,3,13,430,1,2,Powell
1.8,True,3,13,430,1,2,Powell
1.6,True,3,13,430,1,2,Powell
1.4,True,3,13,430,1,2,Powell
1.2,True,7,13,430,1,2,Powell
1.0,True,7,13,430,1,2,Powell
0.8,True,7,13,430,1,2,Powell
0.6,True,7,13,430,1,2,Powell
0.4,True,7,13,430,1,2,Powell
0.2,True,7,13,430,1,2,Powell
0.0,True,13,13,430,1,2,Powell
-0.2,True,13,13,430,1,2,Powell
-0.4,True,13,13,430,1,2,Powell
-0.6,True,13,13,430,1,2,Powell
-0.8,True,21,13,430,1,2,Powell
-1.0,True,21,13,430,1,2,Powell
-1.2,True,24,13,430,1,2,Powell
-1.4,False,84,13,430,1,2,Powell
-1.6,False,84,13,430,1,2,Powell
-1.8,False,84,13,430,1,2,Powell
-2.0,False,84,13,430,1,2,Powell
-2.2,False,84,13,430,1,2,Powell
-2.4,False,84,13,430,1,2,Powell
-2.6,False,84,13,430,1,2,Powell
-2.8,False,84,13,430,1,2,Powell
-3.0,False,84,13,430,1,2,Powell
-3.2,False,84,13,430,1,2,Powell
-3.4,False,84,13,430,1,2,Powell
-3.6,False,84,13,430,1,2,Powell
-3.8,False,84,13,430,1,2,Powell
-4.0,False,84,13,430,1,2,Powell
-4.2,False,84,13,430,1,2,Powell
-4.4,False,84,13,430,1,2,Powell
-4.6,False,84,13,430,1,2,Powell
-4.8,False,84,13,430,1,2,Powell
-5.0,False,84,13,430,1,2,Powell
-5.2,False,84,13,430,1,2,Powell
-5.4,False,84,13,430,1,2,Powell
-5.6,False,84,13,430,1,2,Powell
-5.8,False,84,13,430,1,2,Powell
-6.0,False,84,13,430,1,2,Powell
-6.2,False,84,13,430,1,2,Powell
-6.4,False,84,13,430,1,2,Powell
-6.6,False,84,13,430,1,2,Powell
-6.8,False,84,13,430,1,2,Powell
-7.0,False,84,13,430,1,2,Powell
-7.2,False,84,13,430,1,2,Powell
-7.4,False,84,13,430,1,2,Powell
-7.6,False,84,13,430,1,2,Powell
-7.8,False,84,13,430,1,2,Powell
-8.0,False,84,13,430,1,2,Powell
2.0,True,4,13,431,1,2,Powell
1.8,True,4,13,431,1,2,Powell
1.6,True,4,13,431,1,2,Powell
1.4,True,4,13,431,1,2,Powell
1.2,True,13,13,431,1,2,Powell
1.0,True,14,13,431,1,2,Powell
0.8,True,14,13,431,1,2,Powell
0.6,True,14,13,431,1,2,Powell
0.4,True,14,13,431,1,2,Powell
0.2,True,24,13,431,1,2,Powell
0.0,True,24,13,431,1,2,Powell
-0.2,True,24,13,431,1,2,Powell
-0.4,True,26,13,431,1,2,Powell
-0.6,False,146,13,431,1,2,Powell
-0.8,False,146,13,431,1,2,Powell
-1.0,False,146,13,431,1,2,Powell
-1.2,False,146,13,431,1,2,Powell
-1.4,False,146,13,431,1,2,Powell
-1.6,False,146,13,431,1,2,Powell
-1.8,False,146,13,431,1,2,Powell
-2.0,False,146,13,431,1,2,Powell
-2.2,False,146,13,431,1,2,Powell
-2.4,False,146,13,431,1,2,Powell
-2.6,False,146,13,431,1,2,Powell
-2.8,False,146,13,431,1,2,Powell
-3.0,False,146,13,431,1,2,Powell
-3.2,False,146,13,431,1,2,Powell
-3.4,False,146,13,431,1,2,Powell
-3.6,False,146,13,431,1,2,Powell
-3.8,False,146,13,431,1,2,Powell
-4.0,False,146,13,431,1,2,Powell
-4.2,False,146,13,431,1,2,Powell
-4.4,False,146,13,431,1,2,Powell
-4.6,False,146,13,431,1,2,Powell
-4.8,False,146,13,431,1,2,Powell
-5.0,False,146,13,431,1,2,Powell
-5.2,False,146,13,431,1,2,Powell
-5.4,False,146,13,431,1,2,Powell
-5.6,False,146,13,431,1,2,Powell
-5.8,False,146,13,431,1,2,Powell
-6.0,False,146,13,431,1,2,Powell
-6.2,False,146,13,431,1,2,Powell
-6.4,False,146,13,431,1,2,Powell
-6.6,False,146,13,431,1,2,Powell
-6.8,False,146,13,431,1,2,Powell
-7.0,False,146,13,431,1,2,Powell
-7.2,False,146,13,431,1,2,Powell
-7.4,False,146,13,431,1,2,Powell
-7.6,False,146,13,431,1,2,Powell
-7.8,False,146,13,431,1,2,Powell
-8.0,False,146,13,431,1,2,Powell
2.0,True,10,13,432,1,2,Powell
1.8,True,10,13,432,1,2,Powell
1.6,True,10,13,432,1,2,Powell
1.4,True,10,13,432,1,2,Powell
1.2,True,10,13,432,1,2,Powell
1.0,True,10,13,432,1,2,Powell
0.8,True,12,13,432,1,2,Powell
0.6,True,12,13,432,1,2,Powell
0.4,True,21,13,432,1,2,Powell
0.2,True,21,13,432,1,2,Powell
0.0,True,22,13,432,1,2,Powell
-0.2,True,22,13,432,1,2,Powell
-0.4,True,22,13,432,1,2,Powell
-0.6,False,106,13,432,1,2,Powell
-0.8,False,106,13,432,1,2,Powell
-1.0,False,106,13,432,1,2,Powell
-1.2,False,106,13,432,1,2,Powell
-1.4,False,106,13,432,1,2,Powell
-1.6,False,106,13,432,1,2,Powell
-1.8,False,106,13,432,1,2,Powell
-2.0,False,106,13,432,1,2,Powell
-2.2,False,106,13,432,1,2,Powell
-2.4,False,106,13,432,1,2,Powell
-2.6,False,106,13,432,1,2,Powell
-2.8,False,106,13,432,1,2,Powell
-3.0,False,106,13,432,1,2,Powell
-3.2,False,106,13,432,1,2,Powell
-3.4,False,106,13,432,1,2,Powell
-3.6,False,106,13,432,1,2,Powell
-3.8,False,106,13,432,1,2,Powell
-4.0,False,106,13,432,1,2,Powell
-4.2,False,106,13,432,1,2,Powell
-4.4,False,106,13,432,1,2,Powell
-4.6,False,106,13,432,1,2,Powell
-4.8,False,106,13,432,1,2,Powell
-5.0,False,106,13,432,1,2,Powell
-5.2,False,106,13,432,1,2,Powell
-5.4,False,106,13,432,1,2,Powell
-5.6,False,106,13,432,1,2,Powell
-5.8,False,106,13,432,1,2,Powell
-6.0,False,106,13,432,1,2,Powell
-6.2,False,106,13,432,1,2,Powell
-6.4,False,106,13,432,1,2,Powell
-6.6,False,106,13,432,1,2,Powell
-6.8,False,106,13,432,1,2,Powell
-7.0,False,106,13,432,1,2,Powell
-7.2,False,106,13,432,1,2,Powell
-7.4,False,106,13,432,1,2,Powell
-7.6,False,106,13,432,1,2,Powell
-7.8,False,106,13,432,1,2,Powell
-8.0,False,106,13,432,1,2,Powell
2.0,True,11,13,433,1,2,Powell
1.8,True,12,13,433,1,2,Powell
1.6,True,12,13,433,1,2,Powell
1.4,True,14,13,433,1,2,Powell
1.2,True,14,13,433,1,2,Powell
1.0,True,14,13,433,1,2,Powell
0.8,True,14,13,433,1,2,Powell
0.6,True,23,13,433,1,2,Powell
0.4,True,23,13,433,1,2,Powell
0.2,True,23,13,433,1,2,Powell
0.0,True,23,13,433,1,2,Powell
-0.2,True,23,13,433,1,2,Powell
-0.4,False,140,13,433,1,2,Powell
-0.6,False,140,13,433,1,2,Powell
-0.8,False,140,13,433,1,2,Powell
-1.0,False,140,13,433,1,2,Powell
-1.2,False,140,13,433,1,2,Powell
-1.4,False,140,13,433,1,2,Powell
-1.6,False,140,13,433,1,2,Powell
-1.8,False,140,13,433,1,2,Powell
-2.0,False,140,13,433,1,2,Powell
-2.2,False,140,13,433,1,2,Powell
-2.4,False,140,13,433,1,2,Powell
-2.6,False,140,13,433,1,2,Powell
-2.8,False,140,13,433,1,2,Powell
-3.0,False,140,13,433,1,2,Powell
-3.2,False,140,13,433,1,2,Powell
-3.4,False,140,13,433,1,2,Powell
-3.6,False,140,13,433,1,2,Powell
-3.8,False,140,13,433,1,2,Powell
-4.0,False,140,13,433,1,2,Powell
-4.2,False,140,13,433,1,2,Powell
-4.4,False,140,13,433,1,2,Powell
-4.6,False,140,13,433,1,2,Powell
-4.8,False,140,13,433,1,2,Powell
-5.0,False,140,13,433,1,2,Powell
-5.2,False,140,13,433,1,2,Powell
-5.4,False,140,13,433,1,2,Powell
-5.6,False,140,13,433,1,2,Powell
-5.8,False,140,13,433,1,2,Powell
-6.0,False,140,13,433,1,2,Powell
-6.2,False,140,13,433,1,2,Powell
-6.4,False,140,13,433,1,2,Powell
-6.6,False,140,13,433,1,2,Powell
-6.8,False,140,13,433,1,2,Powell
-7.0,False,140,13,433,1,2,Powell
-7.2,False,140,13,433,1,2,Powell
-7.4,False,140,13,433,1,2,Powell
-7.6,False,140,13,433,1,2,Powell
-7.8,False,140,13,433,1,2,Powell
-8.0,False,140,13,433,1,2,Powell
2.0,True,5,13,434,1,2,Powell
1.8,True,5,13,434,1,2,Powell
1.6,True,5,13,434,1,2,Powell
1.4,True,5,13,434,1,2,Powell
1.2,True,5,13,434,1,2,Powell
1.0,True,5,13,434,1,2,Powell
0.8,True,5,13,434,1,2,Powell
0.6,True,17,13,434,1,2,Powell
0.4,False,78,13,434,1,2,Powell
0.2,False,78,13,434,1,2,Powell
0.0,False,78,13,434,1,2,Powell
-0.2,False,78,13,434,1,2,Powell
-0.4,False,78,13,434,1,2,Powell
-0.6,False,78,13,434,1,2,Powell
-0.8,False,78,13,434,1,2,Powell
-1.0,False,78,13,434,1,2,Powell
-1.2,False,78,13,434,1,2,Powell
-1.4,False,78,13,434,1,2,Powell
-1.6,False,78,13,434,1,2,Powell
-1.8,False,78,13,434,1,2,Powell
-2.0,False,78,13,434,1,2,Powell
-2.2,False,78,13,434,1,2,Powell
-2.4,False,78,13,434,1,2,Powell
-2.6,False,78,13,434,1,2,Powell
-2.8,False,78,13,434,1,2,Powell
-3.0,False,78,13,434,1,2,Powell
-3.2,False,78,13,434,1,2,Powell
-3.4,False,78,13,434,1,2,Powell
-3.6,False,78,13,434,1,2,Powell
-3.8,False,78,13,434,1,2,Powell
-4.0,False,78,13,434,1,2,Powell
-4.2,False,78,13,434,1,2,Powell
-4.4,False,78,13,434,1,2,Powell
-4.6,False,78,13,434,1,2,Powell
-4.8,False,78,13,434,1,2,Powell
-5.0,False,78,13,434,1,2,Powell
-5.2,False,78,13,434,1,2,Powell
-5.4,False,78,13,434,1,2,Powell
-5.6,False,78,13,434,1,2,Powell
-5.8,False,78,13,434,1,2,Powell
-6.0,False,78,13,434,1,2,Powell
-6.2,False,78,13,434,1,2,Powell
-6.4,False,78,13,434,1,2,Powell
-6.6,False,78,13,434,1,2,Powell
-6.8,False,78,13,434,1,2,Powell
-7.0,False,78,13,434,1,2,Powell
-7.2,False,78,13,434,1,2,Powell
-7.4,False,78,13,434,1,2,Powell
-7.6,False,78,13,434,1,2,Powell
-7.8,False,78,13,434,1,2,Powell
-8.0,False,78,13,434,1,2,Powell
2.0,True,18,13,435,1,2,Powell
1.8,True,18,13,435,1,2,Powell
1.6,True,18,13,435,1,2,Powell
1.4,True,19,13,435,1,2,Powell
1.2,True,21,13,435,1,2,Powell
1.0,True,21,13,435,1,2,Powell
0.8,True,21,13,435,1,2,Powell
0.6,True,21,13,435,1,2,Powell
0.4,True,29,13,435,1,2,Powell
0.2,False,138,13,435,1,2,Powell
0.0,False,138,13,435,1,2,Powell
-0.2,False,138,13,435,1,2,Powell
-0.4,False,138,13,435,1,2,Powell
-0.6,False,138,13,435,1,2,Powell
-0.8,False,138,13,435,1,2,Powell
-1.0,False,138,13,435,1,2,Powell
-1.2,False,138,13,435,1,2,Powell
-1.4,False,138,13,435,1,2,Powell
-1.6,False,138,13,435,1,2,Powell
-1.8,False,138,13,435,1,2,Powell
-2.0,False,138,13,435,1,2,Powell
-2.2,False,138,13,435,1,2,Powell
-2.4,False,138,13,435,1,2,Powell
-2.6,False,138,13,435,1,2,Powell
-2.8,False,138,13,435,1,2,Powell
-3.0,False,138,13,435,1,2,Powell
-3.2,False,138,13,435,1,2,Powell
-3.4,False,138,13,435,1,2,Powell
-3.6,False,138,13,435,1,2,Powell
-3.8,False,138,13,435,1,2,Powell
-4.0,False,138,13,435,1,2,Powell
-4.2,False,138,13,435,1,2,Powell
-4.4,False,138,13,435,1,2,Powell
-4.6,False,138,13,435,1,2,Powell
-4.8,False,138,13,435,1,2,Powell
-5.0,False,138,13,435,1,2,Powell
-5.2,False,138,13,435,1,2,Powell
-5.4,False,138,13,435,1,2,Powell
-5.6,False,138,13,435,1,2,Powell
-5.8,False,138,13,435,1,2,Powell
-6.0,False,138,13,435,1,2,Powell
-6.2,False,138,13,435,1,2,Powell
-6.4,False,138,13,435,1,2,Powell
-6.6,False,138,13,435,1,2,Powell
-6.8,False,138,13,435,1,2,Powell
-7.0,False,138,13,435,1,2,Powell
-7.2,False,138,13,435,1,2,Powell
-7.4,False,138,13,435,1,2,Powell
-7.6,False,138,13,435,1,2,Powell
-7.8,False,138,13,435,1,2,Powell
-8.0,False,138,13,435,1,2,Powell
2.0,True,3,13,436,1,2,Powell
1.8,True,6,13,436,1,2,Powell
1.6,True,8,13,436,1,2,Powell
1.4,True,8,13,436,1,2,Powell
1.2,True,8,13,436,1,2,Powell
1.0,True,8,13,436,1,2,Powell
0.8,True,8,13,436,1,2,Powell
0.6,True,17,13,436,1,2,Powell
0.4,False,81,13,436,1,2,Powell
0.2,False,81,13,436,1,2,Powell
0.0,False,81,13,436,1,2,Powell
-0.2,False,81,13,436,1,2,Powell
-0.4,False,81,13,436,1,2,Powell
-0.6,False,81,13,436,1,2,Powell
-0.8,False,81,13,436,1,2,Powell
-1.0,False,81,13,436,1,2,Powell
-1.2,False,81,13,436,1,2,Powell
-1.4,False,81,13,436,1,2,Powell
-1.6,False,81,13,436,1,2,Powell
-1.8,False,81,13,436,1,2,Powell
-2.0,False,81,13,436,1,2,Powell
-2.2,False,81,13,436,1,2,Powell
-2.4,False,81,13,436,1,2,Powell
-2.6,False,81,13,436,1,2,Powell
-2.8,False,81,13,436,1,2,Powell
-3.0,False,81,13,436,1,2,Powell
-3.2,False,81,13,436,1,2,Powell
-3.4,False,81,13,436,1,2,Powell
-3.6,False,81,13,436,1,2,Powell
-3.8,False,81,13,436,1,2,Powell
-4.0,False,81,13,436,1,2,Powell
-4.2,False,81,13,436,1,2,Powell
-4.4,False,81,13,436,1,2,Powell
-4.6,False,81,13,436,1,2,Powell
-4.8,False,81,13,436,1,2,Powell
-5.0,False,81,13,436,1,2,Powell
-5.2,False,81,13,436,1,2,Powell
-5.4,False,81,13,436,1,2,Powell
-5.6,False,81,13,436,1,2,Powell
-5.8,False,81,13,436,1,2,Powell
-6.0,False,81,13,436,1,2,Powell
-6.2,False,81,13,436,1,2,Powell
-6.4,False,81,13,436,1,2,Powell
-6.6,False,81,13,436,1,2,Powell
-6.8,False,81,13,436,1,2,Powell
-7.0,False,81,13,436,1,2,Powell
-7.2,False,81,13,436,1,2,Powell
-7.4,False,81,13,436,1,2,Powell
-7.6,False,81,13,436,1,2,Powell
-7.8,False,81,13,436,1,2,Powell
-8.0,False,81,13,436,1,2,Powell
2.0,True,1,13,437,1,2,Powell
1.8,True,3,13,437,1,2,Powell
1.6,True,3,13,437,1,2,Powell
1.4,True,3,13,437,1,2,Powell
1.2,True,3,13,437,1,2,Powell
1.0,False,87,13,437,1,2,Powell
0.8,False,87,13,437,1,2,Powell
0.6,False,87,13,437,1,2,Powell
0.4,False,87,13,437,1,2,Powell
0.2,False,87,13,437,1,2,Powell
0.0,False,87,13,437,1,2,Powell
-0.2,False,87,13,437,1,2,Powell
-0.4,False,87,13,437,1,2,Powell
-0.6,False,87,13,437,1,2,Powell
-0.8,False,87,13,437,1,2,Powell
-1.0,False,87,13,437,1,2,Powell
-1.2,False,87,13,437,1,2,Powell
-1.4,False,87,13,437,1,2,Powell
-1.6,False,87,13,437,1,2,Powell
-1.8,False,87,13,437,1,2,Powell
-2.0,False,87,13,437,1,2,Powell
-2.2,False,87,13,437,1,2,Powell
-2.4,False,87,13,437,1,2,Powell
-2.6,False,87,13,437,1,2,Powell
-2.8,False,87,13,437,1,2,Powell
-3.0,False,87,13,437,1,2,Powell
-3.2,False,87,13,437,1,2,Powell
-3.4,False,87,13,437,1,2,Powell
-3.6,False,87,13,437,1,2,Powell
-3.8,False,87,13,437,1,2,Powell
-4.0,False,87,13,437,1,2,Powell
-4.2,False,87,13,437,1,2,Powell
-4.4,False,87,13,437,1,2,Powell
-4.6,False,87,13,437,1,2,Powell
-4.8,False,87,13,437,1,2,Powell
-5.0,False,87,13,437,1,2,Powell
-5.2,False,87,13,437,1,2,Powell
-5.4,False,87,13,437,1,2,Powell
-5.6,False,87,13,437,1,2,Powell
-5.8,False,87,13,437,1,2,Powell
-6.0,False,87,13,437,1,2,Powell
-6.2,False,87,13,437,1,2,Powell
-6.4,False,87,13,437,1,2,Powell
-6.6,False,87,13,437,1,2,Powell
-6.8,False,87,13,437,1,2,Powell
-7.0,False,87,13,437,1,2,Powell
-7.2,False,87,13,437,1,2,Powell
-7.4,False,87,13,437,1,2,Powell
-7.6,False,87,13,437,1,2,Powell
-7.8,False,87,13,437,1,2,Powell
-8.0,False,87,13,437,1,2,Powell
2.0,True,5,13,438,1,2,Powell
1.8,True,5,13,438,1,2,Powell
1.6,True,5,13,438,1,2,Powell
1.4,True,9,13,438,1,2,Powell
1.2,False,78,13,438,1,2,Powell
1.0,False,78,13,438,1,2,Powell
0.8,False,78,13,438,1,2,Powell
0.6,False,78,13,438,1,2,Powell
0.4,False,78,13,438,1,2,Powell
0.2,False,78,13,438,1,2,Powell
0.0,False,78,13,438,1,2,Powell
-0.2,False,78,13,438,1,2,Powell
-0.4,False,78,13,438,1,2,Powell
-0.6,False,78,13,438,1,2,Powell
-0.8,False,78,13,438,1,2,Powell
-1.0,False,78,13,438,1,2,Powell
-1.2,False,78,13,438,1,2,Powell
-1.4,False,78,13,438,1,2,Powell
-1.6,False,78,13,438,1,2,Powell
-1.8,False,78,13,438,1,2,Powell
-2.0,False,78,13,438,1,2,Powell
-2.2,False,78,13,438,1,2,Powell
-2.4,False,78,13,438,1,2,Powell
-2.6,False,78,13,438,1,2,Powell
-2.8,False,78,13,438,1,2,Powell
-3.0,False,78,13,438,1,2,Powell
-3.2,False,78,13,438,1,2,Powell
-3.4,False,78,13,438,1,2,Powell
-3.6,False,78,13,438,1,2,Powell
-3.8,False,78,13,438,1,2,Powell
-4.0,False,78,13,438,1,2,Powell
-4.2,False,78,13,438,1,2,Powell
-4.4,False,78,13,438,1,2,Powell
-4.6,False,78,13,438,1,2,Powell
-4.8,False,78,13,438,1,2,Powell
-5.0,False,78,13,438,1,2,Powell
-5.2,False,78,13,438,1,2,Powell
-5.4,False,78,13,438,1,2,Powell
-5.6,False,78,13,438,1,2,Powell
-5.8,False,78,13,438,1,2,Powell
-6.0,False,78,13,438,1,2,Powell
-6.2,False,78,13,438,1,2,Powell
-6.4,False,78,13,438,1,2,Powell
-6.6,False,78,13,438,1,2,Powell
-6.8,False,78,13,438,1,2,Powell
-7.0,False,78,13,438,1,2,Powell
-7.2,False,78,13,438,1,2,Powell
-7.4,False,78,13,438,1,2,Powell
-7.6,False,78,13,438,1,2,Powell
-7.8,False,78,13,438,1,2,Powell
-8.0,False,78,13,438,1,2,Powell
2.0,True,4,13,439,1,2,Powell
1.8,True,5,13,439,1,2,Powell
1.6,True,8,13,439,1,2,Powell
1.4,False,130,13,439,1,2,Powell
1.2,False,130,13,439,1,2,Powell
1.0,False,130,13,439,1,2,Powell
0.8,False,130,13,439,1,2,Powell
0.6,False,130,13,439,1,2,Powell
0.4,False,130,13,439,1,2,Powell
0.2,False,130,13,439,1,2,Powell
0.0,False,130,13,439,1,2,Powell
-0.2,False,130,13,439,1,2,Powell
-0.4,False,130,13,439,1,2,Powell
-0.6,False,130,13,439,1,2,Powell
-0.8,False,130,13,439,1,2,Powell
-1.0,False,130,13,439,1,2,Powell
-1.2,False,130,13,439,1,2,Powell
-1.4,False,130,13,439,1,2,Powell
-1.6,False,130,13,439,1,2,Powell
-1.8,False,130,13,439,1,2,Powell
-2.0,False,130,13,439,1,2,Powell
-2.2,False,130,13,439,1,2,Powell
-2.4,False,130,13,439,1,2,Powell
-2.6,False,130,13,439,1,2,Powell
-2.8,False,130,13,439,1,2,Powell
-3.0,False,130,13,439,1,2,Powell
-3.2,False,130,13,439,1,2,Powell
-3.4,False,130,13,439,1,2,Powell
-3.6,False,130,13,439,1,2,Powell
-3.8,False,130,13,439,1,2,Powell
-4.0,False,130,13,439,1,2,Powell
-4.2,False,130,13,439,1,2,Powell
-4.4,False,130,13,439,1,2,Powell
-4.6,False,130,13,439,1,2,Powell
-4.8,False,130,13,439,1,2,Powell
-5.0,False,130,13,439,1,2,Powell
-5.2,False,130,13,439,1,2,Powell
-5.4,False,130,13,439,1,2,Powell
-5.6,False,130,13,439,1,2,Powell
-5.8,False,130,13,439,1,2,Powell
-6.0,False,130,13,439,1,2,Powell
-6.2,False,130,13,439,1,2,Powell
-6.4,False,130,13,439,1,2,Powell
-6.6,False,130,13,439,1,2,Powell
-6.8,False,130,13,439,1,2,Powell
-7.0,False,130,13,439,1,2,Powell
-7.2,False,130,13,439,1,2,Powell
-7.4,False,130,13,439,1,2,Powell
-7.6,False,130,13,439,1,2,Powell
-7.8,False,130,13,439,1,2,Powell
-8.0,False,130,13,439,1,2,Powell
2.0,True,12,13,440,1,2,Powell
1.8,False,94,13,440,1,2,Powell
1.6,False,94,13,440,1,2,Powell
1.4,False,94,13,440,1,2,Powell
1.2,False,94,13,440,1,2,Powell
1.0,False,94,13,440,1,2,Powell
0.8,False,94,13,440,1,2,Powell
0.6,False,94,13,440,1,2,Powell
0.4,False,94,13,440,1,2,Powell
0.2,False,94,13,440,1,2,Powell
0.0,False,94,13,440,1,2,Powell
-0.2,False,94,13,440,1,2,Powell
-0.4,False,94,13,440,1,2,Powell
-0.6,False,94,13,440,1,2,Powell
-0.8,False,94,13,440,1,2,Powell
-1.0,False,94,13,440,1,2,Powell
-1.2,False,94,13,440,1,2,Powell
-1.4,False,94,13,440,1,2,Powell
-1.6,False,94,13,440,1,2,Powell
-1.8,False,94,13,440,1,2,Powell
-2.0,False,94,13,440,1,2,Powell
-2.2,False,94,13,440,1,2,Powell
-2.4,False,94,13,440,1,2,Powell
-2.6,False,94,13,440,1,2,Powell
-2.8,False,94,13,440,1,2,Powell
-3.0,False,94,13,440,1,2,Powell
-3.2,False,94,13,440,1,2,Powell
-3.4,False,94,13,440,1,2,Powell
-3.6,False,94,13,440,1,2,Powell
-3.8,False,94,13,440,1,2,Powell
-4.0,False,94,13,440,1,2,Powell
-4.2,False,94,13,440,1,2,Powell
-4.4,False,94,13,440,1,2,Powell
-4.6,False,94,13,440,1,2,Powell
-4.8,False,94,13,440,1,2,Powell
-5.0,False,94,13,440,1,2,Powell
-5.2,False,94,13,440,1,2,Powell
-5.4,False,94,13,440,1,2,Powell
-5.6,False,94,13,440,1,2,Powell
-5.8,False,94,13,440,1,2,Powell
-6.0,False,94,13,440,1,2,Powell
-6.2,False,94,13,440,1,2,Powell
-6.4,False,94,13,440,1,2,Powell
-6.6,False,94,13,440,1,2,Powell
-6.8,False,94,13,440,1,2,Powell
-7.0,False,94,13,440,1,2,Powell
-7.2,False,94,13,440,1,2,Powell
-7.4,False,94,13,440,1,2,Powell
-7.6,False,94,13,440,1,2,Powell
-7.8,False,94,13,440,1,2,Powell
-8.0,False,94,13,440,1,2,Powell
2.0,True,17,13,441,1,2,Powell
1.8,True,20,13,441,1,2,Powell
1.6,True,28,13,441,1,2,Powell
1.4,True,40,13,441,1,2,Powell
1.2,True,40,13,441,1,2,Powell
1.0,True,48,13,441,1,2,Powell
0.8,True,48,13,441,1,2,Powell
0.6,True,48,13,441,1,2,Powell
0.4,True,48,13,441,1,2,Powell
0.2,True,48,13,441,1,2,Powell
0.0,True,54,13,441,1,2,Powell
-0.2,True,62,13,441,1,2,Powell
-0.4,True,62,13,441,1,2,Powell
-0.6,True,62,13,441,1,2,Powell
-0.8,True,65,13,441,1,2,Powell
-1.0,True,67,13,441,1,2,Powell
-1.2,True,67,13,441,1,2,Powell
-1.4,True,77,13,441,1,2,Powell
-1.6,True,90,13,441,1,2,Powell
-1.8,True,92,13,441,1,2,Powell
-2.0,False,166,13,441,1,2,Powell
-2.2,False,166,13,441,1,2,Powell
-2.4,False,166,13,441,1,2,Powell
-2.6,False,166,13,441,1,2,Powell
-2.8,False,166,13,441,1,2,Powell
-3.0,False,166,13,441,1,2,Powell
-3.2,False,166,13,441,1,2,Powell
-3.4,False,166,13,441,1,2,Powell
-3.6,False,166,13,441,1,2,Powell
-3.8,False,166,13,441,1,2,Powell
-4.0,False,166,13,441,1,2,Powell
-4.2,False,166,13,441,1,2,Powell
-4.4,False,166,13,441,1,2,Powell
-4.6,False,166,13,441,1,2,Powell
-4.8,False,166,13,441,1,2,Powell
-5.0,False,166,13,441,1,2,Powell
-5.2,False,166,13,441,1,2,Powell
-5.4,False,166,13,441,1,2,Powell
-5.6,False,166,13,441,1,2,Powell
-5.8,False,166,13,441,1,2,Powell
-6.0,False,166,13,441,1,2,Powell
-6.2,False,166,13,441,1,2,Powell
-6.4,False,166,13,441,1,2,Powell
-6.6,False,166,13,441,1,2,Powell
-6.8,False,166,13,441,1,2,Powell
-7.0,False,166,13,441,1,2,Powell
-7.2,False,166,13,441,1,2,Powell
-7.4,False,166,13,441,1,2,Powell
-7.6,False,166,13,441,1,2,Powell
-7.8,False,166,13,441,1,2,Powell
-8.0,False,166,13,441,1,2,Powell
2.0,True,4,13,442,1,2,Powell
1.8,True,8,13,442,1,2,Powell
1.6,True,8,13,442,1,2,Powell
1.4,True,8,13,442,1,2,Powell
1.2,True,8,13,442,1,2,Powell
1.0,True,9,13,442,1,2,Powell
0.8,True,9,13,442,1,2,Powell
0.6,True,11,13,442,1,2,Powell
0.4,True,11,13,442,1,2,Powell
0.2,True,20,13,442,1,2,Powell
0.0,True,20,13,442,1,2,Powell
-0.2,True,20,13,442,1,2,Powell
-0.4,True,22,13,442,1,2,Powell
-0.6,True,24,13,442,1,2,Powell
-0.8,True,24,13,442,1,2,Powell
-1.0,True,24,13,442,1,2,Powell
-1.2,True,24,13,442,1,2,Powell
-1.4,True,26,13,442,1,2,Powell
-1.6,True,41,13,442,1,2,Powell
-1.8,False,73,13,442,1,2,Powell
-2.0,False,73,13,442,1,2,Powell
-2.2,False,73,13,442,1,2,Powell
-2.4,False,73,13,442,1,2,Powell
-2.6,False,73,13,442,1,2,Powell
-2.8,False,73,13,442,1,2,Powell
-3.0,False,73,13,442,1,2,Powell
-3.2,False,73,13,442,1,2,Powell
-3.4,False,73,13,442,1,2,Powell
-3.6,False,73,13,442,1,2,Powell
-3.8,False,73,13,442,1,2,Powell
-4.0,False,73,13,442,1,2,Powell
-4.2,False,73,13,442,1,2,Powell
-4.4,False,73,13,442,1,2,Powell
-4.6,False,73,13,442,1,2,Powell
-4.8,False,73,13,442,1,2,Powell
-5.0,False,73,13,442,1,2,Powell
-5.2,False,73,13,442,1,2,Powell
-5.4,False,73,13,442,1,2,Powell
-5.6,False,73,13,442,1,2,Powell
-5.8,False,73,13,442,1,2,Powell
-6.0,False,73,13,442,1,2,Powell
-6.2,False,73,13,442,1,2,Powell
-6.4,False,73,13,442,1,2,Powell
-6.6,False,73,13,442,1,2,Powell
-6.8,False,73,13,442,1,2,Powell
-7.0,False,73,13,442,1,2,Powell
-7.2,False,73,13,442,1,2,Powell
-7.4,False,73,13,442,1,2,Powell
-7.6,False,73,13,442,1,2,Powell
-7.8,False,73,13,442,1,2,Powell
-8.0,False,73,13,442,1,2,Powell
2.0,True,6,13,443,1,2,Powell
1.8,False,92,13,443,1,2,Powell
1.6,False,92,13,443,1,2,Powell
1.4,False,92,13,443,1,2,Powell
1.2,False,92,13,443,1,2,Powell
1.0,False,92,13,443,1,2,Powell
0.8,False,92,13,443,1,2,Powell
0.6,False,92,13,443,1,2,Powell
0.4,False,92,13,443,1,2,Powell
0.2,False,92,13,443,1,2,Powell
0.0,False,92,13,443,1,2,Powell
-0.2,False,92,13,443,1,2,Powell
-0.4,False,92,13,443,1,2,Powell
-0.6,False,92,13,443,1,2,Powell
-0.8,False,92,13,443,1,2,Powell
-1.0,False,92,13,443,1,2,Powell
-1.2,False,92,13,443,1,2,Powell
-1.4,False,92,13,443,1,2,Powell
-1.6,False,92,13,443,1,2,Powell
-1.8,False,92,13,443,1,2,Powell
-2.0,False,92,13,443,1,2,Powell
-2.2,False,92,13,443,1,2,Powell
-2.4,False,92,13,443,1,2,Powell
-2.6,False,92,13,443,1,2,Powell
-2.8,False,92,13,443,1,2,Powell
-3.0,False,92,13,443,1,2,Powell
-3.2,False,92,13,443,1,2,Powell
-3.4,False,92,13,443,1,2,Powell
-3.6,False,92,13,443,1,2,Powell
-3.8,False,92,13,443,1,2,Powell
-4.0,False,92,13,443,1,2,Powell
-4.2,False,92,13,443,1,2,Powell
-4.4,False,92,13,443,1,2,Powell
-4.6,False,92,13,443,1,2,Powell
-4.8,False,92,13,443,1,2,Powell
-5.0,False,92,13,443,1,2,Powell
-5.2,False,92,13,443,1,2,Powell
-5.4,False,92,13,443,1,2,Powell
-5.6,False,92,13,443,1,2,Powell
-5.8,False,92,13,443,1,2,Powell
-6.0,False,92,13,443,1,2,Powell
-6.2,False,92,13,443,1,2,Powell
-6.4,False,92,13,443,1,2,Powell
-6.6,False,92,13,443,1,2,Powell
-6.8,False,92,13,443,1,2,Powell
-7.0,False,92,13,443,1,2,Powell
-7.2,False,92,13,443,1,2,Powell
-7.4,False,92,13,443,1,2,Powell
-7.6,False,92,13,443,1,2,Powell
-7.8,False,92,13,443,1,2,Powell
-8.0,False,92,13,443,1,2,Powell
2.0,True,8,13,444,1,2,Powell
1.8,False,216,13,444,1,2,Powell
1.6,False,216,13,444,1,2,Powell
1.4,False,216,13,444,1,2,Powell
1.2,False,216,13,444,1,2,Powell
1.0,False,216,13,444,1,2,Powell
0.8,False,216,13,444,1,2,Powell
0.6,False,216,13,444,1,2,Powell
0.4,False,216,13,444,1,2,Powell
0.2,False,216,13,444,1,2,Powell
0.0,False,216,13,444,1,2,Powell
-0.2,False,216,13,444,1,2,Powell
-0.4,False,216,13,444,1,2,Powell
-0.6,False,216,13,444,1,2,Powell
-0.8,False,216,13,444,1,2,Powell
-1.0,False,216,13,444,1,2,Powell
-1.2,False,216,13,444,1,2,Powell
-1.4,False,216,13,444,1,2,Powell
-1.6,False,216,13,444,1,2,Powell
-1.8,False,216,13,444,1,2,Powell
-2.0,False,216,13,444,1,2,Powell
-2.2,False,216,13,444,1,2,Powell
-2.4,False,216,13,444,1,2,Powell
-2.6,False,216,13,444,1,2,Powell
-2.8,False,216,13,444,1,2,Powell
-3.0,False,216,13,444,1,2,Powell
-3.2,False,216,13,444,1,2,Powell
-3.4,False,216,13,444,1,2,Powell
-3.6,False,216,13,444,1,2,Powell
-3.8,False,216,13,444,1,2,Powell
-4.0,False,216,13,444,1,2,Powell
-4.2,False,216,13,444,1,2,Powell
-4.4,False,216,13,444,1,2,Powell
-4.6,False,216,13,444,1,2,Powell
-4.8,False,216,13,444,1,2,Powell
-5.0,False,216,13,444,1,2,Powell
-5.2,False,216,13,444,1,2,Powell
-5.4,False,216,13,444,1,2,Powell
-5.6,False,216,13,444,1,2,Powell
-5.8,False,216,13,444,1,2,Powell
-6.0,False,216,13,444,1,2,Powell
-6.2,False,216,13,444,1,2,Powell
-6.4,False,216,13,444,1,2,Powell
-6.6,False,216,13,444,1,2,Powell
-6.8,False,216,13,444,1,2,Powell
-7.0,False,216,13,444,1,2,Powell
-7.2,False,216,13,444,1,2,Powell
-7.4,False,216,13,444,1,2,Powell
-7.6,False,216,13,444,1,2,Powell
-7.8,False,216,13,444,1,2,Powell
-8.0,False,216,13,444,1,2,Powell
2.0,True,1,13,445,1,2,Powell
1.8,True,7,13,445,1,2,Powell
1.6,False,145,13,445,1,2,Powell
1.4,False,145,13,445,1,2,Powell
1.2,False,145,13,445,1,2,Powell
1.0,False,145,13,445,1,2,Powell
0.8,False,145,13,445,1,2,Powell
0.6,False,145,13,445,1,2,Powell
0.4,False,145,13,445,1,2,Powell
0.2,False,145,13,445,1,2,Powell
0.0,False,145,13,445,1,2,Powell
-0.2,False,145,13,445,1,2,Powell
-0.4,False,145,13,445,1,2,Powell
-0.6,False,145,13,445,1,2,Powell
-0.8,False,145,13,445,1,2,Powell
-1.0,False,145,13,445,1,2,Powell
-1.2,False,145,13,445,1,2,Powell
-1.4,False,145,13,445,1,2,Powell
-1.6,False,145,13,445,1,2,Powell
-1.8,False,145,13,445,1,2,Powell
-2.0,False,145,13,445,1,2,Powell
-2.2,False,145,13,445,1,2,Powell
-2.4,False,145,13,445,1,2,Powell
-2.6,False,145,13,445,1,2,Powell
-2.8,False,145,13,445,1,2,Powell
-3.0,False,145,13,445,1,2,Powell
-3.2,False,145,13,445,1,2,Powell
-3.4,False,145,13,445,1,2,Powell
-3.6,False,145,13,445,1,2,Powell
-3.8,False,145,13,445,1,2,Powell
-4.0,False,145,13,445,1,2,Powell
-4.2,False,145,13,445,1,2,Powell
-4.4,False,145,13,445,1,2,Powell
-4.6,False,145,13,445,1,2,Powell
-4.8,False,145,13,445,1,2,Powell
-5.0,False,145,13,445,1,2,Powell
-5.2,False,145,13,445,1,2,Powell
-5.4,False,145,13,445,1,2,Powell
-5.6,False,145,13,445,1,2,Powell
-5.8,False,145,13,445,1,2,Powell
-6.0,False,145,13,445,1,2,Powell
-6.2,False,145,13,445,1,2,Powell
-6.4,False,145,13,445,1,2,Powell
-6.6,False,145,13,445,1,2,Powell
-6.8,False,145,13,445,1,2,Powell
-7.0,False,145,13,445,1,2,Powell
-7.2,False,145,13,445,1,2,Powell
-7.4,False,145,13,445,1,2,Powell
-7.6,False,145,13,445,1,2,Powell
-7.8,False,145,13,445,1,2,Powell
-8.0,False,145,13,445,1,2,Powell
2.0,True,10,13,446,1,2,Powell
1.8,True,11,13,446,1,2,Powell
1.6,True,14,13,446,1,2,Powell
1.4,False,94,13,446,1,2,Powell
1.2,False,94,13,446,1,2,Powell
1.0,False,94,13,446,1,2,Powell
0.8,False,94,13,446,1,2,Powell
0.6,False,94,13,446,1,2,Powell
0.4,False,94,13,446,1,2,Powell
0.2,False,94,13,446,1,2,Powell
0.0,False,94,13,446,1,2,Powell
-0.2,False,94,13,446,1,2,Powell
-0.4,False,94,13,446,1,2,Powell
-0.6,False,94,13,446,1,2,Powell
-0.8,False,94,13,446,1,2,Powell
-1.0,False,94,13,446,1,2,Powell
-1.2,False,94,13,446,1,2,Powell
-1.4,False,94,13,446,1,2,Powell
-1.6,False,94,13,446,1,2,Powell
-1.8,False,94,13,446,1,2,Powell
-2.0,False,94,13,446,1,2,Powell
-2.2,False,94,13,446,1,2,Powell
-2.4,False,94,13,446,1,2,Powell
-2.6,False,94,13,446,1,2,Powell
-2.8,False,94,13,446,1,2,Powell
-3.0,False,94,13,446,1,2,Powell
-3.2,False,94,13,446,1,2,Powell
-3.4,False,94,13,446,1,2,Powell
-3.6,False,94,13,446,1,2,Powell
-3.8,False,94,13,446,1,2,Powell
-4.0,False,94,13,446,1,2,Powell
-4.2,False,94,13,446,1,2,Powell
-4.4,False,94,13,446,1,2,Powell
-4.6,False,94,13,446,1,2,Powell
-4.8,False,94,13,446,1,2,Powell
-5.0,False,94,13,446,1,2,Powell
-5.2,False,94,13,446,1,2,Powell
-5.4,False,94,13,446,1,2,Powell
-5.6,False,94,13,446,1,2,Powell
-5.8,False,94,13,446,1,2,Powell
-6.0,False,94,13,446,1,2,Powell
-6.2,False,94,13,446,1,2,Powell
-6.4,False,94,13,446,1,2,Powell
-6.6,False,94,13,446,1,2,Powell
-6.8,False,94,13,446,1,2,Powell
-7.0,False,94,13,446,1,2,Powell
-7.2,False,94,13,446,1,2,Powell
-7.4,False,94,13,446,1,2,Powell
-7.6,False,94,13,446,1,2,Powell
-7.8,False,94,13,446,1,2,Powell
-8.0,False,94,13,446,1,2,Powell
2.0,True,1,13,447,1,2,Powell
1.8,True,1,13,447,1,2,Powell
1.6,True,3,13,447,1,2,Powell
1.4,True,15,13,447,1,2,Powell
1.2,True,15,13,447,1,2,Powell
1.0,True,15,13,447,1,2,Powell
0.8,True,15,13,447,1,2,Powell
0.6,True,15,13,447,1,2,Powell
0.4,True,18,13,447,1,2,Powell
0.2,True,18,13,447,1,2,Powell
0.0,True,18,13,447,1,2,Powell
-0.2,True,18,13,447,1,2,Powell
-0.4,True,18,13,447,1,2,Powell
-0.6,True,20,13,447,1,2,Powell
-0.8,True,20,13,447,1,2,Powell
-1.0,True,28,13,447,1,2,Powell
-1.2,True,28,13,447,1,2,Powell
-1.4,True,31,13,447,1,2,Powell
-1.6,True,33,13,447,1,2,Powell
-1.8,False,120,13,447,1,2,Powell
-2.0,False,120,13,447,1,2,Powell
-2.2,False,120,13,447,1,2,Powell
-2.4,False,120,13,447,1,2,Powell
-2.6,False,120,13,447,1,2,Powell
-2.8,False,120,13,447,1,2,Powell
-3.0,False,120,13,447,1,2,Powell
-3.2,False,120,13,447,1,2,Powell
-3.4,False,120,13,447,1,2,Powell
-3.6,False,120,13,447,1,2,Powell
-3.8,False,120,13,447,1,2,Powell
-4.0,False,120,13,447,1,2,Powell
-4.2,False,120,13,447,1,2,Powell
-4.4,False,120,13,447,1,2,Powell
-4.6,False,120,13,447,1,2,Powell
-4.8,False,120,13,447,1,2,Powell
-5.0,False,120,13,447,1,2,Powell
-5.2,False,120,13,447,1,2,Powell
-5.4,False,120,13,447,1,2,Powell
-5.6,False,120,13,447,1,2,Powell
-5.8,False,120,13,447,1,2,Powell
-6.0,False,120,13,447,1,2,Powell
-6.2,False,120,13,447,1,2,Powell
-6.4,False,120,13,447,1,2,Powell
-6.6,False,120,13,447,1,2,Powell
-6.8,False,120,13,447,1,2,Powell
-7.0,False,120,13,447,1,2,Powell
-7.2,False,120,13,447,1,2,Powell
-7.4,False,120,13,447,1,2,Powell
-7.6,False,120,13,447,1,2,Powell
-7.8,False,120,13,447,1,2,Powell
-8.0,False,120,13,447,1,2,Powell
2.0,True,12,13,448,1,2,Powell
1.8,False,95,13,448,1,2,Powell
1.6,False,95,13,448,1,2,Powell
1.4,False,95,13,448,1,2,Powell
1.2,False,95,13,448,1,2,Powell
1.0,False,95,13,448,1,2,Powell
0.8,False,95,13,448,1,2,Powell
0.6,False,95,13,448,1,2,Powell
0.4,False,95,13,448,1,2,Powell
0.2,False,95,13,448,1,2,Powell
0.0,False,95,13,448,1,2,Powell
-0.2,False,95,13,448,1,2,Powell
-0.4,False,95,13,448,1,2,Powell
-0.6,False,95,13,448,1,2,Powell
-0.8,False,95,13,448,1,2,Powell
-1.0,False,95,13,448,1,2,Powell
-1.2,False,95,13,448,1,2,Powell
-1.4,False,95,13,448,1,2,Powell
-1.6,False,95,13,448,1,2,Powell
-1.8,False,95,13,448,1,2,Powell
-2.0,False,95,13,448,1,2,Powell
-2.2,False,95,13,448,1,2,Powell
-2.4,False,95,13,448,1,2,Powell
-2.6,False,95,13,448,1,2,Powell
-2.8,False,95,13,448,1,2,Powell
-3.0,False,95,13,448,1,2,Powell
-3.2,False,95,13,448,1,2,Powell
-3.4,False,95,13,448,1,2,Powell
-3.6,False,95,13,448,1,2,Powell
-3.8,False,95,13,448,1,2,Powell
-4.0,False,95,13,448,1,2,Powell
-4.2,False,95,13,448,1,2,Powell
-4.4,False,95,13,448,1,2,Powell
-4.6,False,95,13,448,1,2,Powell
-4.8,False,95,13,448,1,2,Powell
-5.0,False,95,13,448,1,2,Powell
-5.2,False,95,13,448,1,2,Powell
-5.4,False,95,13,448,1,2,Powell
-5.6,False,95,13,448,1,2,Powell
-5.8,False,95,13,448,1,2,Powell
-6.0,False,95,13,448,1,2,Powell
-6.2,False,95,13,448,1,2,Powell
-6.4,False,95,13,448,1,2,Powell
-6.6,False,95,13,448,1,2,Powell
-6.8,False,95,13,448,1,2,Powell
-7.0,False,95,13,448,1,2,Powell
-7.2,False,95,13,448,1,2,Powell
-7.4,False,95,13,448,1,2,Powell
-7.6,False,95,13,448,1,2,Powell
-7.8,False,95,13,448,1,2,Powell
-8.0,False,95,13,448,1,2,Powell
2.0,True,3,13,449,1,2,Powell
1.8,True,3,13,449,1,2,Powell
1.6,True,7,13,449,1,2,Powell
1.4,True,7,13,449,1,2,Powell
1.2,True,7,13,449,1,2,Powell
1.0,True,7,13,449,1,2,Powell
0.8,True,7,13,449,1,2,Powell
0.6,True,7,13,449,1,2,Powell
0.4,True,7,13,449,1,2,Powell
0.2,True,7,13,449,1,2,Powell
0.0,True,7,13,449,1,2,Powell
-0.2,True,20,13,449,1,2,Powell
-0.4,True,20,13,449,1,2,Powell
-0.6,True,20,13,449,1,2,Powell
-0.8,True,20,13,449,1,2,Powell
-1.0,True,20,13,449,1,2,Powell
-1.2,False,80,13,449,1,2,Powell
-1.4,False,80,13,449,1,2,Powell
-1.6,False,80,13,449,1,2,Powell
-1.8,False,80,13,449,1,2,Powell
-2.0,False,80,13,449,1,2,Powell
-2.2,False,80,13,449,1,2,Powell
-2.4,False,80,13,449,1,2,Powell
-2.6,False,80,13,449,1,2,Powell
-2.8,False,80,13,449,1,2,Powell
-3.0,False,80,13,449,1,2,Powell
-3.2,False,80,13,449,1,2,Powell
-3.4,False,80,13,449,1,2,Powell
-3.6,False,80,13,449,1,2,Powell
-3.8,False,80,13,449,1,2,Powell
-4.0,False,80,13,449,1,2,Powell
-4.2,False,80,13,449,1,2,Powell
-4.4,False,80,13,449,1,2,Powell
-4.6,False,80,13,449,1,2,Powell
-4.8,False,80,13,449,1,2,Powell
-5.0,False,80,13,449,1,2,Powell
-5.2,False,80,13,449,1,2,Powell
-5.4,False,80,13,449,1,2,Powell
-5.6,False,80,13,449,1,2,Powell
-5.8,False,80,13,449,1,2,Powell
-6.0,False,80,13,449,1,2,Powell
-6.2,False,80,13,449,1,2,Powell
-6.4,False,80,13,449,1,2,Powell
-6.6,False,80,13,449,1,2,Powell
-6.8,False,80,13,449,1,2,Powell
-7.0,False,80,13,449,1,2,Powell
-7.2,False,80,13,449,1,2,Powell
-7.4,False,80,13,449,1,2,Powell
-7.6,False,80,13,449,1,2,Powell
-7.8,False,80,13,449,1,2,Powell
-8.0,False,80,13,449,1,2,Powell
2.0,True,5,13,450,1,2,Powell
1.8,True,5,13,450,1,2,Powell
1.6,True,8,13,450,1,2,Powell
1.4,True,8,13,450,1,2,Powell
1.2,True,8,13,450,1,2,Powell
1.0,True,14,13,450,1,2,Powell
0.8,True,16,13,450,1,2,Powell
0.6,False,112,13,450,1,2,Powell
0.4,False,112,13,450,1,2,Powell
0.2,False,112,13,450,1,2,Powell
0.0,False,112,13,450,1,2,Powell
-0.2,False,112,13,450,1,2,Powell
-0.4,False,112,13,450,1,2,Powell
-0.6,False,112,13,450,1,2,Powell
-0.8,False,112,13,450,1,2,Powell
-1.0,False,112,13,450,1,2,Powell
-1.2,False,112,13,450,1,2,Powell
-1.4,False,112,13,450,1,2,Powell
-1.6,False,112,13,450,1,2,Powell
-1.8,False,112,13,450,1,2,Powell
-2.0,False,112,13,450,1,2,Powell
-2.2,False,112,13,450,1,2,Powell
-2.4,False,112,13,450,1,2,Powell
-2.6,False,112,13,450,1,2,Powell
-2.8,False,112,13,450,1,2,Powell
-3.0,False,112,13,450,1,2,Powell
-3.2,False,112,13,450,1,2,Powell
-3.4,False,112,13,450,1,2,Powell
-3.6,False,112,13,450,1,2,Powell
-3.8,False,112,13,450,1,2,Powell
-4.0,False,112,13,450,1,2,Powell
-4.2,False,112,13,450,1,2,Powell
-4.4,False,112,13,450,1,2,Powell
-4.6,False,112,13,450,1,2,Powell
-4.8,False,112,13,450,1,2,Powell
-5.0,False,112,13,450,1,2,Powell
-5.2,False,112,13,450,1,2,Powell
-5.4,False,112,13,450,1,2,Powell
-5.6,False,112,13,450,1,2,Powell
-5.8,False,112,13,450,1,2,Powell
-6.0,False,112,13,450,1,2,Powell
-6.2,False,112,13,450,1,2,Powell
-6.4,False,112,13,450,1,2,Powell
-6.6,False,112,13,450,1,2,Powell
-6.8,False,112,13,450,1,2,Powell
-7.0,False,112,13,450,1,2,Powell
-7.2,False,112,13,450,1,2,Powell
-7.4,False,112,13,450,1,2,Powell
-7.6,False,112,13,450,1,2,Powell
-7.8,False,112,13,450,1,2,Powell
-8.0,False,112,13,450,1,2,Powell
2.0,True,5,13,451,1,2,Powell
1.8,True,5,13,451,1,2,Powell
1.6,True,5,13,451,1,2,Powell
1.4,True,5,13,451,1,2,Powell
1.2,True,5,13,451,1,2,Powell
1.0,True,5,13,451,1,2,Powell
0.8,True,8,13,451,1,2,Powell
0.6,True,8,13,451,1,2,Powell
0.4,True,18,13,451,1,2,Powell
0.2,False,103,13,451,1,2,Powell
0.0,False,103,13,451,1,2,Powell
-0.2,False,103,13,451,1,2,Powell
-0.4,False,103,13,451,1,2,Powell
-0.6,False,103,13,451,1,2,Powell
-0.8,False,103,13,451,1,2,Powell
-1.0,False,103,13,451,1,2,Powell
-1.2,False,103,13,451,1,2,Powell
-1.4,False,103,13,451,1,2,Powell
-1.6,False,103,13,451,1,2,Powell
-1.8,False,103,13,451,1,2,Powell
-2.0,False,103,13,451,1,2,Powell
-2.2,False,103,13,451,1,2,Powell
-2.4,False,103,13,451,1,2,Powell
-2.6,False,103,13,451,1,2,Powell
-2.8,False,103,13,451,1,2,Powell
-3.0,False,103,13,451,1,2,Powell
-3.2,False,103,13,451,1,2,Powell
-3.4,False,103,13,451,1,2,Powell
-3.6,False,103,13,451,1,2,Powell
-3.8,False,103,13,451,1,2,Powell
-4.0,False,103,13,451,1,2,Powell
-4.2,False,103,13,451,1,2,Powell
-4.4,False,103,13,451,1,2,Powell
-4.6,False,103,13,451,1,2,Powell
-4.8,False,103,13,451,1,2,Powell
-5.0,False,103,13,451,1,2,Powell
-5.2,False,103,13,451,1,2,Powell
-5.4,False,103,13,451,1,2,Powell
-5.6,False,103,13,451,1,2,Powell
-5.8,False,103,13,451,1,2,Powell
-6.0,False,103,13,451,1,2,Powell
-6.2,False,103,13,451,1,2,Powell
-6.4,False,103,13,451,1,2,Powell
-6.6,False,103,13,451,1,2,Powell
-6.8,False,103,13,451,1,2,Powell
-7.0,False,103,13,451,1,2,Powell
-7.2,False,103,13,451,1,2,Powell
-7.4,False,103,13,451,1,2,Powell
-7.6,False,103,13,451,1,2,Powell
-7.8,False,103,13,451,1,2,Powell
-8.0,False,103,13,451,1,2,Powell
2.0,True,17,13,452,1,2,Powell
1.8,True,17,13,452,1,2,Powell
1.6,True,17,13,452,1,2,Powell
1.4,True,17,13,452,1,2,Powell
1.2,True,25,13,452,1,2,Powell
1.0,True,25,13,452,1,2,Powell
0.8,True,25,13,452,1,2,Powell
0.6,True,26,13,452,1,2,Powell
0.4,True,39,13,452,1,2,Powell
0.2,True,39,13,452,1,2,Powell
0.0,True,39,13,452,1,2,Powell
-0.2,True,39,13,452,1,2,Powell
-0.4,True,43,13,452,1,2,Powell
-0.6,True,43,13,452,1,2,Powell
-0.8,True,43,13,452,1,2,Powell
-1.0,True,43,13,452,1,2,Powell
-1.2,True,44,13,452,1,2,Powell
-1.4,True,44,13,452,1,2,Powell
-1.6,True,44,13,452,1,2,Powell
-1.8,True,61,13,452,1,2,Powell
-2.0,False,90,13,452,1,2,Powell
-2.2,False,90,13,452,1,2,Powell
-2.4,False,90,13,452,1,2,Powell
-2.6,False,90,13,452,1,2,Powell
-2.8,False,90,13,452,1,2,Powell
-3.0,False,90,13,452,1,2,Powell
-3.2,False,90,13,452,1,2,Powell
-3.4,False,90,13,452,1,2,Powell
-3.6,False,90,13,452,1,2,Powell
-3.8,False,90,13,452,1,2,Powell
-4.0,False,90,13,452,1,2,Powell
-4.2,False,90,13,452,1,2,Powell
-4.4,False,90,13,452,1,2,Powell
-4.6,False,90,13,452,1,2,Powell
-4.8,False,90,13,452,1,2,Powell
-5.0,False,90,13,452,1,2,Powell
-5.2,False,90,13,452,1,2,Powell
-5.4,False,90,13,452,1,2,Powell
-5.6,False,90,13,452,1,2,Powell
-5.8,False,90,13,452,1,2,Powell
-6.0,False,90,13,452,1,2,Powell
-6.2,False,90,13,452,1,2,Powell
-6.4,False,90,13,452,1,2,Powell
-6.6,False,90,13,452,1,2,Powell
-6.8,False,90,13,452,1,2,Powell
-7.0,False,90,13,452,1,2,Powell
-7.2,False,90,13,452,1,2,Powell
-7.4,False,90,13,452,1,2,Powell
-7.6,False,90,13,452,1,2,Powell
-7.8,False,90,13,452,1,2,Powell
-8.0,False,90,13,452,1,2,Powell
2.0,True,1,13,453,1,2,Powell
1.8,True,13,13,453,1,2,Powell
1.6,True,13,13,453,1,2,Powell
1.4,True,13,13,453,1,2,Powell
1.2,True,13,13,453,1,2,Powell
1.0,True,13,13,453,1,2,Powell
0.8,False,95,13,453,1,2,Powell
0.6,False,95,13,453,1,2,Powell
0.4,False,95,13,453,1,2,Powell
0.2,False,95,13,453,1,2,Powell
0.0,False,95,13,453,1,2,Powell
-0.2,False,95,13,453,1,2,Powell
-0.4,False,95,13,453,1,2,Powell
-0.6,False,95,13,453,1,2,Powell
-0.8,False,95,13,453,1,2,Powell
-1.0,False,95,13,453,1,2,Powell
-1.2,False,95,13,453,1,2,Powell
-1.4,False,95,13,453,1,2,Powell
-1.6,False,95,13,453,1,2,Powell
-1.8,False,95,13,453,1,2,Powell
-2.0,False,95,13,453,1,2,Powell
-2.2,False,95,13,453,1,2,Powell
-2.4,False,95,13,453,1,2,Powell
-2.6,False,95,13,453,1,2,Powell
-2.8,False,95,13,453,1,2,Powell
-3.0,False,95,13,453,1,2,Powell
-3.2,False,95,13,453,1,2,Powell
-3.4,False,95,13,453,1,2,Powell
-3.6,False,95,13,453,1,2,Powell
-3.8,False,95,13,453,1,2,Powell
-4.0,False,95,13,453,1,2,Powell
-4.2,False,95,13,453,1,2,Powell
-4.4,False,95,13,453,1,2,Powell
-4.6,False,95,13,453,1,2,Powell
-4.8,False,95,13,453,1,2,Powell
-5.0,False,95,13,453,1,2,Powell
-5.2,False,95,13,453,1,2,Powell
-5.4,False,95,13,453,1,2,Powell
-5.6,False,95,13,453,1,2,Powell
-5.8,False,95,13,453,1,2,Powell
-6.0,False,95,13,453,1,2,Powell
-6.2,False,95,13,453,1,2,Powell
-6.4,False,95,13,453,1,2,Powell
-6.6,False,95,13,453,1,2,Powell
-6.8,False,95,13,453,1,2,Powell
-7.0,False,95,13,453,1,2,Powell
-7.2,False,95,13,453,1,2,Powell
-7.4,False,95,13,453,1,2,Powell
-7.6,False,95,13,453,1,2,Powell
-7.8,False,95,13,453,1,2,Powell
-8.0,False,95,13,453,1,2,Powell
2.0,False,92,13,454,1,2,Powell
1.8,False,92,13,454,1,2,Powell
1.6,False,92,13,454,1,2,Powell
1.4,False,92,13,454,1,2,Powell
1.2,False,92,13,454,1,2,Powell
1.0,False,92,13,454,1,2,Powell
0.8,False,92,13,454,1,2,Powell
0.6,False,92,13,454,1,2,Powell
0.4,False,92,13,454,1,2,Powell
0.2,False,92,13,454,1,2,Powell
0.0,False,92,13,454,1,2,Powell
-0.2,False,92,13,454,1,2,Powell
-0.4,False,92,13,454,1,2,Powell
-0.6,False,92,13,454,1,2,Powell
-0.8,False,92,13,454,1,2,Powell
-1.0,False,92,13,454,1,2,Powell
-1.2,False,92,13,454,1,2,Powell
-1.4,False,92,13,454,1,2,Powell
-1.6,False,92,13,454,1,2,Powell
-1.8,False,92,13,454,1,2,Powell
-2.0,False,92,13,454,1,2,Powell
-2.2,False,92,13,454,1,2,Powell
-2.4,False,92,13,454,1,2,Powell
-2.6,False,92,13,454,1,2,Powell
-2.8,False,92,13,454,1,2,Powell
-3.0,False,92,13,454,1,2,Powell
-3.2,False,92,13,454,1,2,Powell
-3.4,False,92,13,454,1,2,Powell
-3.6,False,92,13,454,1,2,Powell
-3.8,False,92,13,454,1,2,Powell
-4.0,False,92,13,454,1,2,Powell
-4.2,False,92,13,454,1,2,Powell
-4.4,False,92,13,454,1,2,Powell
-4.6,False,92,13,454,1,2,Powell
-4.8,False,92,13,454,1,2,Powell
-5.0,False,92,13,454,1,2,Powell
-5.2,False,92,13,454,1,2,Powell
-5.4,False,92,13,454,1,2,Powell
-5.6,False,92,13,454,1,2,Powell
-5.8,False,92,13,454,1,2,Powell
-6.0,False,92,13,454,1,2,Powell
-6.2,False,92,13,454,1,2,Powell
-6.4,False,92,13,454,1,2,Powell
-6.6,False,92,13,454,1,2,Powell
-6.8,False,92,13,454,1,2,Powell
-7.0,False,92,13,454,1,2,Powell
-7.2,False,92,13,454,1,2,Powell
-7.4,False,92,13,454,1,2,Powell
-7.6,False,92,13,454,1,2,Powell
-7.8,False,92,13,454,1,2,Powell
-8.0,False,92,13,454,1,2,Powell
2.0,True,19,13,455,1,2,Powell
1.8,True,19,13,455,1,2,Powell
1.6,True,19,13,455,1,2,Powell
1.4,True,19,13,455,1,2,Powell
1.2,True,21,13,455,1,2,Powell
1.0,True,21,13,455,1,2,Powell
0.8,False,177,13,455,1,2,Powell
0.6,False,177,13,455,1,2,Powell
0.4,False,177,13,455,1,2,Powell
0.2,False,177,13,455,1,2,Powell
0.0,False,177,13,455,1,2,Powell
-0.2,False,177,13,455,1,2,Powell
-0.4,False,177,13,455,1,2,Powell
-0.6,False,177,13,455,1,2,Powell
-0.8,False,177,13,455,1,2,Powell
-1.0,False,177,13,455,1,2,Powell
-1.2,False,177,13,455,1,2,Powell
-1.4,False,177,13,455,1,2,Powell
-1.6,False,177,13,455,1,2,Powell
-1.8,False,177,13,455,1,2,Powell
-2.0,False,177,13,455,1,2,Powell
-2.2,False,177,13,455,1,2,Powell
-2.4,False,177,13,455,1,2,Powell
-2.6,False,177,13,455,1,2,Powell
-2.8,False,177,13,455,1,2,Powell
-3.0,False,177,13,455,1,2,Powell
-3.2,False,177,13,455,1,2,Powell
-3.4,False,177,13,455,1,2,Powell
-3.6,False,177,13,455,1,2,Powell
-3.8,False,177,13,455,1,2,Powell
-4.0,False,177,13,455,1,2,Powell
-4.2,False,177,13,455,1,2,Powell
-4.4,False,177,13,455,1,2,Powell
-4.6,False,177,13,455,1,2,Powell
-4.8,False,177,13,455,1,2,Powell
-5.0,False,177,13,455,1,2,Powell
-5.2,False,177,13,455,1,2,Powell
-5.4,False,177,13,455,1,2,Powell
-5.6,False,177,13,455,1,2,Powell
-5.8,False,177,13,455,1,2,Powell
-6.0,False,177,13,455,1,2,Powell
-6.2,False,177,13,455,1,2,Powell
-6.4,False,177,13,455,1,2,Powell
-6.6,False,177,13,455,1,2,Powell
-6.8,False,177,13,455,1,2,Powell
-7.0,False,177,13,455,1,2,Powell
-7.2,False,177,13,455,1,2,Powell
-7.4,False,177,13,455,1,2,Powell
-7.6,False,177,13,455,1,2,Powell
-7.8,False,177,13,455,1,2,Powell
-8.0,False,177,13,455,1,2,Powell
2.0,True,1,13,456,1,2,Powell
1.8,True,1,13,456,1,2,Powell
1.6,True,3,13,456,1,2,Powell
1.4,True,3,13,456,1,2,Powell
1.2,True,3,13,456,1,2,Powell
1.0,True,3,13,456,1,2,Powell
0.8,True,7,13,456,1,2,Powell
0.6,True,8,13,456,1,2,Powell
0.4,True,8,13,456,1,2,Powell
0.2,False,108,13,456,1,2,Powell
0.0,False,108,13,456,1,2,Powell
-0.2,False,108,13,456,1,2,Powell
-0.4,False,108,13,456,1,2,Powell
-0.6,False,108,13,456,1,2,Powell
-0.8,False,108,13,456,1,2,Powell
-1.0,False,108,13,456,1,2,Powell
-1.2,False,108,13,456,1,2,Powell
-1.4,False,108,13,456,1,2,Powell
-1.6,False,108,13,456,1,2,Powell
-1.8,False,108,13,456,1,2,Powell
-2.0,False,108,13,456,1,2,Powell
-2.2,False,108,13,456,1,2,Powell
-2.4,False,108,13,456,1,2,Powell
-2.6,False,108,13,456,1,2,Powell
-2.8,False,108,13,456,1,2,Powell
-3.0,False,108,13,456,1,2,Powell
-3.2,False,108,13,456,1,2,Powell
-3.4,False,108,13,456,1,2,Powell
-3.6,False,108,13,456,1,2,Powell
-3.8,False,108,13,456,1,2,Powell
-4.0,False,108,13,456,1,2,Powell
-4.2,False,108,13,456,1,2,Powell
-4.4,False,108,13,456,1,2,Powell
-4.6,False,108,13,456,1,2,Powell
-4.8,False,108,13,456,1,2,Powell
-5.0,False,108,13,456,1,2,Powell
-5.2,False,108,13,456,1,2,Powell
-5.4,False,108,13,456,1,2,Powell
-5.6,False,108,13,456,1,2,Powell
-5.8,False,108,13,456,1,2,Powell
-6.0,False,108,13,456,1,2,Powell
-6.2,False,108,13,456,1,2,Powell
-6.4,False,108,13,456,1,2,Powell
-6.6,False,108,13,456,1,2,Powell
-6.8,False,108,13,456,1,2,Powell
-7.0,False,108,13,456,1,2,Powell
-7.2,False,108,13,456,1,2,Powell
-7.4,False,108,13,456,1,2,Powell
-7.6,False,108,13,456,1,2,Powell
-7.8,False,108,13,456,1,2,Powell
-8.0,False,108,13,456,1,2,Powell
2.0,True,3,13,457,1,2,Powell
1.8,True,3,13,457,1,2,Powell
1.6,True,8,13,457,1,2,Powell
1.4,True,26,13,457,1,2,Powell
1.2,True,27,13,457,1,2,Powell
1.0,True,32,13,457,1,2,Powell
0.8,False,93,13,457,1,2,Powell
0.6,False,93,13,457,1,2,Powell
0.4,False,93,13,457,1,2,Powell
0.2,False,93,13,457,1,2,Powell
0.0,False,93,13,457,1,2,Powell
-0.2,False,93,13,457,1,2,Powell
-0.4,False,93,13,457,1,2,Powell
-0.6,False,93,13,457,1,2,Powell
-0.8,False,93,13,457,1,2,Powell
-1.0,False,93,13,457,1,2,Powell
-1.2,False,93,13,457,1,2,Powell
-1.4,False,93,13,457,1,2,Powell
-1.6,False,93,13,457,1,2,Powell
-1.8,False,93,13,457,1,2,Powell
-2.0,False,93,13,457,1,2,Powell
-2.2,False,93,13,457,1,2,Powell
-2.4,False,93,13,457,1,2,Powell
-2.6,False,93,13,457,1,2,Powell
-2.8,False,93,13,457,1,2,Powell
-3.0,False,93,13,457,1,2,Powell
-3.2,False,93,13,457,1,2,Powell
-3.4,False,93,13,457,1,2,Powell
-3.6,False,93,13,457,1,2,Powell
-3.8,False,93,13,457,1,2,Powell
-4.0,False,93,13,457,1,2,Powell
-4.2,False,93,13,457,1,2,Powell
-4.4,False,93,13,457,1,2,Powell
-4.6,False,93,13,457,1,2,Powell
-4.8,False,93,13,457,1,2,Powell
-5.0,False,93,13,457,1,2,Powell
-5.2,False,93,13,457,1,2,Powell
-5.4,False,93,13,457,1,2,Powell
-5.6,False,93,13,457,1,2,Powell
-5.8,False,93,13,457,1,2,Powell
-6.0,False,93,13,457,1,2,Powell
-6.2,False,93,13,457,1,2,Powell
-6.4,False,93,13,457,1,2,Powell
-6.6,False,93,13,457,1,2,Powell
-6.8,False,93,13,457,1,2,Powell
-7.0,False,93,13,457,1,2,Powell
-7.2,False,93,13,457,1,2,Powell
-7.4,False,93,13,457,1,2,Powell
-7.6,False,93,13,457,1,2,Powell
-7.8,False,93,13,457,1,2,Powell
-8.0,False,93,13,457,1,2,Powell
2.0,True,48,13,458,1,2,Powell
1.8,True,49,13,458,1,2,Powell
1.6,True,49,13,458,1,2,Powell
1.4,True,49,13,458,1,2,Powell
1.2,True,58,13,458,1,2,Powell
1.0,True,58,13,458,1,2,Powell
0.8,True,58,13,458,1,2,Powell
0.6,True,58,13,458,1,2,Powell
0.4,True,58,13,458,1,2,Powell
0.2,True,61,13,458,1,2,Powell
0.0,True,63,13,458,1,2,Powell
-0.2,True,63,13,458,1,2,Powell
-0.4,True,63,13,458,1,2,Powell
-0.6,True,63,13,458,1,2,Powell
-0.8,True,63,13,458,1,2,Powell
-1.0,True,63,13,458,1,2,Powell
-1.2,True,74,13,458,1,2,Powell
-1.4,True,74,13,458,1,2,Powell
-1.6,True,74,13,458,1,2,Powell
-1.8,True,74,13,458,1,2,Powell
-2.0,True,74,13,458,1,2,Powell
-2.2,True,77,13,458,1,2,Powell
-2.4,True,77,13,458,1,2,Powell
-2.6,True,80,13,458,1,2,Powell
-2.8,True,80,13,458,1,2,Powell
-3.0,True,82,13,458,1,2,Powell
-3.2,True,82,13,458,1,2,Powell
-3.4,True,98,13,458,1,2,Powell
-3.6,True,98,13,458,1,2,Powell
-3.8,True,101,13,458,1,2,Powell
-4.0,False,133,13,458,1,2,Powell
-4.2,False,133,13,458,1,2,Powell
-4.4,False,133,13,458,1,2,Powell
-4.6,False,133,13,458,1,2,Powell
-4.8,False,133,13,458,1,2,Powell
-5.0,False,133,13,458,1,2,Powell
-5.2,False,133,13,458,1,2,Powell
-5.4,False,133,13,458,1,2,Powell
-5.6,False,133,13,458,1,2,Powell
-5.8,False,133,13,458,1,2,Powell
-6.0,False,133,13,458,1,2,Powell
-6.2,False,133,13,458,1,2,Powell
-6.4,False,133,13,458,1,2,Powell
-6.6,False,133,13,458,1,2,Powell
-6.8,False,133,13,458,1,2,Powell
-7.0,False,133,13,458,1,2,Powell
-7.2,False,133,13,458,1,2,Powell
-7.4,False,133,13,458,1,2,Powell
-7.6,False,133,13,458,1,2,Powell
-7.8,False,133,13,458,1,2,Powell
-8.0,False,133,13,458,1,2,Powell
2.0,True,12,13,459,1,2,Powell
1.8,True,13,13,459,1,2,Powell
1.6,True,13,13,459,1,2,Powell
1.4,True,13,13,459,1,2,Powell
1.2,True,13,13,459,1,2,Powell
1.0,True,13,13,459,1,2,Powell
0.8,True,16,13,459,1,2,Powell
0.6,True,16,13,459,1,2,Powell
0.4,True,16,13,459,1,2,Powell
0.2,True,16,13,459,1,2,Powell
0.0,True,16,13,459,1,2,Powell
-0.2,True,27,13,459,1,2,Powell
-0.4,True,27,13,459,1,2,Powell
-0.6,True,28,13,459,1,2,Powell
-0.8,True,28,13,459,1,2,Powell
-1.0,True,28,13,459,1,2,Powell
-1.2,True,28,13,459,1,2,Powell
-1.4,True,28,13,459,1,2,Powell
-1.6,True,28,13,459,1,2,Powell
-1.8,True,28,13,459,1,2,Powell
-2.0,False,130,13,459,1,2,Powell
-2.2,False,130,13,459,1,2,Powell
-2.4,False,130,13,459,1,2,Powell
-2.6,False,130,13,459,1,2,Powell
-2.8,False,130,13,459,1,2,Powell
-3.0,False,130,13,459,1,2,Powell
-3.2,False,130,13,459,1,2,Powell
-3.4,False,130,13,459,1,2,Powell
-3.6,False,130,13,459,1,2,Powell
-3.8,False,130,13,459,1,2,Powell
-4.0,False,130,13,459,1,2,Powell
-4.2,False,130,13,459,1,2,Powell
-4.4,False,130,13,459,1,2,Powell
-4.6,False,130,13,459,1,2,Powell
-4.8,False,130,13,459,1,2,Powell
-5.0,False,130,13,459,1,2,Powell
-5.2,False,130,13,459,1,2,Powell
-5.4,False,130,13,459,1,2,Powell
-5.6,False,130,13,459,1,2,Powell
-5.8,False,130,13,459,1,2,Powell
-6.0,False,130,13,459,1,2,Powell
-6.2,False,130,13,459,1,2,Powell
-6.4,False,130,13,459,1,2,Powell
-6.6,False,130,13,459,1,2,Powell
-6.8,False,130,13,459,1,2,Powell
-7.0,False,130,13,459,1,2,Powell
-7.2,False,130,13,459,1,2,Powell
-7.4,False,130,13,459,1,2,Powell
-7.6,False,130,13,459,1,2,Powell
-7.8,False,130,13,459,1,2,Powell
-8.0,False,130,13,459,1,2,Powell
2.0,True,10,13,460,1,2,Powell
1.8,True,12,13,460,1,2,Powell
1.6,True,12,13,460,1,2,Powell
1.4,True,12,13,460,1,2,Powell
1.2,True,16,13,460,1,2,Powell
1.0,False,108,13,460,1,2,Powell
0.8,False,108,13,460,1,2,Powell
0.6,False,108,13,460,1,2,Powell
0.4,False,108,13,460,1,2,Powell
0.2,False,108,13,460,1,2,Powell
0.0,False,108,13,460,1,2,Powell
-0.2,False,108,13,460,1,2,Powell
-0.4,False,108,13,460,1,2,Powell
-0.6,False,108,13,460,1,2,Powell
-0.8,False,108,13,460,1,2,Powell
-1.0,False,108,13,460,1,2,Powell
-1.2,False,108,13,460,1,2,Powell
-1.4,False,108,13,460,1,2,Powell
-1.6,False,108,13,460,1,2,Powell
-1.8,False,108,13,460,1,2,Powell
-2.0,False,108,13,460,1,2,Powell
-2.2,False,108,13,460,1,2,Powell
-2.4,False,108,13,460,1,2,Powell
-2.6,False,108,13,460,1,2,Powell
-2.8,False,108,13,460,1,2,Powell
-3.0,False,108,13,460,1,2,Powell
-3.2,False,108,13,460,1,2,Powell
-3.4,False,108,13,460,1,2,Powell
-3.6,False,108,13,460,1,2,Powell
-3.8,False,108,13,460,1,2,Powell
-4.0,False,108,13,460,1,2,Powell
-4.2,False,108,13,460,1,2,Powell
-4.4,False,108,13,460,1,2,Powell
-4.6,False,108,13,460,1,2,Powell
-4.8,False,108,13,460,1,2,Powell
-5.0,False,108,13,460,1,2,Powell
-5.2,False,108,13,460,1,2,Powell
-5.4,False,108,13,460,1,2,Powell
-5.6,False,108,13,460,1,2,Powell
-5.8,False,108,13,460,1,2,Powell
-6.0,False,108,13,460,1,2,Powell
-6.2,False,108,13,460,1,2,Powell
-6.4,False,108,13,460,1,2,Powell
-6.6,False,108,13,460,1,2,Powell
-6.8,False,108,13,460,1,2,Powell
-7.0,False,108,13,460,1,2,Powell
-7.2,False,108,13,460,1,2,Powell
-7.4,False,108,13,460,1,2,Powell
-7.6,False,108,13,460,1,2,Powell
-7.8,False,108,13,460,1,2,Powell
-8.0,False,108,13,460,1,2,Powell
2.0,True,6,13,461,1,2,Powell
1.8,True,6,13,461,1,2,Powell
1.6,True,6,13,461,1,2,Powell
1.4,True,6,13,461,1,2,Powell
1.2,True,9,13,461,1,2,Powell
1.0,True,13,13,461,1,2,Powell
0.8,False,87,13,461,1,2,Powell
0.6,False,87,13,461,1,2,Powell
0.4,False,87,13,461,1,2,Powell
0.2,False,87,13,461,1,2,Powell
0.0,False,87,13,461,1,2,Powell
-0.2,False,87,13,461,1,2,Powell
-0.4,False,87,13,461,1,2,Powell
-0.6,False,87,13,461,1,2,Powell
-0.8,False,87,13,461,1,2,Powell
-1.0,False,87,13,461,1,2,Powell
-1.2,False,87,13,461,1,2,Powell
-1.4,False,87,13,461,1,2,Powell
-1.6,False,87,13,461,1,2,Powell
-1.8,False,87,13,461,1,2,Powell
-2.0,False,87,13,461,1,2,Powell
-2.2,False,87,13,461,1,2,Powell
-2.4,False,87,13,461,1,2,Powell
-2.6,False,87,13,461,1,2,Powell
-2.8,False,87,13,461,1,2,Powell
-3.0,False,87,13,461,1,2,Powell
-3.2,False,87,13,461,1,2,Powell
-3.4,False,87,13,461,1,2,Powell
-3.6,False,87,13,461,1,2,Powell
-3.8,False,87,13,461,1,2,Powell
-4.0,False,87,13,461,1,2,Powell
-4.2,False,87,13,461,1,2,Powell
-4.4,False,87,13,461,1,2,Powell
-4.6,False,87,13,461,1,2,Powell
-4.8,False,87,13,461,1,2,Powell
-5.0,False,87,13,461,1,2,Powell
-5.2,False,87,13,461,1,2,Powell
-5.4,False,87,13,461,1,2,Powell
-5.6,False,87,13,461,1,2,Powell
-5.8,False,87,13,461,1,2,Powell
-6.0,False,87,13,461,1,2,Powell
-6.2,False,87,13,461,1,2,Powell
-6.4,False,87,13,461,1,2,Powell
-6.6,False,87,13,461,1,2,Powell
-6.8,False,87,13,461,1,2,Powell
-7.0,False,87,13,461,1,2,Powell
-7.2,False,87,13,461,1,2,Powell
-7.4,False,87,13,461,1,2,Powell
-7.6,False,87,13,461,1,2,Powell
-7.8,False,87,13,461,1,2,Powell
-8.0,False,87,13,461,1,2,Powell
2.0,True,6,13,462,1,2,Powell
1.8,True,9,13,462,1,2,Powell
1.6,True,10,13,462,1,2,Powell
1.4,False,151,13,462,1,2,Powell
1.2,False,151,13,462,1,2,Powell
1.0,False,151,13,462,1,2,Powell
0.8,False,151,13,462,1,2,Powell
0.6,False,151,13,462,1,2,Powell
0.4,False,151,13,462,1,2,Powell
0.2,False,151,13,462,1,2,Powell
0.0,False,151,13,462,1,2,Powell
-0.2,False,151,13,462,1,2,Powell
-0.4,False,151,13,462,1,2,Powell
-0.6,False,151,13,462,1,2,Powell
-0.8,False,151,13,462,1,2,Powell
-1.0,False,151,13,462,1,2,Powell
-1.2,False,151,13,462,1,2,Powell
-1.4,False,151,13,462,1,2,Powell
-1.6,False,151,13,462,1,2,Powell
-1.8,False,151,13,462,1,2,Powell
-2.0,False,151,13,462,1,2,Powell
-2.2,False,151,13,462,1,2,Powell
-2.4,False,151,13,462,1,2,Powell
-2.6,False,151,13,462,1,2,Powell
-2.8,False,151,13,462,1,2,Powell
-3.0,False,151,13,462,1,2,Powell
-3.2,False,151,13,462,1,2,Powell
-3.4,False,151,13,462,1,2,Powell
-3.6,False,151,13,462,1,2,Powell
-3.8,False,151,13,462,1,2,Powell
-4.0,False,151,13,462,1,2,Powell
-4.2,False,151,13,462,1,2,Powell
-4.4,False,151,13,462,1,2,Powell
-4.6,False,151,13,462,1,2,Powell
-4.8,False,151,13,462,1,2,Powell
-5.0,False,151,13,462,1,2,Powell
-5.2,False,151,13,462,1,2,Powell
-5.4,False,151,13,462,1,2,Powell
-5.6,False,151,13,462,1,2,Powell
-5.8,False,151,13,462,1,2,Powell
-6.0,False,151,13,462,1,2,Powell
-6.2,False,151,13,462,1,2,Powell
-6.4,False,151,13,462,1,2,Powell
-6.6,False,151,13,462,1,2,Powell
-6.8,False,151,13,462,1,2,Powell
-7.0,False,151,13,462,1,2,Powell
-7.2,False,151,13,462,1,2,Powell
-7.4,False,151,13,462,1,2,Powell
-7.6,False,151,13,462,1,2,Powell
-7.8,False,151,13,462,1,2,Powell
-8.0,False,151,13,462,1,2,Powell
2.0,True,9,13,463,1,2,Powell
1.8,True,10,13,463,1,2,Powell
1.6,True,10,13,463,1,2,Powell
1.4,True,13,13,463,1,2,Powell
1.2,True,13,13,463,1,2,Powell
1.0,True,15,13,463,1,2,Powell
0.8,True,15,13,463,1,2,Powell
0.6,False,113,13,463,1,2,Powell
0.4,False,113,13,463,1,2,Powell
0.2,False,113,13,463,1,2,Powell
0.0,False,113,13,463,1,2,Powell
-0.2,False,113,13,463,1,2,Powell
-0.4,False,113,13,463,1,2,Powell
-0.6,False,113,13,463,1,2,Powell
-0.8,False,113,13,463,1,2,Powell
-1.0,False,113,13,463,1,2,Powell
-1.2,False,113,13,463,1,2,Powell
-1.4,False,113,13,463,1,2,Powell
-1.6,False,113,13,463,1,2,Powell
-1.8,False,113,13,463,1,2,Powell
-2.0,False,113,13,463,1,2,Powell
-2.2,False,113,13,463,1,2,Powell
-2.4,False,113,13,463,1,2,Powell
-2.6,False,113,13,463,1,2,Powell
-2.8,False,113,13,463,1,2,Powell
-3.0,False,113,13,463,1,2,Powell
-3.2,False,113,13,463,1,2,Powell
-3.4,False,113,13,463,1,2,Powell
-3.6,False,113,13,463,1,2,Powell
-3.8,False,113,13,463,1,2,Powell
-4.0,False,113,13,463,1,2,Powell
-4.2,False,113,13,463,1,2,Powell
-4.4,False,113,13,463,1,2,Powell
-4.6,False,113,13,463,1,2,Powell
-4.8,False,113,13,463,1,2,Powell
-5.0,False,113,13,463,1,2,Powell
-5.2,False,113,13,463,1,2,Powell
-5.4,False,113,13,463,1,2,Powell
-5.6,False,113,13,463,1,2,Powell
-5.8,False,113,13,463,1,2,Powell
-6.0,False,113,13,463,1,2,Powell
-6.2,False,113,13,463,1,2,Powell
-6.4,False,113,13,463,1,2,Powell
-6.6,False,113,13,463,1,2,Powell
-6.8,False,113,13,463,1,2,Powell
-7.0,False,113,13,463,1,2,Powell
-7.2,False,113,13,463,1,2,Powell
-7.4,False,113,13,463,1,2,Powell
-7.6,False,113,13,463,1,2,Powell
-7.8,False,113,13,463,1,2,Powell
-8.0,False,113,13,463,1,2,Powell
2.0,True,6,13,464,1,2,Powell
1.8,True,6,13,464,1,2,Powell
1.6,True,6,13,464,1,2,Powell
1.4,True,6,13,464,1,2,Powell
1.2,True,8,13,464,1,2,Powell
1.0,True,9,13,464,1,2,Powell
0.8,True,9,13,464,1,2,Powell
0.6,True,11,13,464,1,2,Powell
0.4,True,11,13,464,1,2,Powell
0.2,True,11,13,464,1,2,Powell
0.0,True,14,13,464,1,2,Powell
-0.2,True,25,13,464,1,2,Powell
-0.4,False,93,13,464,1,2,Powell
-0.6,False,93,13,464,1,2,Powell
-0.8,False,93,13,464,1,2,Powell
-1.0,False,93,13,464,1,2,Powell
-1.2,False,93,13,464,1,2,Powell
-1.4,False,93,13,464,1,2,Powell
-1.6,False,93,13,464,1,2,Powell
-1.8,False,93,13,464,1,2,Powell
-2.0,False,93,13,464,1,2,Powell
-2.2,False,93,13,464,1,2,Powell
-2.4,False,93,13,464,1,2,Powell
-2.6,False,93,13,464,1,2,Powell
-2.8,False,93,13,464,1,2,Powell
-3.0,False,93,13,464,1,2,Powell
-3.2,False,93,13,464,1,2,Powell
-3.4,False,93,13,464,1,2,Powell
-3.6,False,93,13,464,1,2,Powell
-3.8,False,93,13,464,1,2,Powell
-4.0,False,93,13,464,1,2,Powell
-4.2,False,93,13,464,1,2,Powell
-4.4,False,93,13,464,1,2,Powell
-4.6,False,93,13,464,1,2,Powell
-4.8,False,93,13,464,1,2,Powell
-5.0,False,93,13,464,1,2,Powell
-5.2,False,93,13,464,1,2,Powell
-5.4,False,93,13,464,1,2,Powell
-5.6,False,93,13,464,1,2,Powell
-5.8,False,93,13,464,1,2,Powell
-6.0,False,93,13,464,1,2,Powell
-6.2,False,93,13,464,1,2,Powell
-6.4,False,93,13,464,1,2,Powell
-6.6,False,93,13,464,1,2,Powell
-6.8,False,93,13,464,1,2,Powell
-7.0,False,93,13,464,1,2,Powell
-7.2,False,93,13,464,1,2,Powell
-7.4,False,93,13,464,1,2,Powell
-7.6,False,93,13,464,1,2,Powell
-7.8,False,93,13,464,1,2,Powell
-8.0,False,93,13,464,1,2,Powell
2.0,True,4,13,465,1,2,Powell
1.8,True,6,13,465,1,2,Powell
1.6,True,10,13,465,1,2,Powell
1.4,False,166,13,465,1,2,Powell
1.2,False,166,13,465,1,2,Powell
1.0,False,166,13,465,1,2,Powell
0.8,False,166,13,465,1,2,Powell
0.6,False,166,13,465,1,2,Powell
0.4,False,166,13,465,1,2,Powell
0.2,False,166,13,465,1,2,Powell
0.0,False,166,13,465,1,2,Powell
-0.2,False,166,13,465,1,2,Powell
-0.4,False,166,13,465,1,2,Powell
-0.6,False,166,13,465,1,2,Powell
-0.8,False,166,13,465,1,2,Powell
-1.0,False,166,13,465,1,2,Powell
-1.2,False,166,13,465,1,2,Powell
-1.4,False,166,13,465,1,2,Powell
-1.6,False,166,13,465,1,2,Powell
-1.8,False,166,13,465,1,2,Powell
-2.0,False,166,13,465,1,2,Powell
-2.2,False,166,13,465,1,2,Powell
-2.4,False,166,13,465,1,2,Powell
-2.6,False,166,13,465,1,2,Powell
-2.8,False,166,13,465,1,2,Powell
-3.0,False,166,13,465,1,2,Powell
-3.2,False,166,13,465,1,2,Powell
-3.4,False,166,13,465,1,2,Powell
-3.6,False,166,13,465,1,2,Powell
-3.8,False,166,13,465,1,2,Powell
-4.0,False,166,13,465,1,2,Powell
-4.2,False,166,13,465,1,2,Powell
-4.4,False,166,13,465,1,2,Powell
-4.6,False,166,13,465,1,2,Powell
-4.8,False,166,13,465,1,2,Powell
-5.0,False,166,13,465,1,2,Powell
-5.2,False,166,13,465,1,2,Powell
-5.4,False,166,13,465,1,2,Powell
-5.6,False,166,13,465,1,2,Powell
-5.8,False,166,13,465,1,2,Powell
-6.0,False,166,13,465,1,2,Powell
-6.2,False,166,13,465,1,2,Powell
-6.4,False,166,13,465,1,2,Powell
-6.6,False,166,13,465,1,2,Powell
-6.8,False,166,13,465,1,2,Powell
-7.0,False,166,13,465,1,2,Powell
-7.2,False,166,13,465,1,2,Powell
-7.4,False,166,13,465,1,2,Powell
-7.6,False,166,13,465,1,2,Powell
-7.8,False,166,13,465,1,2,Powell
-8.0,False,166,13,465,1,2,Powell
2.0,True,21,13,466,1,2,Powell
1.8,True,34,13,466,1,2,Powell
1.6,True,34,13,466,1,2,Powell
1.4,True,36,13,466,1,2,Powell
1.2,True,36,13,466,1,2,Powell
1.0,True,39,13,466,1,2,Powell
0.8,False,161,13,466,1,2,Powell
0.6,False,161,13,466,1,2,Powell
0.4,False,161,13,466,1,2,Powell
0.2,False,161,13,466,1,2,Powell
0.0,False,161,13,466,1,2,Powell
-0.2,False,161,13,466,1,2,Powell
-0.4,False,161,13,466,1,2,Powell
-0.6,False,161,13,466,1,2,Powell
-0.8,False,161,13,466,1,2,Powell
-1.0,False,161,13,466,1,2,Powell
-1.2,False,161,13,466,1,2,Powell
-1.4,False,161,13,466,1,2,Powell
-1.6,False,161,13,466,1,2,Powell
-1.8,False,161,13,466,1,2,Powell
-2.0,False,161,13,466,1,2,Powell
-2.2,False,161,13,466,1,2,Powell
-2.4,False,161,13,466,1,2,Powell
-2.6,False,161,13,466,1,2,Powell
-2.8,False,161,13,466,1,2,Powell
-3.0,False,161,13,466,1,2,Powell
-3.2,False,161,13,466,1,2,Powell
-3.4,False,161,13,466,1,2,Powell
-3.6,False,161,13,466,1,2,Powell
-3.8,False,161,13,466,1,2,Powell
-4.0,False,161,13,466,1,2,Powell
-4.2,False,161,13,466,1,2,Powell
-4.4,False,161,13,466,1,2,Powell
-4.6,False,161,13,466,1,2,Powell
-4.8,False,161,13,466,1,2,Powell
-5.0,False,161,13,466,1,2,Powell
-5.2,False,161,13,466,1,2,Powell
-5.4,False,161,13,466,1,2,Powell
-5.6,False,161,13,466,1,2,Powell
-5.8,False,161,13,466,1,2,Powell
-6.0,False,161,13,466,1,2,Powell
-6.2,False,161,13,466,1,2,Powell
-6.4,False,161,13,466,1,2,Powell
-6.6,False,161,13,466,1,2,Powell
-6.8,False,161,13,466,1,2,Powell
-7.0,False,161,13,466,1,2,Powell
-7.2,False,161,13,466,1,2,Powell
-7.4,False,161,13,466,1,2,Powell
-7.6,False,161,13,466,1,2,Powell
-7.8,False,161,13,466,1,2,Powell
-8.0,False,161,13,466,1,2,Powell
2.0,False,87,13,467,1,2,Powell
1.8,False,87,13,467,1,2,Powell
1.6,False,87,13,467,1,2,Powell
1.4,False,87,13,467,1,2,Powell
1.2,False,87,13,467,1,2,Powell
1.0,False,87,13,467,1,2,Powell
0.8,False,87,13,467,1,2,Powell
0.6,False,87,13,467,1,2,Powell
0.4,False,87,13,467,1,2,Powell
0.2,False,87,13,467,1,2,Powell
0.0,False,87,13,467,1,2,Powell
-0.2,False,87,13,467,1,2,Powell
-0.4,False,87,13,467,1,2,Powell
-0.6,False,87,13,467,1,2,Powell
-0.8,False,87,13,467,1,2,Powell
-1.0,False,87,13,467,1,2,Powell
-1.2,False,87,13,467,1,2,Powell
-1.4,False,87,13,467,1,2,Powell
-1.6,False,87,13,467,1,2,Powell
-1.8,False,87,13,467,1,2,Powell
-2.0,False,87,13,467,1,2,Powell
-2.2,False,87,13,467,1,2,Powell
-2.4,False,87,13,467,1,2,Powell
-2.6,False,87,13,467,1,2,Powell
-2.8,False,87,13,467,1,2,Powell
-3.0,False,87,13,467,1,2,Powell
-3.2,False,87,13,467,1,2,Powell
-3.4,False,87,13,467,1,2,Powell
-3.6,False,87,13,467,1,2,Powell
-3.8,False,87,13,467,1,2,Powell
-4.0,False,87,13,467,1,2,Powell
-4.2,False,87,13,467,1,2,Powell
-4.4,False,87,13,467,1,2,Powell
-4.6,False,87,13,467,1,2,Powell
-4.8,False,87,13,467,1,2,Powell
-5.0,False,87,13,467,1,2,Powell
-5.2,False,87,13,467,1,2,Powell
-5.4,False,87,13,467,1,2,Powell
-5.6,False,87,13,467,1,2,Powell
-5.8,False,87,13,467,1,2,Powell
-6.0,False,87,13,467,1,2,Powell
-6.2,False,87,13,467,1,2,Powell
-6.4,False,87,13,467,1,2,Powell
-6.6,False,87,13,467,1,2,Powell
-6.8,False,87,13,467,1,2,Powell
-7.0,False,87,13,467,1,2,Powell
-7.2,False,87,13,467,1,2,Powell
-7.4,False,87,13,467,1,2,Powell
-7.6,False,87,13,467,1,2,Powell
-7.8,False,87,13,467,1,2,Powell
-8.0,False,87,13,467,1,2,Powell
2.0,False,148,13,468,1,2,Powell
1.8,False,148,13,468,1,2,Powell
1.6,False,148,13,468,1,2,Powell
1.4,False,148,13,468,1,2,Powell
1.2,False,148,13,468,1,2,Powell
1.0,False,148,13,468,1,2,Powell
0.8,False,148,13,468,1,2,Powell
0.6,False,148,13,468,1,2,Powell
0.4,False,148,13,468,1,2,Powell
0.2,False,148,13,468,1,2,Powell
0.0,False,148,13,468,1,2,Powell
-0.2,False,148,13,468,1,2,Powell
-0.4,False,148,13,468,1,2,Powell
-0.6,False,148,13,468,1,2,Powell
-0.8,False,148,13,468,1,2,Powell
-1.0,False,148,13,468,1,2,Powell
-1.2,False,148,13,468,1,2,Powell
-1.4,False,148,13,468,1,2,Powell
-1.6,False,148,13,468,1,2,Powell
-1.8,False,148,13,468,1,2,Powell
-2.0,False,148,13,468,1,2,Powell
-2.2,False,148,13,468,1,2,Powell
-2.4,False,148,13,468,1,2,Powell
-2.6,False,148,13,468,1,2,Powell
-2.8,False,148,13,468,1,2,Powell
-3.0,False,148,13,468,1,2,Powell
-3.2,False,148,13,468,1,2,Powell
-3.4,False,148,13,468,1,2,Powell
-3.6,False,148,13,468,1,2,Powell
-3.8,False,148,13,468,1,2,Powell
-4.0,False,148,13,468,1,2,Powell
-4.2,False,148,13,468,1,2,Powell
-4.4,False,148,13,468,1,2,Powell
-4.6,False,148,13,468,1,2,Powell
-4.8,False,148,13,468,1,2,Powell
-5.0,False,148,13,468,1,2,Powell
-5.2,False,148,13,468,1,2,Powell
-5.4,False,148,13,468,1,2,Powell
-5.6,False,148,13,468,1,2,Powell
-5.8,False,148,13,468,1,2,Powell
-6.0,False,148,13,468,1,2,Powell
-6.2,False,148,13,468,1,2,Powell
-6.4,False,148,13,468,1,2,Powell
-6.6,False,148,13,468,1,2,Powell
-6.8,False,148,13,468,1,2,Powell
-7.0,False,148,13,468,1,2,Powell
-7.2,False,148,13,468,1,2,Powell
-7.4,False,148,13,468,1,2,Powell
-7.6,False,148,13,468,1,2,Powell
-7.8,False,148,13,468,1,2,Powell
-8.0,False,148,13,468,1,2,Powell
2.0,True,5,13,469,1,2,Powell
1.8,True,12,13,469,1,2,Powell
1.6,True,15,13,469,1,2,Powell
1.4,True,15,13,469,1,2,Powell
1.2,True,15,13,469,1,2,Powell
1.0,True,15,13,469,1,2,Powell
0.8,True,17,13,469,1,2,Powell
0.6,True,17,13,469,1,2,Powell
0.4,True,17,13,469,1,2,Powell
0.2,True,20,13,469,1,2,Powell
0.0,True,20,13,469,1,2,Powell
-0.2,True,22,13,469,1,2,Powell
-0.4,True,30,13,469,1,2,Powell
-0.6,True,30,13,469,1,2,Powell
-0.8,False,144,13,469,1,2,Powell
-1.0,False,144,13,469,1,2,Powell
-1.2,False,144,13,469,1,2,Powell
-1.4,False,144,13,469,1,2,Powell
-1.6,False,144,13,469,1,2,Powell
-1.8,False,144,13,469,1,2,Powell
-2.0,False,144,13,469,1,2,Powell
-2.2,False,144,13,469,1,2,Powell
-2.4,False,144,13,469,1,2,Powell
-2.6,False,144,13,469,1,2,Powell
-2.8,False,144,13,469,1,2,Powell
-3.0,False,144,13,469,1,2,Powell
-3.2,False,144,13,469,1,2,Powell
-3.4,False,144,13,469,1,2,Powell
-3.6,False,144,13,469,1,2,Powell
-3.8,False,144,13,469,1,2,Powell
-4.0,False,144,13,469,1,2,Powell
-4.2,False,144,13,469,1,2,Powell
-4.4,False,144,13,469,1,2,Powell
-4.6,False,144,13,469,1,2,Powell
-4.8,False,144,13,469,1,2,Powell
-5.0,False,144,13,469,1,2,Powell
-5.2,False,144,13,469,1,2,Powell
-5.4,False,144,13,469,1,2,Powell
-5.6,False,144,13,469,1,2,Powell
-5.8,False,144,13,469,1,2,Powell
-6.0,False,144,13,469,1,2,Powell
-6.2,False,144,13,469,1,2,Powell
-6.4,False,144,13,469,1,2,Powell
-6.6,False,144,13,469,1,2,Powell
-6.8,False,144,13,469,1,2,Powell
-7.0,False,144,13,469,1,2,Powell
-7.2,False,144,13,469,1,2,Powell
-7.4,False,144,13,469,1,2,Powell
-7.6,False,144,13,469,1,2,Powell
-7.8,False,144,13,469,1,2,Powell
-8.0,False,144,13,469,1,2,Powell
2.0,True,3,13,470,1,2,Powell
1.8,True,3,13,470,1,2,Powell
1.6,True,3,13,470,1,2,Powell
1.4,True,3,13,470,1,2,Powell
1.2,True,3,13,470,1,2,Powell
1.0,True,3,13,470,1,2,Powell
0.8,True,3,13,470,1,2,Powell
0.6,True,3,13,470,1,2,Powell
0.4,True,3,13,470,1,2,Powell
0.2,True,9,13,470,1,2,Powell
0.0,True,9,13,470,1,2,Powell
-0.2,True,19,13,470,1,2,Powell
-0.4,True,19,13,470,1,2,Powell
-0.6,True,21,13,470,1,2,Powell
-0.8,True,21,13,470,1,2,Powell
-1.0,True,22,13,470,1,2,Powell
-1.2,True,23,13,470,1,2,Powell
-1.4,True,23,13,470,1,2,Powell
-1.6,True,24,13,470,1,2,Powell
-1.8,True,24,13,470,1,2,Powell
-2.0,True,26,13,470,1,2,Powell
-2.2,True,26,13,470,1,2,Powell
-2.4,True,46,13,470,1,2,Powell
-2.6,False,82,13,470,1,2,Powell
-2.8,False,82,13,470,1,2,Powell
-3.0,False,82,13,470,1,2,Powell
-3.2,False,82,13,470,1,2,Powell
-3.4,False,82,13,470,1,2,Powell
-3.6,False,82,13,470,1,2,Powell
-3.8,False,82,13,470,1,2,Powell
-4.0,False,82,13,470,1,2,Powell
-4.2,False,82,13,470,1,2,Powell
-4.4,False,82,13,470,1,2,Powell
-4.6,False,82,13,470,1,2,Powell
-4.8,False,82,13,470,1,2,Powell
-5.0,False,82,13,470,1,2,Powell
-5.2,False,82,13,470,1,2,Powell
-5.4,False,82,13,470,1,2,Powell
-5.6,False,82,13,470,1,2,Powell
-5.8,False,82,13,470,1,2,Powell
-6.0,False,82,13,470,1,2,Powell
-6.2,False,82,13,470,1,2,Powell
-6.4,False,82,13,470,1,2,Powell
-6.6,False,82,13,470,1,2,Powell
-6.8,False,82,13,470,1,2,Powell
-7.0,False,82,13,470,1,2,Powell
-7.2,False,82,13,470,1,2,Powell
-7.4,False,82,13,470,1,2,Powell
-7.6,False,82,13,470,1,2,Powell
-7.8,False,82,13,470,1,2,Powell
-8.0,False,82,13,470,1,2,Powell
2.0,True,1,13,471,1,2,Powell
1.8,True,1,13,471,1,2,Powell
1.6,True,3,13,471,1,2,Powell
1.4,True,6,13,471,1,2,Powell
1.2,True,6,13,471,1,2,Powell
1.0,True,6,13,471,1,2,Powell
0.8,True,6,13,471,1,2,Powell
0.6,False,112,13,471,1,2,Powell
0.4,False,112,13,471,1,2,Powell
0.2,False,112,13,471,1,2,Powell
0.0,False,112,13,471,1,2,Powell
-0.2,False,112,13,471,1,2,Powell
-0.4,False,112,13,471,1,2,Powell
-0.6,False,112,13,471,1,2,Powell
-0.8,False,112,13,471,1,2,Powell
-1.0,False,112,13,471,1,2,Powell
-1.2,False,112,13,471,1,2,Powell
-1.4,False,112,13,471,1,2,Powell
-1.6,False,112,13,471,1,2,Powell
-1.8,False,112,13,471,1,2,Powell
-2.0,False,112,13,471,1,2,Powell
-2.2,False,112,13,471,1,2,Powell
-2.4,False,112,13,471,1,2,Powell
-2.6,False,112,13,471,1,2,Powell
-2.8,False,112,13,471,1,2,Powell
-3.0,False,112,13,471,1,2,Powell
-3.2,False,112,13,471,1,2,Powell
-3.4,False,112,13,471,1,2,Powell
-3.6,False,112,13,471,1,2,Powell
-3.8,False,112,13,471,1,2,Powell
-4.0,False,112,13,471,1,2,Powell
-4.2,False,112,13,471,1,2,Powell
-4.4,False,112,13,471,1,2,Powell
-4.6,False,112,13,471,1,2,Powell
-4.8,False,112,13,471,1,2,Powell
-5.0,False,112,13,471,1,2,Powell
-5.2,False,112,13,471,1,2,Powell
-5.4,False,112,13,471,1,2,Powell
-5.6,False,112,13,471,1,2,Powell
-5.8,False,112,13,471,1,2,Powell
-6.0,False,112,13,471,1,2,Powell
-6.2,False,112,13,471,1,2,Powell
-6.4,False,112,13,471,1,2,Powell
-6.6,False,112,13,471,1,2,Powell
-6.8,False,112,13,471,1,2,Powell
-7.0,False,112,13,471,1,2,Powell
-7.2,False,112,13,471,1,2,Powell
-7.4,False,112,13,471,1,2,Powell
-7.6,False,112,13,471,1,2,Powell
-7.8,False,112,13,471,1,2,Powell
-8.0,False,112,13,471,1,2,Powell
2.0,False,100,13,472,1,2,Powell
1.8,False,100,13,472,1,2,Powell
1.6,False,100,13,472,1,2,Powell
1.4,False,100,13,472,1,2,Powell
1.2,False,100,13,472,1,2,Powell
1.0,False,100,13,472,1,2,Powell
0.8,False,100,13,472,1,2,Powell
0.6,False,100,13,472,1,2,Powell
0.4,False,100,13,472,1,2,Powell
0.2,False,100,13,472,1,2,Powell
0.0,False,100,13,472,1,2,Powell
-0.2,False,100,13,472,1,2,Powell
-0.4,False,100,13,472,1,2,Powell
-0.6,False,100,13,472,1,2,Powell
-0.8,False,100,13,472,1,2,Powell
-1.0,False,100,13,472,1,2,Powell
-1.2,False,100,13,472,1,2,Powell
-1.4,False,100,13,472,1,2,Powell
-1.6,False,100,13,472,1,2,Powell
-1.8,False,100,13,472,1,2,Powell
-2.0,False,100,13,472,1,2,Powell
-2.2,False,100,13,472,1,2,Powell
-2.4,False,100,13,472,1,2,Powell
-2.6,False,100,13,472,1,2,Powell
-2.8,False,100,13,472,1,2,Powell
-3.0,False,100,13,472,1,2,Powell
-3.2,False,100,13,472,1,2,Powell
-3.4,False,100,13,472,1,2,Powell
-3.6,False,100,13,472,1,2,Powell
-3.8,False,100,13,472,1,2,Powell
-4.0,False,100,13,472,1,2,Powell
-4.2,False,100,13,472,1,2,Powell
-4.4,False,100,13,472,1,2,Powell
-4.6,False,100,13,472,1,2,Powell
-4.8,False,100,13,472,1,2,Powell
-5.0,False,100,13,472,1,2,Powell
-5.2,False,100,13,472,1,2,Powell
-5.4,False,100,13,472,1,2,Powell
-5.6,False,100,13,472,1,2,Powell
-5.8,False,100,13,472,1,2,Powell
-6.0,False,100,13,472,1,2,Powell
-6.2,False,100,13,472,1,2,Powell
-6.4,False,100,13,472,1,2,Powell
-6.6,False,100,13,472,1,2,Powell
-6.8,False,100,13,472,1,2,Powell
-7.0,False,100,13,472,1,2,Powell
-7.2,False,100,13,472,1,2,Powell
-7.4,False,100,13,472,1,2,Powell
-7.6,False,100,13,472,1,2,Powell
-7.8,False,100,13,472,1,2,Powell
-8.0,False,100,13,472,1,2,Powell
2.0,True,4,13,473,1,2,Powell
1.8,True,4,13,473,1,2,Powell
1.6,True,4,13,473,1,2,Powell
1.4,True,13,13,473,1,2,Powell
1.2,True,13,13,473,1,2,Powell
1.0,False,110,13,473,1,2,Powell
0.8,False,110,13,473,1,2,Powell
0.6,False,110,13,473,1,2,Powell
0.4,False,110,13,473,1,2,Powell
0.2,False,110,13,473,1,2,Powell
0.0,False,110,13,473,1,2,Powell
-0.2,False,110,13,473,1,2,Powell
-0.4,False,110,13,473,1,2,Powell
-0.6,False,110,13,473,1,2,Powell
-0.8,False,110,13,473,1,2,Powell
-1.0,False,110,13,473,1,2,Powell
-1.2,False,110,13,473,1,2,Powell
-1.4,False,110,13,473,1,2,Powell
-1.6,False,110,13,473,1,2,Powell
-1.8,False,110,13,473,1,2,Powell
-2.0,False,110,13,473,1,2,Powell
-2.2,False,110,13,473,1,2,Powell
-2.4,False,110,13,473,1,2,Powell
-2.6,False,110,13,473,1,2,Powell
-2.8,False,110,13,473,1,2,Powell
-3.0,False,110,13,473,1,2,Powell
-3.2,False,110,13,473,1,2,Powell
-3.4,False,110,13,473,1,2,Powell
-3.6,False,110,13,473,1,2,Powell
-3.8,False,110,13,473,1,2,Powell
-4.0,False,110,13,473,1,2,Powell
-4.2,False,110,13,473,1,2,Powell
-4.4,False,110,13,473,1,2,Powell
-4.6,False,110,13,473,1,2,Powell
-4.8,False,110,13,473,1,2,Powell
-5.0,False,110,13,473,1,2,Powell
-5.2,False,110,13,473,1,2,Powell
-5.4,False,110,13,473,1,2,Powell
-5.6,False,110,13,473,1,2,Powell
-5.8,False,110,13,473,1,2,Powell
-6.0,False,110,13,473,1,2,Powell
-6.2,False,110,13,473,1,2,Powell
-6.4,False,110,13,473,1,2,Powell
-6.6,False,110,13,473,1,2,Powell
-6.8,False,110,13,473,1,2,Powell
-7.0,False,110,13,473,1,2,Powell
-7.2,False,110,13,473,1,2,Powell
-7.4,False,110,13,473,1,2,Powell
-7.6,False,110,13,473,1,2,Powell
-7.8,False,110,13,473,1,2,Powell
-8.0,False,110,13,473,1,2,Powell
2.0,True,10,13,474,1,2,Powell
1.8,True,10,13,474,1,2,Powell
1.6,True,11,13,474,1,2,Powell
1.4,True,11,13,474,1,2,Powell
1.2,True,13,13,474,1,2,Powell
1.0,True,14,13,474,1,2,Powell
0.8,True,16,13,474,1,2,Powell
0.6,True,16,13,474,1,2,Powell
0.4,True,16,13,474,1,2,Powell
0.2,True,16,13,474,1,2,Powell
0.0,True,16,13,474,1,2,Powell
-0.2,True,16,13,474,1,2,Powell
-0.4,True,28,13,474,1,2,Powell
-0.6,False,93,13,474,1,2,Powell
-0.8,False,93,13,474,1,2,Powell
-1.0,False,93,13,474,1,2,Powell
-1.2,False,93,13,474,1,2,Powell
-1.4,False,93,13,474,1,2,Powell
-1.6,False,93,13,474,1,2,Powell
-1.8,False,93,13,474,1,2,Powell
-2.0,False,93,13,474,1,2,Powell
-2.2,False,93,13,474,1,2,Powell
-2.4,False,93,13,474,1,2,Powell
-2.6,False,93,13,474,1,2,Powell
-2.8,False,93,13,474,1,2,Powell
-3.0,False,93,13,474,1,2,Powell
-3.2,False,93,13,474,1,2,Powell
-3.4,False,93,13,474,1,2,Powell
-3.6,False,93,13,474,1,2,Powell
-3.8,False,93,13,474,1,2,Powell
-4.0,False,93,13,474,1,2,Powell
-4.2,False,93,13,474,1,2,Powell
-4.4,False,93,13,474,1,2,Powell
-4.6,False,93,13,474,1,2,Powell
-4.8,False,93,13,474,1,2,Powell
-5.0,False,93,13,474,1,2,Powell
-5.2,False,93,13,474,1,2,Powell
-5.4,False,93,13,474,1,2,Powell
-5.6,False,93,13,474,1,2,Powell
-5.8,False,93,13,474,1,2,Powell
-6.0,False,93,13,474,1,2,Powell
-6.2,False,93,13,474,1,2,Powell
-6.4,False,93,13,474,1,2,Powell
-6.6,False,93,13,474,1,2,Powell
-6.8,False,93,13,474,1,2,Powell
-7.0,False,93,13,474,1,2,Powell
-7.2,False,93,13,474,1,2,Powell
-7.4,False,93,13,474,1,2,Powell
-7.6,False,93,13,474,1,2,Powell
-7.8,False,93,13,474,1,2,Powell
-8.0,False,93,13,474,1,2,Powell
2.0,True,7,13,475,1,2,Powell
1.8,True,17,13,475,1,2,Powell
1.6,True,28,13,475,1,2,Powell
1.4,True,28,13,475,1,2,Powell
1.2,True,52,13,475,1,2,Powell
1.0,False,167,13,475,1,2,Powell
0.8,False,167,13,475,1,2,Powell
0.6,False,167,13,475,1,2,Powell
0.4,False,167,13,475,1,2,Powell
0.2,False,167,13,475,1,2,Powell
0.0,False,167,13,475,1,2,Powell
-0.2,False,167,13,475,1,2,Powell
-0.4,False,167,13,475,1,2,Powell
-0.6,False,167,13,475,1,2,Powell
-0.8,False,167,13,475,1,2,Powell
-1.0,False,167,13,475,1,2,Powell
-1.2,False,167,13,475,1,2,Powell
-1.4,False,167,13,475,1,2,Powell
-1.6,False,167,13,475,1,2,Powell
-1.8,False,167,13,475,1,2,Powell
-2.0,False,167,13,475,1,2,Powell
-2.2,False,167,13,475,1,2,Powell
-2.4,False,167,13,475,1,2,Powell
-2.6,False,167,13,475,1,2,Powell
-2.8,False,167,13,475,1,2,Powell
-3.0,False,167,13,475,1,2,Powell
-3.2,False,167,13,475,1,2,Powell
-3.4,False,167,13,475,1,2,Powell
-3.6,False,167,13,475,1,2,Powell
-3.8,False,167,13,475,1,2,Powell
-4.0,False,167,13,475,1,2,Powell
-4.2,False,167,13,475,1,2,Powell
-4.4,False,167,13,475,1,2,Powell
-4.6,False,167,13,475,1,2,Powell
-4.8,False,167,13,475,1,2,Powell
-5.0,False,167,13,475,1,2,Powell
-5.2,False,167,13,475,1,2,Powell
-5.4,False,167,13,475,1,2,Powell
-5.6,False,167,13,475,1,2,Powell
-5.8,False,167,13,475,1,2,Powell
-6.0,False,167,13,475,1,2,Powell
-6.2,False,167,13,475,1,2,Powell
-6.4,False,167,13,475,1,2,Powell
-6.6,False,167,13,475,1,2,Powell
-6.8,False,167,13,475,1,2,Powell
-7.0,False,167,13,475,1,2,Powell
-7.2,False,167,13,475,1,2,Powell
-7.4,False,167,13,475,1,2,Powell
-7.6,False,167,13,475,1,2,Powell
-7.8,False,167,13,475,1,2,Powell
-8.0,False,167,13,475,1,2,Powell
2.0,True,4,13,476,1,2,Powell
1.8,True,4,13,476,1,2,Powell
1.6,True,4,13,476,1,2,Powell
1.4,True,8,13,476,1,2,Powell
1.2,True,8,13,476,1,2,Powell
1.0,True,8,13,476,1,2,Powell
0.8,True,8,13,476,1,2,Powell
0.6,True,8,13,476,1,2,Powell
0.4,True,18,13,476,1,2,Powell
0.2,True,18,13,476,1,2,Powell
0.0,True,21,13,476,1,2,Powell
-0.2,False,150,13,476,1,2,Powell
-0.4,False,150,13,476,1,2,Powell
-0.6,False,150,13,476,1,2,Powell
-0.8,False,150,13,476,1,2,Powell
-1.0,False,150,13,476,1,2,Powell
-1.2,False,150,13,476,1,2,Powell
-1.4,False,150,13,476,1,2,Powell
-1.6,False,150,13,476,1,2,Powell
-1.8,False,150,13,476,1,2,Powell
-2.0,False,150,13,476,1,2,Powell
-2.2,False,150,13,476,1,2,Powell
-2.4,False,150,13,476,1,2,Powell
-2.6,False,150,13,476,1,2,Powell
-2.8,False,150,13,476,1,2,Powell
-3.0,False,150,13,476,1,2,Powell
-3.2,False,150,13,476,1,2,Powell
-3.4,False,150,13,476,1,2,Powell
-3.6,False,150,13,476,1,2,Powell
-3.8,False,150,13,476,1,2,Powell
-4.0,False,150,13,476,1,2,Powell
-4.2,False,150,13,476,1,2,Powell
-4.4,False,150,13,476,1,2,Powell
-4.6,False,150,13,476,1,2,Powell
-4.8,False,150,13,476,1,2,Powell
-5.0,False,150,13,476,1,2,Powell
-5.2,False,150,13,476,1,2,Powell
-5.4,False,150,13,476,1,2,Powell
-5.6,False,150,13,476,1,2,Powell
-5.8,False,150,13,476,1,2,Powell
-6.0,False,150,13,476,1,2,Powell
-6.2,False,150,13,476,1,2,Powell
-6.4,False,150,13,476,1,2,Powell
-6.6,False,150,13,476,1,2,Powell
-6.8,False,150,13,476,1,2,Powell
-7.0,False,150,13,476,1,2,Powell
-7.2,False,150,13,476,1,2,Powell
-7.4,False,150,13,476,1,2,Powell
-7.6,False,150,13,476,1,2,Powell
-7.8,False,150,13,476,1,2,Powell
-8.0,False,150,13,476,1,2,Powell
2.0,True,5,13,477,1,2,Powell
1.8,True,5,13,477,1,2,Powell
1.6,True,7,13,477,1,2,Powell
1.4,True,7,13,477,1,2,Powell
1.2,True,7,13,477,1,2,Powell
1.0,True,8,13,477,1,2,Powell
0.8,True,8,13,477,1,2,Powell
0.6,True,8,13,477,1,2,Powell
0.4,False,105,13,477,1,2,Powell
0.2,False,105,13,477,1,2,Powell
0.0,False,105,13,477,1,2,Powell
-0.2,False,105,13,477,1,2,Powell
-0.4,False,105,13,477,1,2,Powell
-0.6,False,105,13,477,1,2,Powell
-0.8,False,105,13,477,1,2,Powell
-1.0,False,105,13,477,1,2,Powell
-1.2,False,105,13,477,1,2,Powell
-1.4,False,105,13,477,1,2,Powell
-1.6,False,105,13,477,1,2,Powell
-1.8,False,105,13,477,1,2,Powell
-2.0,False,105,13,477,1,2,Powell
-2.2,False,105,13,477,1,2,Powell
-2.4,False,105,13,477,1,2,Powell
-2.6,False,105,13,477,1,2,Powell
-2.8,False,105,13,477,1,2,Powell
-3.0,False,105,13,477,1,2,Powell
-3.2,False,105,13,477,1,2,Powell
-3.4,False,105,13,477,1,2,Powell
-3.6,False,105,13,477,1,2,Powell
-3.8,False,105,13,477,1,2,Powell
-4.0,False,105,13,477,1,2,Powell
-4.2,False,105,13,477,1,2,Powell
-4.4,False,105,13,477,1,2,Powell
-4.6,False,105,13,477,1,2,Powell
-4.8,False,105,13,477,1,2,Powell
-5.0,False,105,13,477,1,2,Powell
-5.2,False,105,13,477,1,2,Powell
-5.4,False,105,13,477,1,2,Powell
-5.6,False,105,13,477,1,2,Powell
-5.8,False,105,13,477,1,2,Powell
-6.0,False,105,13,477,1,2,Powell
-6.2,False,105,13,477,1,2,Powell
-6.4,False,105,13,477,1,2,Powell
-6.6,False,105,13,477,1,2,Powell
-6.8,False,105,13,477,1,2,Powell
-7.0,False,105,13,477,1,2,Powell
-7.2,False,105,13,477,1,2,Powell
-7.4,False,105,13,477,1,2,Powell
-7.6,False,105,13,477,1,2,Powell
-7.8,False,105,13,477,1,2,Powell
-8.0,False,105,13,477,1,2,Powell
2.0,True,1,13,478,1,2,Powell
1.8,True,6,13,478,1,2,Powell
1.6,True,8,13,478,1,2,Powell
1.4,False,125,13,478,1,2,Powell
1.2,False,125,13,478,1,2,Powell
1.0,False,125,13,478,1,2,Powell
0.8,False,125,13,478,1,2,Powell
0.6,False,125,13,478,1,2,Powell
0.4,False,125,13,478,1,2,Powell
0.2,False,125,13,478,1,2,Powell
0.0,False,125,13,478,1,2,Powell
-0.2,False,125,13,478,1,2,Powell
-0.4,False,125,13,478,1,2,Powell
-0.6,False,125,13,478,1,2,Powell
-0.8,False,125,13,478,1,2,Powell
-1.0,False,125,13,478,1,2,Powell
-1.2,False,125,13,478,1,2,Powell
-1.4,False,125,13,478,1,2,Powell
-1.6,False,125,13,478,1,2,Powell
-1.8,False,125,13,478,1,2,Powell
-2.0,False,125,13,478,1,2,Powell
-2.2,False,125,13,478,1,2,Powell
-2.4,False,125,13,478,1,2,Powell
-2.6,False,125,13,478,1,2,Powell
-2.8,False,125,13,478,1,2,Powell
-3.0,False,125,13,478,1,2,Powell
-3.2,False,125,13,478,1,2,Powell
-3.4,False,125,13,478,1,2,Powell
-3.6,False,125,13,478,1,2,Powell
-3.8,False,125,13,478,1,2,Powell
-4.0,False,125,13,478,1,2,Powell
-4.2,False,125,13,478,1,2,Powell
-4.4,False,125,13,478,1,2,Powell
-4.6,False,125,13,478,1,2,Powell
-4.8,False,125,13,478,1,2,Powell
-5.0,False,125,13,478,1,2,Powell
-5.2,False,125,13,478,1,2,Powell
-5.4,False,125,13,478,1,2,Powell
-5.6,False,125,13,478,1,2,Powell
-5.8,False,125,13,478,1,2,Powell
-6.0,False,125,13,478,1,2,Powell
-6.2,False,125,13,478,1,2,Powell
-6.4,False,125,13,478,1,2,Powell
-6.6,False,125,13,478,1,2,Powell
-6.8,False,125,13,478,1,2,Powell
-7.0,False,125,13,478,1,2,Powell
-7.2,False,125,13,478,1,2,Powell
-7.4,False,125,13,478,1,2,Powell
-7.6,False,125,13,478,1,2,Powell
-7.8,False,125,13,478,1,2,Powell
-8.0,False,125,13,478,1,2,Powell
2.0,True,4,13,479,1,2,Powell
1.8,True,4,13,479,1,2,Powell
1.6,True,4,13,479,1,2,Powell
1.4,True,4,13,479,1,2,Powell
1.2,True,12,13,479,1,2,Powell
1.0,False,87,13,479,1,2,Powell
0.8,False,87,13,479,1,2,Powell
0.6,False,87,13,479,1,2,Powell
0.4,False,87,13,479,1,2,Powell
0.2,False,87,13,479,1,2,Powell
0.0,False,87,13,479,1,2,Powell
-0.2,False,87,13,479,1,2,Powell
-0.4,False,87,13,479,1,2,Powell
-0.6,False,87,13,479,1,2,Powell
-0.8,False,87,13,479,1,2,Powell
-1.0,False,87,13,479,1,2,Powell
-1.2,False,87,13,479,1,2,Powell
-1.4,False,87,13,479,1,2,Powell
-1.6,False,87,13,479,1,2,Powell
-1.8,False,87,13,479,1,2,Powell
-2.0,False,87,13,479,1,2,Powell
-2.2,False,87,13,479,1,2,Powell
-2.4,False,87,13,479,1,2,Powell
-2.6,False,87,13,479,1,2,Powell
-2.8,False,87,13,479,1,2,Powell
-3.0,False,87,13,479,1,2,Powell
-3.2,False,87,13,479,1,2,Powell
-3.4,False,87,13,479,1,2,Powell
-3.6,False,87,13,479,1,2,Powell
-3.8,False,87,13,479,1,2,Powell
-4.0,False,87,13,479,1,2,Powell
-4.2,False,87,13,479,1,2,Powell
-4.4,False,87,13,479,1,2,Powell
-4.6,False,87,13,479,1,2,Powell
-4.8,False,87,13,479,1,2,Powell
-5.0,False,87,13,479,1,2,Powell
-5.2,False,87,13,479,1,2,Powell
-5.4,False,87,13,479,1,2,Powell
-5.6,False,87,13,479,1,2,Powell
-5.8,False,87,13,479,1,2,Powell
-6.0,False,87,13,479,1,2,Powell
-6.2,False,87,13,479,1,2,Powell
-6.4,False,87,13,479,1,2,Powell
-6.6,False,87,13,479,1,2,Powell
-6.8,False,87,13,479,1,2,Powell
-7.0,False,87,13,479,1,2,Powell
-7.2,False,87,13,479,1,2,Powell
-7.4,False,87,13,479,1,2,Powell
-7.6,False,87,13,479,1,2,Powell
-7.8,False,87,13,479,1,2,Powell
-8.0,False,87,13,479,1,2,Powell
2.0,False,174,13,480,1,2,Powell
1.8,False,174,13,480,1,2,Powell
1.6,False,174,13,480,1,2,Powell
1.4,False,174,13,480,1,2,Powell
1.2,False,174,13,480,1,2,Powell
1.0,False,174,13,480,1,2,Powell
0.8,False,174,13,480,1,2,Powell
0.6,False,174,13,480,1,2,Powell
0.4,False,174,13,480,1,2,Powell
0.2,False,174,13,480,1,2,Powell
0.0,False,174,13,480,1,2,Powell
-0.2,False,174,13,480,1,2,Powell
-0.4,False,174,13,480,1,2,Powell
-0.6,False,174,13,480,1,2,Powell
-0.8,False,174,13,480,1,2,Powell
-1.0,False,174,13,480,1,2,Powell
-1.2,False,174,13,480,1,2,Powell
-1.4,False,174,13,480,1,2,Powell
-1.6,False,174,13,480,1,2,Powell
-1.8,False,174,13,480,1,2,Powell
-2.0,False,174,13,480,1,2,Powell
-2.2,False,174,13,480,1,2,Powell
-2.4,False,174,13,480,1,2,Powell
-2.6,False,174,13,480,1,2,Powell
-2.8,False,174,13,480,1,2,Powell
-3.0,False,174,13,480,1,2,Powell
-3.2,False,174,13,480,1,2,Powell
-3.4,False,174,13,480,1,2,Powell
-3.6,False,174,13,480,1,2,Powell
-3.8,False,174,13,480,1,2,Powell
-4.0,False,174,13,480,1,2,Powell
-4.2,False,174,13,480,1,2,Powell
-4.4,False,174,13,480,1,2,Powell
-4.6,False,174,13,480,1,2,Powell
-4.8,False,174,13,480,1,2,Powell
-5.0,False,174,13,480,1,2,Powell
-5.2,False,174,13,480,1,2,Powell
-5.4,False,174,13,480,1,2,Powell
-5.6,False,174,13,480,1,2,Powell
-5.8,False,174,13,480,1,2,Powell
-6.0,False,174,13,480,1,2,Powell
-6.2,False,174,13,480,1,2,Powell
-6.4,False,174,13,480,1,2,Powell
-6.6,False,174,13,480,1,2,Powell
-6.8,False,174,13,480,1,2,Powell
-7.0,False,174,13,480,1,2,Powell
-7.2,False,174,13,480,1,2,Powell
-7.4,False,174,13,480,1,2,Powell
-7.6,False,174,13,480,1,2,Powell
-7.8,False,174,13,480,1,2,Powell
-8.0,False,174,13,480,1,2,Powell
2.0,True,11,13,481,1,2,Powell
1.8,True,11,13,481,1,2,Powell
1.6,True,11,13,481,1,2,Powell
1.4,True,15,13,481,1,2,Powell
1.2,True,16,13,481,1,2,Powell
1.0,True,18,13,481,1,2,Powell
0.8,False,93,13,481,1,2,Powell
0.6,False,93,13,481,1,2,Powell
0.4,False,93,13,481,1,2,Powell
0.2,False,93,13,481,1,2,Powell
0.0,False,93,13,481,1,2,Powell
-0.2,False,93,13,481,1,2,Powell
-0.4,False,93,13,481,1,2,Powell
-0.6,False,93,13,481,1,2,Powell
-0.8,False,93,13,481,1,2,Powell
-1.0,False,93,13,481,1,2,Powell
-1.2,False,93,13,481,1,2,Powell
-1.4,False,93,13,481,1,2,Powell
-1.6,False,93,13,481,1,2,Powell
-1.8,False,93,13,481,1,2,Powell
-2.0,False,93,13,481,1,2,Powell
-2.2,False,93,13,481,1,2,Powell
-2.4,False,93,13,481,1,2,Powell
-2.6,False,93,13,481,1,2,Powell
-2.8,False,93,13,481,1,2,Powell
-3.0,False,93,13,481,1,2,Powell
-3.2,False,93,13,481,1,2,Powell
-3.4,False,93,13,481,1,2,Powell
-3.6,False,93,13,481,1,2,Powell
-3.8,False,93,13,481,1,2,Powell
-4.0,False,93,13,481,1,2,Powell
-4.2,False,93,13,481,1,2,Powell
-4.4,False,93,13,481,1,2,Powell
-4.6,False,93,13,481,1,2,Powell
-4.8,False,93,13,481,1,2,Powell
-5.0,False,93,13,481,1,2,Powell
-5.2,False,93,13,481,1,2,Powell
-5.4,False,93,13,481,1,2,Powell
-5.6,False,93,13,481,1,2,Powell
-5.8,False,93,13,481,1,2,Powell
-6.0,False,93,13,481,1,2,Powell
-6.2,False,93,13,481,1,2,Powell
-6.4,False,93,13,481,1,2,Powell
-6.6,False,93,13,481,1,2,Powell
-6.8,False,93,13,481,1,2,Powell
-7.0,False,93,13,481,1,2,Powell
-7.2,False,93,13,481,1,2,Powell
-7.4,False,93,13,481,1,2,Powell
-7.6,False,93,13,481,1,2,Powell
-7.8,False,93,13,481,1,2,Powell
-8.0,False,93,13,481,1,2,Powell
2.0,False,87,13,482,1,2,Powell
1.8,False,87,13,482,1,2,Powell
1.6,False,87,13,482,1,2,Powell
1.4,False,87,13,482,1,2,Powell
1.2,False,87,13,482,1,2,Powell
1.0,False,87,13,482,1,2,Powell
0.8,False,87,13,482,1,2,Powell
0.6,False,87,13,482,1,2,Powell
0.4,False,87,13,482,1,2,Powell
0.2,False,87,13,482,1,2,Powell
0.0,False,87,13,482,1,2,Powell
-0.2,False,87,13,482,1,2,Powell
-0.4,False,87,13,482,1,2,Powell
-0.6,False,87,13,482,1,2,Powell
-0.8,False,87,13,482,1,2,Powell
-1.0,False,87,13,482,1,2,Powell
-1.2,False,87,13,482,1,2,Powell
-1.4,False,87,13,482,1,2,Powell
-1.6,False,87,13,482,1,2,Powell
-1.8,False,87,13,482,1,2,Powell
-2.0,False,87,13,482,1,2,Powell
-2.2,False,87,13,482,1,2,Powell
-2.4,False,87,13,482,1,2,Powell
-2.6,False,87,13,482,1,2,Powell
-2.8,False,87,13,482,1,2,Powell
-3.0,False,87,13,482,1,2,Powell
-3.2,False,87,13,482,1,2,Powell
-3.4,False,87,13,482,1,2,Powell
-3.6,False,87,13,482,1,2,Powell
-3.8,False,87,13,482,1,2,Powell
-4.0,False,87,13,482,1,2,Powell
-4.2,False,87,13,482,1,2,Powell
-4.4,False,87,13,482,1,2,Powell
-4.6,False,87,13,482,1,2,Powell
-4.8,False,87,13,482,1,2,Powell
-5.0,False,87,13,482,1,2,Powell
-5.2,False,87,13,482,1,2,Powell
-5.4,False,87,13,482,1,2,Powell
-5.6,False,87,13,482,1,2,Powell
-5.8,False,87,13,482,1,2,Powell
-6.0,False,87,13,482,1,2,Powell
-6.2,False,87,13,482,1,2,Powell
-6.4,False,87,13,482,1,2,Powell
-6.6,False,87,13,482,1,2,Powell
-6.8,False,87,13,482,1,2,Powell
-7.0,False,87,13,482,1,2,Powell
-7.2,False,87,13,482,1,2,Powell
-7.4,False,87,13,482,1,2,Powell
-7.6,False,87,13,482,1,2,Powell
-7.8,False,87,13,482,1,2,Powell
-8.0,False,87,13,482,1,2,Powell
2.0,True,10,13,483,1,2,Powell
1.8,True,11,13,483,1,2,Powell
1.6,True,12,13,483,1,2,Powell
1.4,True,14,13,483,1,2,Powell
1.2,True,14,13,483,1,2,Powell
1.0,True,17,13,483,1,2,Powell
0.8,True,25,13,483,1,2,Powell
0.6,False,85,13,483,1,2,Powell
0.4,False,85,13,483,1,2,Powell
0.2,False,85,13,483,1,2,Powell
0.0,False,85,13,483,1,2,Powell
-0.2,False,85,13,483,1,2,Powell
-0.4,False,85,13,483,1,2,Powell
-0.6,False,85,13,483,1,2,Powell
-0.8,False,85,13,483,1,2,Powell
-1.0,False,85,13,483,1,2,Powell
-1.2,False,85,13,483,1,2,Powell
-1.4,False,85,13,483,1,2,Powell
-1.6,False,85,13,483,1,2,Powell
-1.8,False,85,13,483,1,2,Powell
-2.0,False,85,13,483,1,2,Powell
-2.2,False,85,13,483,1,2,Powell
-2.4,False,85,13,483,1,2,Powell
-2.6,False,85,13,483,1,2,Powell
-2.8,False,85,13,483,1,2,Powell
-3.0,False,85,13,483,1,2,Powell
-3.2,False,85,13,483,1,2,Powell
-3.4,False,85,13,483,1,2,Powell
-3.6,False,85,13,483,1,2,Powell
-3.8,False,85,13,483,1,2,Powell
-4.0,False,85,13,483,1,2,Powell
-4.2,False,85,13,483,1,2,Powell
-4.4,False,85,13,483,1,2,Powell
-4.6,False,85,13,483,1,2,Powell
-4.8,False,85,13,483,1,2,Powell
-5.0,False,85,13,483,1,2,Powell
-5.2,False,85,13,483,1,2,Powell
-5.4,False,85,13,483,1,2,Powell
-5.6,False,85,13,483,1,2,Powell
-5.8,False,85,13,483,1,2,Powell
-6.0,False,85,13,483,1,2,Powell
-6.2,False,85,13,483,1,2,Powell
-6.4,False,85,13,483,1,2,Powell
-6.6,False,85,13,483,1,2,Powell
-6.8,False,85,13,483,1,2,Powell
-7.0,False,85,13,483,1,2,Powell
-7.2,False,85,13,483,1,2,Powell
-7.4,False,85,13,483,1,2,Powell
-7.6,False,85,13,483,1,2,Powell
-7.8,False,85,13,483,1,2,Powell
-8.0,False,85,13,483,1,2,Powell
2.0,False,93,13,484,1,2,Powell
1.8,False,93,13,484,1,2,Powell
1.6,False,93,13,484,1,2,Powell
1.4,False,93,13,484,1,2,Powell
1.2,False,93,13,484,1,2,Powell
1.0,False,93,13,484,1,2,Powell
0.8,False,93,13,484,1,2,Powell
0.6,False,93,13,484,1,2,Powell
0.4,False,93,13,484,1,2,Powell
0.2,False,93,13,484,1,2,Powell
0.0,False,93,13,484,1,2,Powell
-0.2,False,93,13,484,1,2,Powell
-0.4,False,93,13,484,1,2,Powell
-0.6,False,93,13,484,1,2,Powell
-0.8,False,93,13,484,1,2,Powell
-1.0,False,93,13,484,1,2,Powell
-1.2,False,93,13,484,1,2,Powell
-1.4,False,93,13,484,1,2,Powell
-1.6,False,93,13,484,1,2,Powell
-1.8,False,93,13,484,1,2,Powell
-2.0,False,93,13,484,1,2,Powell
-2.2,False,93,13,484,1,2,Powell
-2.4,False,93,13,484,1,2,Powell
-2.6,False,93,13,484,1,2,Powell
-2.8,False,93,13,484,1,2,Powell
-3.0,False,93,13,484,1,2,Powell
-3.2,False,93,13,484,1,2,Powell
-3.4,False,93,13,484,1,2,Powell
-3.6,False,93,13,484,1,2,Powell
-3.8,False,93,13,484,1,2,Powell
-4.0,False,93,13,484,1,2,Powell
-4.2,False,93,13,484,1,2,Powell
-4.4,False,93,13,484,1,2,Powell
-4.6,False,93,13,484,1,2,Powell
-4.8,False,93,13,484,1,2,Powell
-5.0,False,93,13,484,1,2,Powell
-5.2,False,93,13,484,1,2,Powell
-5.4,False,93,13,484,1,2,Powell
-5.6,False,93,13,484,1,2,Powell
-5.8,False,93,13,484,1,2,Powell
-6.0,False,93,13,484,1,2,Powell
-6.2,False,93,13,484,1,2,Powell
-6.4,False,93,13,484,1,2,Powell
-6.6,False,93,13,484,1,2,Powell
-6.8,False,93,13,484,1,2,Powell
-7.0,False,93,13,484,1,2,Powell
-7.2,False,93,13,484,1,2,Powell
-7.4,False,93,13,484,1,2,Powell
-7.6,False,93,13,484,1,2,Powell
-7.8,False,93,13,484,1,2,Powell
-8.0,False,93,13,484,1,2,Powell
2.0,True,16,13,485,1,2,Powell
1.8,True,55,13,485,1,2,Powell
1.6,True,55,13,485,1,2,Powell
1.4,True,55,13,485,1,2,Powell
1.2,True,55,13,485,1,2,Powell
1.0,True,55,13,485,1,2,Powell
0.8,True,55,13,485,1,2,Powell
0.6,True,55,13,485,1,2,Powell
0.4,True,55,13,485,1,2,Powell
0.2,True,55,13,485,1,2,Powell
0.0,True,55,13,485,1,2,Powell
-0.2,True,55,13,485,1,2,Powell
-0.4,True,55,13,485,1,2,Powell
-0.6,True,55,13,485,1,2,Powell
-0.8,True,55,13,485,1,2,Powell
-1.0,True,55,13,485,1,2,Powell
-1.2,True,55,13,485,1,2,Powell
-1.4,True,55,13,485,1,2,Powell
-1.6,True,55,13,485,1,2,Powell
-1.8,True,55,13,485,1,2,Powell
-2.0,True,55,13,485,1,2,Powell
-2.2,True,55,13,485,1,2,Powell
-2.4,True,55,13,485,1,2,Powell
-2.6,True,74,13,485,1,2,Powell
-2.8,True,75,13,485,1,2,Powell
-3.0,True,75,13,485,1,2,Powell
-3.2,True,75,13,485,1,2,Powell
-3.4,True,75,13,485,1,2,Powell
-3.6,True,75,13,485,1,2,Powell
-3.8,True,76,13,485,1,2,Powell
-4.0,True,77,13,485,1,2,Powell
-4.2,True,77,13,485,1,2,Powell
-4.4,True,78,13,485,1,2,Powell
-4.6,True,78,13,485,1,2,Powell
-4.8,True,78,13,485,1,2,Powell
-5.0,True,78,13,485,1,2,Powell
-5.2,True,78,13,485,1,2,Powell
-5.4,True,86,13,485,1,2,Powell
-5.6,True,86,13,485,1,2,Powell
-5.8,False,165,13,485,1,2,Powell
-6.0,False,165,13,485,1,2,Powell
-6.2,False,165,13,485,1,2,Powell
-6.4,False,165,13,485,1,2,Powell
-6.6,False,165,13,485,1,2,Powell
-6.8,False,165,13,485,1,2,Powell
-7.0,False,165,13,485,1,2,Powell
-7.2,False,165,13,485,1,2,Powell
-7.4,False,165,13,485,1,2,Powell
-7.6,False,165,13,485,1,2,Powell
-7.8,False,165,13,485,1,2,Powell
-8.0,False,165,13,485,1,2,Powell
2.0,True,9,13,486,1,2,Powell
1.8,True,10,13,486,1,2,Powell
1.6,True,12,13,486,1,2,Powell
1.4,False,128,13,486,1,2,Powell
1.2,False,128,13,486,1,2,Powell
1.0,False,128,13,486,1,2,Powell
0.8,False,128,13,486,1,2,Powell
0.6,False,128,13,486,1,2,Powell
0.4,False,128,13,486,1,2,Powell
0.2,False,128,13,486,1,2,Powell
0.0,False,128,13,486,1,2,Powell
-0.2,False,128,13,486,1,2,Powell
-0.4,False,128,13,486,1,2,Powell
-0.6,False,128,13,486,1,2,Powell
-0.8,False,128,13,486,1,2,Powell
-1.0,False,128,13,486,1,2,Powell
-1.2,False,128,13,486,1,2,Powell
-1.4,False,128,13,486,1,2,Powell
-1.6,False,128,13,486,1,2,Powell
-1.8,False,128,13,486,1,2,Powell
-2.0,False,128,13,486,1,2,Powell
-2.2,False,128,13,486,1,2,Powell
-2.4,False,128,13,486,1,2,Powell
-2.6,False,128,13,486,1,2,Powell
-2.8,False,128,13,486,1,2,Powell
-3.0,False,128,13,486,1,2,Powell
-3.2,False,128,13,486,1,2,Powell
-3.4,False,128,13,486,1,2,Powell
-3.6,False,128,13,486,1,2,Powell
-3.8,False,128,13,486,1,2,Powell
-4.0,False,128,13,486,1,2,Powell
-4.2,False,128,13,486,1,2,Powell
-4.4,False,128,13,486,1,2,Powell
-4.6,False,128,13,486,1,2,Powell
-4.8,False,128,13,486,1,2,Powell
-5.0,False,128,13,486,1,2,Powell
-5.2,False,128,13,486,1,2,Powell
-5.4,False,128,13,486,1,2,Powell
-5.6,False,128,13,486,1,2,Powell
-5.8,False,128,13,486,1,2,Powell
-6.0,False,128,13,486,1,2,Powell
-6.2,False,128,13,486,1,2,Powell
-6.4,False,128,13,486,1,2,Powell
-6.6,False,128,13,486,1,2,Powell
-6.8,False,128,13,486,1,2,Powell
-7.0,False,128,13,486,1,2,Powell
-7.2,False,128,13,486,1,2,Powell
-7.4,False,128,13,486,1,2,Powell
-7.6,False,128,13,486,1,2,Powell
-7.8,False,128,13,486,1,2,Powell
-8.0,False,128,13,486,1,2,Powell
2.0,True,12,13,487,1,2,Powell
1.8,True,12,13,487,1,2,Powell
1.6,True,12,13,487,1,2,Powell
1.4,True,12,13,487,1,2,Powell
1.2,True,12,13,487,1,2,Powell
1.0,True,14,13,487,1,2,Powell
0.8,True,14,13,487,1,2,Powell
0.6,True,14,13,487,1,2,Powell
0.4,True,14,13,487,1,2,Powell
0.2,True,14,13,487,1,2,Powell
0.0,True,14,13,487,1,2,Powell
-0.2,True,14,13,487,1,2,Powell
-0.4,True,24,13,487,1,2,Powell
-0.6,True,24,13,487,1,2,Powell
-0.8,True,24,13,487,1,2,Powell
-1.0,True,27,13,487,1,2,Powell
-1.2,True,29,13,487,1,2,Powell
-1.4,True,29,13,487,1,2,Powell
-1.6,True,32,13,487,1,2,Powell
-1.8,False,89,13,487,1,2,Powell
-2.0,False,89,13,487,1,2,Powell
-2.2,False,89,13,487,1,2,Powell
-2.4,False,89,13,487,1,2,Powell
-2.6,False,89,13,487,1,2,Powell
-2.8,False,89,13,487,1,2,Powell
-3.0,False,89,13,487,1,2,Powell
-3.2,False,89,13,487,1,2,Powell
-3.4,False,89,13,487,1,2,Powell
-3.6,False,89,13,487,1,2,Powell
-3.8,False,89,13,487,1,2,Powell
-4.0,False,89,13,487,1,2,Powell
-4.2,False,89,13,487,1,2,Powell
-4.4,False,89,13,487,1,2,Powell
-4.6,False,89,13,487,1,2,Powell
-4.8,False,89,13,487,1,2,Powell
-5.0,False,89,13,487,1,2,Powell
-5.2,False,89,13,487,1,2,Powell
-5.4,False,89,13,487,1,2,Powell
-5.6,False,89,13,487,1,2,Powell
-5.8,False,89,13,487,1,2,Powell
-6.0,False,89,13,487,1,2,Powell
-6.2,False,89,13,487,1,2,Powell
-6.4,False,89,13,487,1,2,Powell
-6.6,False,89,13,487,1,2,Powell
-6.8,False,89,13,487,1,2,Powell
-7.0,False,89,13,487,1,2,Powell
-7.2,False,89,13,487,1,2,Powell
-7.4,False,89,13,487,1,2,Powell
-7.6,False,89,13,487,1,2,Powell
-7.8,False,89,13,487,1,2,Powell
-8.0,False,89,13,487,1,2,Powell
2.0,True,4,13,488,1,2,Powell
1.8,True,4,13,488,1,2,Powell
1.6,True,4,13,488,1,2,Powell
1.4,True,4,13,488,1,2,Powell
1.2,True,4,13,488,1,2,Powell
1.0,True,9,13,488,1,2,Powell
0.8,True,9,13,488,1,2,Powell
0.6,True,9,13,488,1,2,Powell
0.4,True,11,13,488,1,2,Powell
0.2,True,11,13,488,1,2,Powell
0.0,True,11,13,488,1,2,Powell
-0.2,True,11,13,488,1,2,Powell
-0.4,True,24,13,488,1,2,Powell
-0.6,True,26,13,488,1,2,Powell
-0.8,False,104,13,488,1,2,Powell
-1.0,False,104,13,488,1,2,Powell
-1.2,False,104,13,488,1,2,Powell
-1.4,False,104,13,488,1,2,Powell
-1.6,False,104,13,488,1,2,Powell
-1.8,False,104,13,488,1,2,Powell
-2.0,False,104,13,488,1,2,Powell
-2.2,False,104,13,488,1,2,Powell
-2.4,False,104,13,488,1,2,Powell
-2.6,False,104,13,488,1,2,Powell
-2.8,False,104,13,488,1,2,Powell
-3.0,False,104,13,488,1,2,Powell
-3.2,False,104,13,488,1,2,Powell
-3.4,False,104,13,488,1,2,Powell
-3.6,False,104,13,488,1,2,Powell
-3.8,False,104,13,488,1,2,Powell
-4.0,False,104,13,488,1,2,Powell
-4.2,False,104,13,488,1,2,Powell
-4.4,False,104,13,488,1,2,Powell
-4.6,False,104,13,488,1,2,Powell
-4.8,False,104,13,488,1,2,Powell
-5.0,False,104,13,488,1,2,Powell
-5.2,False,104,13,488,1,2,Powell
-5.4,False,104,13,488,1,2,Powell
-5.6,False,104,13,488,1,2,Powell
-5.8,False,104,13,488,1,2,Powell
-6.0,False,104,13,488,1,2,Powell
-6.2,False,104,13,488,1,2,Powell
-6.4,False,104,13,488,1,2,Powell
-6.6,False,104,13,488,1,2,Powell
-6.8,False,104,13,488,1,2,Powell
-7.0,False,104,13,488,1,2,Powell
-7.2,False,104,13,488,1,2,Powell
-7.4,False,104,13,488,1,2,Powell
-7.6,False,104,13,488,1,2,Powell
-7.8,False,104,13,488,1,2,Powell
-8.0,False,104,13,488,1,2,Powell
2.0,True,3,13,489,1,2,Powell
1.8,True,3,13,489,1,2,Powell
1.6,True,7,13,489,1,2,Powell
1.4,True,7,13,489,1,2,Powell
1.2,False,82,13,489,1,2,Powell
1.0,False,82,13,489,1,2,Powell
0.8,False,82,13,489,1,2,Powell
0.6,False,82,13,489,1,2,Powell
0.4,False,82,13,489,1,2,Powell
0.2,False,82,13,489,1,2,Powell
0.0,False,82,13,489,1,2,Powell
-0.2,False,82,13,489,1,2,Powell
-0.4,False,82,13,489,1,2,Powell
-0.6,False,82,13,489,1,2,Powell
-0.8,False,82,13,489,1,2,Powell
-1.0,False,82,13,489,1,2,Powell
-1.2,False,82,13,489,1,2,Powell
-1.4,False,82,13,489,1,2,Powell
-1.6,False,82,13,489,1,2,Powell
-1.8,False,82,13,489,1,2,Powell
-2.0,False,82,13,489,1,2,Powell
-2.2,False,82,13,489,1,2,Powell
-2.4,False,82,13,489,1,2,Powell
-2.6,False,82,13,489,1,2,Powell
-2.8,False,82,13,489,1,2,Powell
-3.0,False,82,13,489,1,2,Powell
-3.2,False,82,13,489,1,2,Powell
-3.4,False,82,13,489,1,2,Powell
-3.6,False,82,13,489,1,2,Powell
-3.8,False,82,13,489,1,2,Powell
-4.0,False,82,13,489,1,2,Powell
-4.2,False,82,13,489,1,2,Powell
-4.4,False,82,13,489,1,2,Powell
-4.6,False,82,13,489,1,2,Powell
-4.8,False,82,13,489,1,2,Powell
-5.0,False,82,13,489,1,2,Powell
-5.2,False,82,13,489,1,2,Powell
-5.4,False,82,13,489,1,2,Powell
-5.6,False,82,13,489,1,2,Powell
-5.8,False,82,13,489,1,2,Powell
-6.0,False,82,13,489,1,2,Powell
-6.2,False,82,13,489,1,2,Powell
-6.4,False,82,13,489,1,2,Powell
-6.6,False,82,13,489,1,2,Powell
-6.8,False,82,13,489,1,2,Powell
-7.0,False,82,13,489,1,2,Powell
-7.2,False,82,13,489,1,2,Powell
-7.4,False,82,13,489,1,2,Powell
-7.6,False,82,13,489,1,2,Powell
-7.8,False,82,13,489,1,2,Powell
-8.0,False,82,13,489,1,2,Powell
2.0,True,8,13,490,1,2,Powell
1.8,True,9,13,490,1,2,Powell
1.6,True,9,13,490,1,2,Powell
1.4,True,11,13,490,1,2,Powell
1.2,True,32,13,490,1,2,Powell
1.0,False,171,13,490,1,2,Powell
0.8,False,171,13,490,1,2,Powell
0.6,False,171,13,490,1,2,Powell
0.4,False,171,13,490,1,2,Powell
0.2,False,171,13,490,1,2,Powell
0.0,False,171,13,490,1,2,Powell
-0.2,False,171,13,490,1,2,Powell
-0.4,False,171,13,490,1,2,Powell
-0.6,False,171,13,490,1,2,Powell
-0.8,False,171,13,490,1,2,Powell
-1.0,False,171,13,490,1,2,Powell
-1.2,False,171,13,490,1,2,Powell
-1.4,False,171,13,490,1,2,Powell
-1.6,False,171,13,490,1,2,Powell
-1.8,False,171,13,490,1,2,Powell
-2.0,False,171,13,490,1,2,Powell
-2.2,False,171,13,490,1,2,Powell
-2.4,False,171,13,490,1,2,Powell
-2.6,False,171,13,490,1,2,Powell
-2.8,False,171,13,490,1,2,Powell
-3.0,False,171,13,490,1,2,Powell
-3.2,False,171,13,490,1,2,Powell
-3.4,False,171,13,490,1,2,Powell
-3.6,False,171,13,490,1,2,Powell
-3.8,False,171,13,490,1,2,Powell
-4.0,False,171,13,490,1,2,Powell
-4.2,False,171,13,490,1,2,Powell
-4.4,False,171,13,490,1,2,Powell
-4.6,False,171,13,490,1,2,Powell
-4.8,False,171,13,490,1,2,Powell
-5.0,False,171,13,490,1,2,Powell
-5.2,False,171,13,490,1,2,Powell
-5.4,False,171,13,490,1,2,Powell
-5.6,False,171,13,490,1,2,Powell
-5.8,False,171,13,490,1,2,Powell
-6.0,False,171,13,490,1,2,Powell
-6.2,False,171,13,490,1,2,Powell
-6.4,False,171,13,490,1,2,Powell
-6.6,False,171,13,490,1,2,Powell
-6.8,False,171,13,490,1,2,Powell
-7.0,False,171,13,490,1,2,Powell
-7.2,False,171,13,490,1,2,Powell
-7.4,False,171,13,490,1,2,Powell
-7.6,False,171,13,490,1,2,Powell
-7.8,False,171,13,490,1,2,Powell
-8.0,False,171,13,490,1,2,Powell
2.0,False,91,13,491,1,2,Powell
1.8,False,91,13,491,1,2,Powell
1.6,False,91,13,491,1,2,Powell
1.4,False,91,13,491,1,2,Powell
1.2,False,91,13,491,1,2,Powell
1.0,False,91,13,491,1,2,Powell
0.8,False,91,13,491,1,2,Powell
0.6,False,91,13,491,1,2,Powell
0.4,False,91,13,491,1,2,Powell
0.2,False,91,13,491,1,2,Powell
0.0,False,91,13,491,1,2,Powell
-0.2,False,91,13,491,1,2,Powell
-0.4,False,91,13,491,1,2,Powell
-0.6,False,91,13,491,1,2,Powell
-0.8,False,91,13,491,1,2,Powell
-1.0,False,91,13,491,1,2,Powell
-1.2,False,91,13,491,1,2,Powell
-1.4,False,91,13,491,1,2,Powell
-1.6,False,91,13,491,1,2,Powell
-1.8,False,91,13,491,1,2,Powell
-2.0,False,91,13,491,1,2,Powell
-2.2,False,91,13,491,1,2,Powell
-2.4,False,91,13,491,1,2,Powell
-2.6,False,91,13,491,1,2,Powell
-2.8,False,91,13,491,1,2,Powell
-3.0,False,91,13,491,1,2,Powell
-3.2,False,91,13,491,1,2,Powell
-3.4,False,91,13,491,1,2,Powell
-3.6,False,91,13,491,1,2,Powell
-3.8,False,91,13,491,1,2,Powell
-4.0,False,91,13,491,1,2,Powell
-4.2,False,91,13,491,1,2,Powell
-4.4,False,91,13,491,1,2,Powell
-4.6,False,91,13,491,1,2,Powell
-4.8,False,91,13,491,1,2,Powell
-5.0,False,91,13,491,1,2,Powell
-5.2,False,91,13,491,1,2,Powell
-5.4,False,91,13,491,1,2,Powell
-5.6,False,91,13,491,1,2,Powell
-5.8,False,91,13,491,1,2,Powell
-6.0,False,91,13,491,1,2,Powell
-6.2,False,91,13,491,1,2,Powell
-6.4,False,91,13,491,1,2,Powell
-6.6,False,91,13,491,1,2,Powell
-6.8,False,91,13,491,1,2,Powell
-7.0,False,91,13,491,1,2,Powell
-7.2,False,91,13,491,1,2,Powell
-7.4,False,91,13,491,1,2,Powell
-7.6,False,91,13,491,1,2,Powell
-7.8,False,91,13,491,1,2,Powell
-8.0,False,91,13,491,1,2,Powell
2.0,True,10,13,492,1,2,Powell
1.8,True,10,13,492,1,2,Powell
1.6,True,10,13,492,1,2,Powell
1.4,True,10,13,492,1,2,Powell
1.2,True,12,13,492,1,2,Powell
1.0,True,12,13,492,1,2,Powell
0.8,True,14,13,492,1,2,Powell
0.6,True,14,13,492,1,2,Powell
0.4,True,24,13,492,1,2,Powell
0.2,True,26,13,492,1,2,Powell
0.0,True,26,13,492,1,2,Powell
-0.2,True,29,13,492,1,2,Powell
-0.4,False,104,13,492,1,2,Powell
-0.6,False,104,13,492,1,2,Powell
-0.8,False,104,13,492,1,2,Powell
-1.0,False,104,13,492,1,2,Powell
-1.2,False,104,13,492,1,2,Powell
-1.4,False,104,13,492,1,2,Powell
-1.6,False,104,13,492,1,2,Powell
-1.8,False,104,13,492,1,2,Powell
-2.0,False,104,13,492,1,2,Powell
-2.2,False,104,13,492,1,2,Powell
-2.4,False,104,13,492,1,2,Powell
-2.6,False,104,13,492,1,2,Powell
-2.8,False,104,13,492,1,2,Powell
-3.0,False,104,13,492,1,2,Powell
-3.2,False,104,13,492,1,2,Powell
-3.4,False,104,13,492,1,2,Powell
-3.6,False,104,13,492,1,2,Powell
-3.8,False,104,13,492,1,2,Powell
-4.0,False,104,13,492,1,2,Powell
-4.2,False,104,13,492,1,2,Powell
-4.4,False,104,13,492,1,2,Powell
-4.6,False,104,13,492,1,2,Powell
-4.8,False,104,13,492,1,2,Powell
-5.0,False,104,13,492,1,2,Powell
-5.2,False,104,13,492,1,2,Powell
-5.4,False,104,13,492,1,2,Powell
-5.6,False,104,13,492,1,2,Powell
-5.8,False,104,13,492,1,2,Powell
-6.0,False,104,13,492,1,2,Powell
-6.2,False,104,13,492,1,2,Powell
-6.4,False,104,13,492,1,2,Powell
-6.6,False,104,13,492,1,2,Powell
-6.8,False,104,13,492,1,2,Powell
-7.0,False,104,13,492,1,2,Powell
-7.2,False,104,13,492,1,2,Powell
-7.4,False,104,13,492,1,2,Powell
-7.6,False,104,13,492,1,2,Powell
-7.8,False,104,13,492,1,2,Powell
-8.0,False,104,13,492,1,2,Powell
2.0,True,8,13,493,1,2,Powell
1.8,True,10,13,493,1,2,Powell
1.6,True,10,13,493,1,2,Powell
1.4,True,18,13,493,1,2,Powell
1.2,False,151,13,493,1,2,Powell
1.0,False,151,13,493,1,2,Powell
0.8,False,151,13,493,1,2,Powell
0.6,False,151,13,493,1,2,Powell
0.4,False,151,13,493,1,2,Powell
0.2,False,151,13,493,1,2,Powell
0.0,False,151,13,493,1,2,Powell
-0.2,False,151,13,493,1,2,Powell
-0.4,False,151,13,493,1,2,Powell
-0.6,False,151,13,493,1,2,Powell
-0.8,False,151,13,493,1,2,Powell
-1.0,False,151,13,493,1,2,Powell
-1.2,False,151,13,493,1,2,Powell
-1.4,False,151,13,493,1,2,Powell
-1.6,False,151,13,493,1,2,Powell
-1.8,False,151,13,493,1,2,Powell
-2.0,False,151,13,493,1,2,Powell
-2.2,False,151,13,493,1,2,Powell
-2.4,False,151,13,493,1,2,Powell
-2.6,False,151,13,493,1,2,Powell
-2.8,False,151,13,493,1,2,Powell
-3.0,False,151,13,493,1,2,Powell
-3.2,False,151,13,493,1,2,Powell
-3.4,False,151,13,493,1,2,Powell
-3.6,False,151,13,493,1,2,Powell
-3.8,False,151,13,493,1,2,Powell
-4.0,False,151,13,493,1,2,Powell
-4.2,False,151,13,493,1,2,Powell
-4.4,False,151,13,493,1,2,Powell
-4.6,False,151,13,493,1,2,Powell
-4.8,False,151,13,493,1,2,Powell
-5.0,False,151,13,493,1,2,Powell
-5.2,False,151,13,493,1,2,Powell
-5.4,False,151,13,493,1,2,Powell
-5.6,False,151,13,493,1,2,Powell
-5.8,False,151,13,493,1,2,Powell
-6.0,False,151,13,493,1,2,Powell
-6.2,False,151,13,493,1,2,Powell
-6.4,False,151,13,493,1,2,Powell
-6.6,False,151,13,493,1,2,Powell
-6.8,False,151,13,493,1,2,Powell
-7.0,False,151,13,493,1,2,Powell
-7.2,False,151,13,493,1,2,Powell
-7.4,False,151,13,493,1,2,Powell
-7.6,False,151,13,493,1,2,Powell
-7.8,False,151,13,493,1,2,Powell
-8.0,False,151,13,493,1,2,Powell
2.0,True,24,13,494,1,2,Powell
1.8,True,24,13,494,1,2,Powell
1.6,True,24,13,494,1,2,Powell
1.4,True,24,13,494,1,2,Powell
1.2,True,30,13,494,1,2,Powell
1.0,True,32,13,494,1,2,Powell
0.8,False,113,13,494,1,2,Powell
0.6,False,113,13,494,1,2,Powell
0.4,False,113,13,494,1,2,Powell
0.2,False,113,13,494,1,2,Powell
0.0,False,113,13,494,1,2,Powell
-0.2,False,113,13,494,1,2,Powell
-0.4,False,113,13,494,1,2,Powell
-0.6,False,113,13,494,1,2,Powell
-0.8,False,113,13,494,1,2,Powell
-1.0,False,113,13,494,1,2,Powell
-1.2,False,113,13,494,1,2,Powell
-1.4,False,113,13,494,1,2,Powell
-1.6,False,113,13,494,1,2,Powell
-1.8,False,113,13,494,1,2,Powell
-2.0,False,113,13,494,1,2,Powell
-2.2,False,113,13,494,1,2,Powell
-2.4,False,113,13,494,1,2,Powell
-2.6,False,113,13,494,1,2,Powell
-2.8,False,113,13,494,1,2,Powell
-3.0,False,113,13,494,1,2,Powell
-3.2,False,113,13,494,1,2,Powell
-3.4,False,113,13,494,1,2,Powell
-3.6,False,113,13,494,1,2,Powell
-3.8,False,113,13,494,1,2,Powell
-4.0,False,113,13,494,1,2,Powell
-4.2,False,113,13,494,1,2,Powell
-4.4,False,113,13,494,1,2,Powell
-4.6,False,113,13,494,1,2,Powell
-4.8,False,113,13,494,1,2,Powell
-5.0,False,113,13,494,1,2,Powell
-5.2,False,113,13,494,1,2,Powell
-5.4,False,113,13,494,1,2,Powell
-5.6,False,113,13,494,1,2,Powell
-5.8,False,113,13,494,1,2,Powell
-6.0,False,113,13,494,1,2,Powell
-6.2,False,113,13,494,1,2,Powell
-6.4,False,113,13,494,1,2,Powell
-6.6,False,113,13,494,1,2,Powell
-6.8,False,113,13,494,1,2,Powell
-7.0,False,113,13,494,1,2,Powell
-7.2,False,113,13,494,1,2,Powell
-7.4,False,113,13,494,1,2,Powell
-7.6,False,113,13,494,1,2,Powell
-7.8,False,113,13,494,1,2,Powell
-8.0,False,113,13,494,1,2,Powell
2.0,True,11,13,495,1,2,Powell
1.8,True,11,13,495,1,2,Powell
1.6,True,13,13,495,1,2,Powell
1.4,False,128,13,495,1,2,Powell
1.2,False,128,13,495,1,2,Powell
1.0,False,128,13,495,1,2,Powell
0.8,False,128,13,495,1,2,Powell
0.6,False,128,13,495,1,2,Powell
0.4,False,128,13,495,1,2,Powell
0.2,False,128,13,495,1,2,Powell
0.0,False,128,13,495,1,2,Powell
-0.2,False,128,13,495,1,2,Powell
-0.4,False,128,13,495,1,2,Powell
-0.6,False,128,13,495,1,2,Powell
-0.8,False,128,13,495,1,2,Powell
-1.0,False,128,13,495,1,2,Powell
-1.2,False,128,13,495,1,2,Powell
-1.4,False,128,13,495,1,2,Powell
-1.6,False,128,13,495,1,2,Powell
-1.8,False,128,13,495,1,2,Powell
-2.0,False,128,13,495,1,2,Powell
-2.2,False,128,13,495,1,2,Powell
-2.4,False,128,13,495,1,2,Powell
-2.6,False,128,13,495,1,2,Powell
-2.8,False,128,13,495,1,2,Powell
-3.0,False,128,13,495,1,2,Powell
-3.2,False,128,13,495,1,2,Powell
-3.4,False,128,13,495,1,2,Powell
-3.6,False,128,13,495,1,2,Powell
-3.8,False,128,13,495,1,2,Powell
-4.0,False,128,13,495,1,2,Powell
-4.2,False,128,13,495,1,2,Powell
-4.4,False,128,13,495,1,2,Powell
-4.6,False,128,13,495,1,2,Powell
-4.8,False,128,13,495,1,2,Powell
-5.0,False,128,13,495,1,2,Powell
-5.2,False,128,13,495,1,2,Powell
-5.4,False,128,13,495,1,2,Powell
-5.6,False,128,13,495,1,2,Powell
-5.8,False,128,13,495,1,2,Powell
-6.0,False,128,13,495,1,2,Powell
-6.2,False,128,13,495,1,2,Powell
-6.4,False,128,13,495,1,2,Powell
-6.6,False,128,13,495,1,2,Powell
-6.8,False,128,13,495,1,2,Powell
-7.0,False,128,13,495,1,2,Powell
-7.2,False,128,13,495,1,2,Powell
-7.4,False,128,13,495,1,2,Powell
-7.6,False,128,13,495,1,2,Powell
-7.8,False,128,13,495,1,2,Powell
-8.0,False,128,13,495,1,2,Powell
2.0,True,5,13,496,1,2,Powell
1.8,True,6,13,496,1,2,Powell
1.6,True,8,13,496,1,2,Powell
1.4,True,8,13,496,1,2,Powell
1.2,True,8,13,496,1,2,Powell
1.0,True,8,13,496,1,2,Powell
0.8,True,8,13,496,1,2,Powell
0.6,True,18,13,496,1,2,Powell
0.4,True,18,13,496,1,2,Powell
0.2,True,20,13,496,1,2,Powell
0.0,True,23,13,496,1,2,Powell
-0.2,False,103,13,496,1,2,Powell
-0.4,False,103,13,496,1,2,Powell
-0.6,False,103,13,496,1,2,Powell
-0.8,False,103,13,496,1,2,Powell
-1.0,False,103,13,496,1,2,Powell
-1.2,False,103,13,496,1,2,Powell
-1.4,False,103,13,496,1,2,Powell
-1.6,False,103,13,496,1,2,Powell
-1.8,False,103,13,496,1,2,Powell
-2.0,False,103,13,496,1,2,Powell
-2.2,False,103,13,496,1,2,Powell
-2.4,False,103,13,496,1,2,Powell
-2.6,False,103,13,496,1,2,Powell
-2.8,False,103,13,496,1,2,Powell
-3.0,False,103,13,496,1,2,Powell
-3.2,False,103,13,496,1,2,Powell
-3.4,False,103,13,496,1,2,Powell
-3.6,False,103,13,496,1,2,Powell
-3.8,False,103,13,496,1,2,Powell
-4.0,False,103,13,496,1,2,Powell
-4.2,False,103,13,496,1,2,Powell
-4.4,False,103,13,496,1,2,Powell
-4.6,False,103,13,496,1,2,Powell
-4.8,False,103,13,496,1,2,Powell
-5.0,False,103,13,496,1,2,Powell
-5.2,False,103,13,496,1,2,Powell
-5.4,False,103,13,496,1,2,Powell
-5.6,False,103,13,496,1,2,Powell
-5.8,False,103,13,496,1,2,Powell
-6.0,False,103,13,496,1,2,Powell
-6.2,False,103,13,496,1,2,Powell
-6.4,False,103,13,496,1,2,Powell
-6.6,False,103,13,496,1,2,Powell
-6.8,False,103,13,496,1,2,Powell
-7.0,False,103,13,496,1,2,Powell
-7.2,False,103,13,496,1,2,Powell
-7.4,False,103,13,496,1,2,Powell
-7.6,False,103,13,496,1,2,Powell
-7.8,False,103,13,496,1,2,Powell
-8.0,False,103,13,496,1,2,Powell
2.0,True,3,13,497,1,2,Powell
1.8,True,5,13,497,1,2,Powell
1.6,True,5,13,497,1,2,Powell
1.4,True,5,13,497,1,2,Powell
1.2,True,5,13,497,1,2,Powell
1.0,True,5,13,497,1,2,Powell
0.8,True,10,13,497,1,2,Powell
0.6,False,110,13,497,1,2,Powell
0.4,False,110,13,497,1,2,Powell
0.2,False,110,13,497,1,2,Powell
0.0,False,110,13,497,1,2,Powell
-0.2,False,110,13,497,1,2,Powell
-0.4,False,110,13,497,1,2,Powell
-0.6,False,110,13,497,1,2,Powell
-0.8,False,110,13,497,1,2,Powell
-1.0,False,110,13,497,1,2,Powell
-1.2,False,110,13,497,1,2,Powell
-1.4,False,110,13,497,1,2,Powell
-1.6,False,110,13,497,1,2,Powell
-1.8,False,110,13,497,1,2,Powell
-2.0,False,110,13,497,1,2,Powell
-2.2,False,110,13,497,1,2,Powell
-2.4,False,110,13,497,1,2,Powell
-2.6,False,110,13,497,1,2,Powell
-2.8,False,110,13,497,1,2,Powell
-3.0,False,110,13,497,1,2,Powell
-3.2,False,110,13,497,1,2,Powell
-3.4,False,110,13,497,1,2,Powell
-3.6,False,110,13,497,1,2,Powell
-3.8,False,110,13,497,1,2,Powell
-4.0,False,110,13,497,1,2,Powell
-4.2,False,110,13,497,1,2,Powell
-4.4,False,110,13,497,1,2,Powell
-4.6,False,110,13,497,1,2,Powell
-4.8,False,110,13,497,1,2,Powell
-5.0,False,110,13,497,1,2,Powell
-5.2,False,110,13,497,1,2,Powell
-5.4,False,110,13,497,1,2,Powell
-5.6,False,110,13,497,1,2,Powell
-5.8,False,110,13,497,1,2,Powell
-6.0,False,110,13,497,1,2,Powell
-6.2,False,110,13,497,1,2,Powell
-6.4,False,110,13,497,1,2,Powell
-6.6,False,110,13,497,1,2,Powell
-6.8,False,110,13,497,1,2,Powell
-7.0,False,110,13,497,1,2,Powell
-7.2,False,110,13,497,1,2,Powell
-7.4,False,110,13,497,1,2,Powell
-7.6,False,110,13,497,1,2,Powell
-7.8,False,110,13,497,1,2,Powell
-8.0,False,110,13,497,1,2,Powell
2.0,True,11,13,498,1,2,Powell
1.8,True,13,13,498,1,2,Powell
1.6,True,13,13,498,1,2,Powell
1.4,True,13,13,498,1,2,Powell
1.2,True,24,13,498,1,2,Powell
1.0,False,80,13,498,1,2,Powell
0.8,False,80,13,498,1,2,Powell
0.6,False,80,13,498,1,2,Powell
0.4,False,80,13,498,1,2,Powell
0.2,False,80,13,498,1,2,Powell
0.0,False,80,13,498,1,2,Powell
-0.2,False,80,13,498,1,2,Powell
-0.4,False,80,13,498,1,2,Powell
-0.6,False,80,13,498,1,2,Powell
-0.8,False,80,13,498,1,2,Powell
-1.0,False,80,13,498,1,2,Powell
-1.2,False,80,13,498,1,2,Powell
-1.4,False,80,13,498,1,2,Powell
-1.6,False,80,13,498,1,2,Powell
-1.8,False,80,13,498,1,2,Powell
-2.0,False,80,13,498,1,2,Powell
-2.2,False,80,13,498,1,2,Powell
-2.4,False,80,13,498,1,2,Powell
-2.6,False,80,13,498,1,2,Powell
-2.8,False,80,13,498,1,2,Powell
-3.0,False,80,13,498,1,2,Powell
-3.2,False,80,13,498,1,2,Powell
-3.4,False,80,13,498,1,2,Powell
-3.6,False,80,13,498,1,2,Powell
-3.8,False,80,13,498,1,2,Powell
-4.0,False,80,13,498,1,2,Powell
-4.2,False,80,13,498,1,2,Powell
-4.4,False,80,13,498,1,2,Powell
-4.6,False,80,13,498,1,2,Powell
-4.8,False,80,13,498,1,2,Powell
-5.0,False,80,13,498,1,2,Powell
-5.2,False,80,13,498,1,2,Powell
-5.4,False,80,13,498,1,2,Powell
-5.6,False,80,13,498,1,2,Powell
-5.8,False,80,13,498,1,2,Powell
-6.0,False,80,13,498,1,2,Powell
-6.2,False,80,13,498,1,2,Powell
-6.4,False,80,13,498,1,2,Powell
-6.6,False,80,13,498,1,2,Powell
-6.8,False,80,13,498,1,2,Powell
-7.0,False,80,13,498,1,2,Powell
-7.2,False,80,13,498,1,2,Powell
-7.4,False,80,13,498,1,2,Powell
-7.6,False,80,13,498,1,2,Powell
-7.8,False,80,13,498,1,2,Powell
-8.0,False,80,13,498,1,2,Powell
2.0,True,10,13,499,1,2,Powell
1.8,True,10,13,499,1,2,Powell
1.6,True,11,13,499,1,2,Powell
1.4,True,11,13,499,1,2,Powell
1.2,True,14,13,499,1,2,Powell
1.0,True,14,13,499,1,2,Powell
0.8,True,14,13,499,1,2,Powell
0.6,True,14,13,499,1,2,Powell
0.4,True,32,13,499,1,2,Powell
0.2,True,32,13,499,1,2,Powell
0.0,True,35,13,499,1,2,Powell
-0.2,True,37,13,499,1,2,Powell
-0.4,True,39,13,499,1,2,Powell
-0.6,False,139,13,499,1,2,Powell
-0.8,False,139,13,499,1,2,Powell
-1.0,False,139,13,499,1,2,Powell
-1.2,False,139,13,499,1,2,Powell
-1.4,False,139,13,499,1,2,Powell
-1.6,False,139,13,499,1,2,Powell
-1.8,False,139,13,499,1,2,Powell
-2.0,False,139,13,499,1,2,Powell
-2.2,False,139,13,499,1,2,Powell
-2.4,False,139,13,499,1,2,Powell
-2.6,False,139,13,499,1,2,Powell
-2.8,False,139,13,499,1,2,Powell
-3.0,False,139,13,499,1,2,Powell
-3.2,False,139,13,499,1,2,Powell
-3.4,False,139,13,499,1,2,Powell
-3.6,False,139,13,499,1,2,Powell
-3.8,False,139,13,499,1,2,Powell
-4.0,False,139,13,499,1,2,Powell
-4.2,False,139,13,499,1,2,Powell
-4.4,False,139,13,499,1,2,Powell
-4.6,False,139,13,499,1,2,Powell
-4.8,False,139,13,499,1,2,Powell
-5.0,False,139,13,499,1,2,Powell
-5.2,False,139,13,499,1,2,Powell
-5.4,False,139,13,499,1,2,Powell
-5.6,False,139,13,499,1,2,Powell
-5.8,False,139,13,499,1,2,Powell
-6.0,False,139,13,499,1,2,Powell
-6.2,False,139,13,499,1,2,Powell
-6.4,False,139,13,499,1,2,Powell
-6.6,False,139,13,499,1,2,Powell
-6.8,False,139,13,499,1,2,Powell
-7.0,False,139,13,499,1,2,Powell
-7.2,False,139,13,499,1,2,Powell
-7.4,False,139,13,499,1,2,Powell
-7.6,False,139,13,499,1,2,Powell
-7.8,False,139,13,499,1,2,Powell
-8.0,False,139,13,499,1,2,Powell
2.0,False,101,13,500,1,2,Powell
1.8,False,101,13,500,1,2,Powell
1.6,False,101,13,500,1,2,Powell
1.4,False,101,13,500,1,2,Powell
1.2,False,101,13,500,1,2,Powell
1.0,False,101,13,500,1,2,Powell
0.8,False,101,13,500,1,2,Powell
0.6,False,101,13,500,1,2,Powell
0.4,False,101,13,500,1,2,Powell
0.2,False,101,13,500,1,2,Powell
0.0,False,101,13,500,1,2,Powell
-0.2,False,101,13,500,1,2,Powell
-0.4,False,101,13,500,1,2,Powell
-0.6,False,101,13,500,1,2,Powell
-0.8,False,101,13,500,1,2,Powell
-1.0,False,101,13,500,1,2,Powell
-1.2,False,101,13,500,1,2,Powell
-1.4,False,101,13,500,1,2,Powell
-1.6,False,101,13,500,1,2,Powell
-1.8,False,101,13,500,1,2,Powell
-2.0,False,101,13,500,1,2,Powell
-2.2,False,101,13,500,1,2,Powell
-2.4,False,101,13,500,1,2,Powell
-2.6,False,101,13,500,1,2,Powell
-2.8,False,101,13,500,1,2,Powell
-3.0,False,101,13,500,1,2,Powell
-3.2,False,101,13,500,1,2,Powell
-3.4,False,101,13,500,1,2,Powell
-3.6,False,101,13,500,1,2,Powell
-3.8,False,101,13,500,1,2,Powell
-4.0,False,101,13,500,1,2,Powell
-4.2,False,101,13,500,1,2,Powell
-4.4,False,101,13,500,1,2,Powell
-4.6,False,101,13,500,1,2,Powell
-4.8,False,101,13,500,1,2,Powell
-5.0,False,101,13,500,1,2,Powell
-5.2,False,101,13,500,1,2,Powell
-5.4,False,101,13,500,1,2,Powell
-5.6,False,101,13,500,1,2,Powell
-5.8,False,101,13,500,1,2,Powell
-6.0,False,101,13,500,1,2,Powell
-6.2,False,101,13,500,1,2,Powell
-6.4,False,101,13,500,1,2,Powell
-6.6,False,101,13,500,1,2,Powell
-6.8,False,101,13,500,1,2,Powell
-7.0,False,101,13,500,1,2,Powell
-7.2,False,101,13,500,1,2,Powell
-7.4,False,101,13,500,1,2,Powell
-7.6,False,101,13,500,1,2,Powell
-7.8,False,101,13,500,1,2,Powell
-8.0,False,101,13,500,1,2,Powell
2.0,True,7,13,501,1,2,Powell
1.8,True,7,13,501,1,2,Powell
1.6,True,7,13,501,1,2,Powell
1.4,True,7,13,501,1,2,Powell
1.2,True,8,13,501,1,2,Powell
1.0,True,8,13,501,1,2,Powell
0.8,True,11,13,501,1,2,Powell
0.6,False,85,13,501,1,2,Powell
0.4,False,85,13,501,1,2,Powell
0.2,False,85,13,501,1,2,Powell
0.0,False,85,13,501,1,2,Powell
-0.2,False,85,13,501,1,2,Powell
-0.4,False,85,13,501,1,2,Powell
-0.6,False,85,13,501,1,2,Powell
-0.8,False,85,13,501,1,2,Powell
-1.0,False,85,13,501,1,2,Powell
-1.2,False,85,13,501,1,2,Powell
-1.4,False,85,13,501,1,2,Powell
-1.6,False,85,13,501,1,2,Powell
-1.8,False,85,13,501,1,2,Powell
-2.0,False,85,13,501,1,2,Powell
-2.2,False,85,13,501,1,2,Powell
-2.4,False,85,13,501,1,2,Powell
-2.6,False,85,13,501,1,2,Powell
-2.8,False,85,13,501,1,2,Powell
-3.0,False,85,13,501,1,2,Powell
-3.2,False,85,13,501,1,2,Powell
-3.4,False,85,13,501,1,2,Powell
-3.6,False,85,13,501,1,2,Powell
-3.8,False,85,13,501,1,2,Powell
-4.0,False,85,13,501,1,2,Powell
-4.2,False,85,13,501,1,2,Powell
-4.4,False,85,13,501,1,2,Powell
-4.6,False,85,13,501,1,2,Powell
-4.8,False,85,13,501,1,2,Powell
-5.0,False,85,13,501,1,2,Powell
-5.2,False,85,13,501,1,2,Powell
-5.4,False,85,13,501,1,2,Powell
-5.6,False,85,13,501,1,2,Powell
-5.8,False,85,13,501,1,2,Powell
-6.0,False,85,13,501,1,2,Powell
-6.2,False,85,13,501,1,2,Powell
-6.4,False,85,13,501,1,2,Powell
-6.6,False,85,13,501,1,2,Powell
-6.8,False,85,13,501,1,2,Powell
-7.0,False,85,13,501,1,2,Powell
-7.2,False,85,13,501,1,2,Powell
-7.4,False,85,13,501,1,2,Powell
-7.6,False,85,13,501,1,2,Powell
-7.8,False,85,13,501,1,2,Powell
-8.0,False,85,13,501,1,2,Powell
2.0,True,11,13,502,1,2,Powell
1.8,True,12,13,502,1,2,Powell
1.6,True,12,13,502,1,2,Powell
1.4,True,12,13,502,1,2,Powell
1.2,True,14,13,502,1,2,Powell
1.0,True,14,13,502,1,2,Powell
0.8,True,14,13,502,1,2,Powell
0.6,True,14,13,502,1,2,Powell
0.4,True,14,13,502,1,2,Powell
0.2,True,14,13,502,1,2,Powell
0.0,True,25,13,502,1,2,Powell
-0.2,True,26,13,502,1,2,Powell
-0.4,True,27,13,502,1,2,Powell
-0.6,True,27,13,502,1,2,Powell
-0.8,True,27,13,502,1,2,Powell
-1.0,True,27,13,502,1,2,Powell
-1.2,True,29,13,502,1,2,Powell
-1.4,True,29,13,502,1,2,Powell
-1.6,True,29,13,502,1,2,Powell
-1.8,True,50,13,502,1,2,Powell
-2.0,False,141,13,502,1,2,Powell
-2.2,False,141,13,502,1,2,Powell
-2.4,False,141,13,502,1,2,Powell
-2.6,False,141,13,502,1,2,Powell
-2.8,False,141,13,502,1,2,Powell
-3.0,False,141,13,502,1,2,Powell
-3.2,False,141,13,502,1,2,Powell
-3.4,False,141,13,502,1,2,Powell
-3.6,False,141,13,502,1,2,Powell
-3.8,False,141,13,502,1,2,Powell
-4.0,False,141,13,502,1,2,Powell
-4.2,False,141,13,502,1,2,Powell
-4.4,False,141,13,502,1,2,Powell
-4.6,False,141,13,502,1,2,Powell
-4.8,False,141,13,502,1,2,Powell
-5.0,False,141,13,502,1,2,Powell
-5.2,False,141,13,502,1,2,Powell
-5.4,False,141,13,502,1,2,Powell
-5.6,False,141,13,502,1,2,Powell
-5.8,False,141,13,502,1,2,Powell
-6.0,False,141,13,502,1,2,Powell
-6.2,False,141,13,502,1,2,Powell
-6.4,False,141,13,502,1,2,Powell
-6.6,False,141,13,502,1,2,Powell
-6.8,False,141,13,502,1,2,Powell
-7.0,False,141,13,502,1,2,Powell
-7.2,False,141,13,502,1,2,Powell
-7.4,False,141,13,502,1,2,Powell
-7.6,False,141,13,502,1,2,Powell
-7.8,False,141,13,502,1,2,Powell
-8.0,False,141,13,502,1,2,Powell
2.0,True,18,13,503,1,2,Powell
1.8,True,18,13,503,1,2,Powell
1.6,True,18,13,503,1,2,Powell
1.4,True,26,13,503,1,2,Powell
1.2,True,27,13,503,1,2,Powell
1.0,True,41,13,503,1,2,Powell
0.8,True,41,13,503,1,2,Powell
0.6,True,41,13,503,1,2,Powell
0.4,True,55,13,503,1,2,Powell
0.2,True,55,13,503,1,2,Powell
0.0,True,68,13,503,1,2,Powell
-0.2,True,68,13,503,1,2,Powell
-0.4,True,68,13,503,1,2,Powell
-0.6,True,69,13,503,1,2,Powell
-0.8,True,102,13,503,1,2,Powell
-1.0,True,102,13,503,1,2,Powell
-1.2,True,102,13,503,1,2,Powell
-1.4,True,102,13,503,1,2,Powell
-1.6,True,102,13,503,1,2,Powell
-1.8,True,102,13,503,1,2,Powell
-2.0,True,103,13,503,1,2,Powell
-2.2,True,113,13,503,1,2,Powell
-2.4,True,114,13,503,1,2,Powell
-2.6,True,116,13,503,1,2,Powell
-2.8,True,116,13,503,1,2,Powell
-3.0,True,117,13,503,1,2,Powell
-3.2,True,119,13,503,1,2,Powell
-3.4,True,128,13,503,1,2,Powell
-3.6,False,131,13,503,1,2,Powell
-3.8,False,131,13,503,1,2,Powell
-4.0,False,131,13,503,1,2,Powell
-4.2,False,131,13,503,1,2,Powell
-4.4,False,131,13,503,1,2,Powell
-4.6,False,131,13,503,1,2,Powell
-4.8,False,131,13,503,1,2,Powell
-5.0,False,131,13,503,1,2,Powell
-5.2,False,131,13,503,1,2,Powell
-5.4,False,131,13,503,1,2,Powell
-5.6,False,131,13,503,1,2,Powell
-5.8,False,131,13,503,1,2,Powell
-6.0,False,131,13,503,1,2,Powell
-6.2,False,131,13,503,1,2,Powell
-6.4,False,131,13,503,1,2,Powell
-6.6,False,131,13,503,1,2,Powell
-6.8,False,131,13,503,1,2,Powell
-7.0,False,131,13,503,1,2,Powell
-7.2,False,131,13,503,1,2,Powell
-7.4,False,131,13,503,1,2,Powell
-7.6,False,131,13,503,1,2,Powell
-7.8,False,131,13,503,1,2,Powell
-8.0,False,131,13,503,1,2,Powell
2.0,True,5,13,504,1,2,Powell
1.8,True,6,13,504,1,2,Powell
1.6,True,8,13,504,1,2,Powell
1.4,True,8,13,504,1,2,Powell
1.2,True,8,13,504,1,2,Powell
1.0,True,8,13,504,1,2,Powell
0.8,True,11,13,504,1,2,Powell
0.6,True,11,13,504,1,2,Powell
0.4,True,19,13,504,1,2,Powell
0.2,True,19,13,504,1,2,Powell
0.0,False,138,13,504,1,2,Powell
-0.2,False,138,13,504,1,2,Powell
-0.4,False,138,13,504,1,2,Powell
-0.6,False,138,13,504,1,2,Powell
-0.8,False,138,13,504,1,2,Powell
-1.0,False,138,13,504,1,2,Powell
-1.2,False,138,13,504,1,2,Powell
-1.4,False,138,13,504,1,2,Powell
-1.6,False,138,13,504,1,2,Powell
-1.8,False,138,13,504,1,2,Powell
-2.0,False,138,13,504,1,2,Powell
-2.2,False,138,13,504,1,2,Powell
-2.4,False,138,13,504,1,2,Powell
-2.6,False,138,13,504,1,2,Powell
-2.8,False,138,13,504,1,2,Powell
-3.0,False,138,13,504,1,2,Powell
-3.2,False,138,13,504,1,2,Powell
-3.4,False,138,13,504,1,2,Powell
-3.6,False,138,13,504,1,2,Powell
-3.8,False,138,13,504,1,2,Powell
-4.0,False,138,13,504,1,2,Powell
-4.2,False,138,13,504,1,2,Powell
-4.4,False,138,13,504,1,2,Powell
-4.6,False,138,13,504,1,2,Powell
-4.8,False,138,13,504,1,2,Powell
-5.0,False,138,13,504,1,2,Powell
-5.2,False,138,13,504,1,2,Powell
-5.4,False,138,13,504,1,2,Powell
-5.6,False,138,13,504,1,2,Powell
-5.8,False,138,13,504,1,2,Powell
-6.0,False,138,13,504,1,2,Powell
-6.2,False,138,13,504,1,2,Powell
-6.4,False,138,13,504,1,2,Powell
-6.6,False,138,13,504,1,2,Powell
-6.8,False,138,13,504,1,2,Powell
-7.0,False,138,13,504,1,2,Powell
-7.2,False,138,13,504,1,2,Powell
-7.4,False,138,13,504,1,2,Powell
-7.6,False,138,13,504,1,2,Powell
-7.8,False,138,13,504,1,2,Powell
-8.0,False,138,13,504,1,2,Powell
2.0,True,11,13,505,1,2,Powell
1.8,True,11,13,505,1,2,Powell
1.6,True,11,13,505,1,2,Powell
1.4,True,11,13,505,1,2,Powell
1.2,False,75,13,505,1,2,Powell
1.0,False,75,13,505,1,2,Powell
0.8,False,75,13,505,1,2,Powell
0.6,False,75,13,505,1,2,Powell
0.4,False,75,13,505,1,2,Powell
0.2,False,75,13,505,1,2,Powell
0.0,False,75,13,505,1,2,Powell
-0.2,False,75,13,505,1,2,Powell
-0.4,False,75,13,505,1,2,Powell
-0.6,False,75,13,505,1,2,Powell
-0.8,False,75,13,505,1,2,Powell
-1.0,False,75,13,505,1,2,Powell
-1.2,False,75,13,505,1,2,Powell
-1.4,False,75,13,505,1,2,Powell
-1.6,False,75,13,505,1,2,Powell
-1.8,False,75,13,505,1,2,Powell
-2.0,False,75,13,505,1,2,Powell
-2.2,False,75,13,505,1,2,Powell
-2.4,False,75,13,505,1,2,Powell
-2.6,False,75,13,505,1,2,Powell
-2.8,False,75,13,505,1,2,Powell
-3.0,False,75,13,505,1,2,Powell
-3.2,False,75,13,505,1,2,Powell
-3.4,False,75,13,505,1,2,Powell
-3.6,False,75,13,505,1,2,Powell
-3.8,False,75,13,505,1,2,Powell
-4.0,False,75,13,505,1,2,Powell
-4.2,False,75,13,505,1,2,Powell
-4.4,False,75,13,505,1,2,Powell
-4.6,False,75,13,505,1,2,Powell
-4.8,False,75,13,505,1,2,Powell
-5.0,False,75,13,505,1,2,Powell
-5.2,False,75,13,505,1,2,Powell
-5.4,False,75,13,505,1,2,Powell
-5.6,False,75,13,505,1,2,Powell
-5.8,False,75,13,505,1,2,Powell
-6.0,False,75,13,505,1,2,Powell
-6.2,False,75,13,505,1,2,Powell
-6.4,False,75,13,505,1,2,Powell
-6.6,False,75,13,505,1,2,Powell
-6.8,False,75,13,505,1,2,Powell
-7.0,False,75,13,505,1,2,Powell
-7.2,False,75,13,505,1,2,Powell
-7.4,False,75,13,505,1,2,Powell
-7.6,False,75,13,505,1,2,Powell
-7.8,False,75,13,505,1,2,Powell
-8.0,False,75,13,505,1,2,Powell
2.0,True,1,13,506,1,2,Powell
1.8,True,1,13,506,1,2,Powell
1.6,True,1,13,506,1,2,Powell
1.4,True,1,13,506,1,2,Powell
1.2,True,1,13,506,1,2,Powell
1.0,True,1,13,506,1,2,Powell
0.8,True,1,13,506,1,2,Powell
0.6,True,7,13,506,1,2,Powell
0.4,True,14,13,506,1,2,Powell
0.2,False,96,13,506,1,2,Powell
0.0,False,96,13,506,1,2,Powell
-0.2,False,96,13,506,1,2,Powell
-0.4,False,96,13,506,1,2,Powell
-0.6,False,96,13,506,1,2,Powell
-0.8,False,96,13,506,1,2,Powell
-1.0,False,96,13,506,1,2,Powell
-1.2,False,96,13,506,1,2,Powell
-1.4,False,96,13,506,1,2,Powell
-1.6,False,96,13,506,1,2,Powell
-1.8,False,96,13,506,1,2,Powell
-2.0,False,96,13,506,1,2,Powell
-2.2,False,96,13,506,1,2,Powell
-2.4,False,96,13,506,1,2,Powell
-2.6,False,96,13,506,1,2,Powell
-2.8,False,96,13,506,1,2,Powell
-3.0,False,96,13,506,1,2,Powell
-3.2,False,96,13,506,1,2,Powell
-3.4,False,96,13,506,1,2,Powell
-3.6,False,96,13,506,1,2,Powell
-3.8,False,96,13,506,1,2,Powell
-4.0,False,96,13,506,1,2,Powell
-4.2,False,96,13,506,1,2,Powell
-4.4,False,96,13,506,1,2,Powell
-4.6,False,96,13,506,1,2,Powell
-4.8,False,96,13,506,1,2,Powell
-5.0,False,96,13,506,1,2,Powell
-5.2,False,96,13,506,1,2,Powell
-5.4,False,96,13,506,1,2,Powell
-5.6,False,96,13,506,1,2,Powell
-5.8,False,96,13,506,1,2,Powell
-6.0,False,96,13,506,1,2,Powell
-6.2,False,96,13,506,1,2,Powell
-6.4,False,96,13,506,1,2,Powell
-6.6,False,96,13,506,1,2,Powell
-6.8,False,96,13,506,1,2,Powell
-7.0,False,96,13,506,1,2,Powell
-7.2,False,96,13,506,1,2,Powell
-7.4,False,96,13,506,1,2,Powell
-7.6,False,96,13,506,1,2,Powell
-7.8,False,96,13,506,1,2,Powell
-8.0,False,96,13,506,1,2,Powell
2.0,True,10,13,507,1,2,Powell
1.8,True,10,13,507,1,2,Powell
1.6,True,13,13,507,1,2,Powell
1.4,True,13,13,507,1,2,Powell
1.2,True,13,13,507,1,2,Powell
1.0,False,85,13,507,1,2,Powell
0.8,False,85,13,507,1,2,Powell
0.6,False,85,13,507,1,2,Powell
0.4,False,85,13,507,1,2,Powell
0.2,False,85,13,507,1,2,Powell
0.0,False,85,13,507,1,2,Powell
-0.2,False,85,13,507,1,2,Powell
-0.4,False,85,13,507,1,2,Powell
-0.6,False,85,13,507,1,2,Powell
-0.8,False,85,13,507,1,2,Powell
-1.0,False,85,13,507,1,2,Powell
-1.2,False,85,13,507,1,2,Powell
-1.4,False,85,13,507,1,2,Powell
-1.6,False,85,13,507,1,2,Powell
-1.8,False,85,13,507,1,2,Powell
-2.0,False,85,13,507,1,2,Powell
-2.2,False,85,13,507,1,2,Powell
-2.4,False,85,13,507,1,2,Powell
-2.6,False,85,13,507,1,2,Powell
-2.8,False,85,13,507,1,2,Powell
-3.0,False,85,13,507,1,2,Powell
-3.2,False,85,13,507,1,2,Powell
-3.4,False,85,13,507,1,2,Powell
-3.6,False,85,13,507,1,2,Powell
-3.8,False,85,13,507,1,2,Powell
-4.0,False,85,13,507,1,2,Powell
-4.2,False,85,13,507,1,2,Powell
-4.4,False,85,13,507,1,2,Powell
-4.6,False,85,13,507,1,2,Powell
-4.8,False,85,13,507,1,2,Powell
-5.0,False,85,13,507,1,2,Powell
-5.2,False,85,13,507,1,2,Powell
-5.4,False,85,13,507,1,2,Powell
-5.6,False,85,13,507,1,2,Powell
-5.8,False,85,13,507,1,2,Powell
-6.0,False,85,13,507,1,2,Powell
-6.2,False,85,13,507,1,2,Powell
-6.4,False,85,13,507,1,2,Powell
-6.6,False,85,13,507,1,2,Powell
-6.8,False,85,13,507,1,2,Powell
-7.0,False,85,13,507,1,2,Powell
-7.2,False,85,13,507,1,2,Powell
-7.4,False,85,13,507,1,2,Powell
-7.6,False,85,13,507,1,2,Powell
-7.8,False,85,13,507,1,2,Powell
-8.0,False,85,13,507,1,2,Powell
2.0,True,11,13,508,1,2,Powell
1.8,True,13,13,508,1,2,Powell
1.6,True,13,13,508,1,2,Powell
1.4,True,15,13,508,1,2,Powell
1.2,False,91,13,508,1,2,Powell
1.0,False,91,13,508,1,2,Powell
0.8,False,91,13,508,1,2,Powell
0.6,False,91,13,508,1,2,Powell
0.4,False,91,13,508,1,2,Powell
0.2,False,91,13,508,1,2,Powell
0.0,False,91,13,508,1,2,Powell
-0.2,False,91,13,508,1,2,Powell
-0.4,False,91,13,508,1,2,Powell
-0.6,False,91,13,508,1,2,Powell
-0.8,False,91,13,508,1,2,Powell
-1.0,False,91,13,508,1,2,Powell
-1.2,False,91,13,508,1,2,Powell
-1.4,False,91,13,508,1,2,Powell
-1.6,False,91,13,508,1,2,Powell
-1.8,False,91,13,508,1,2,Powell
-2.0,False,91,13,508,1,2,Powell
-2.2,False,91,13,508,1,2,Powell
-2.4,False,91,13,508,1,2,Powell
-2.6,False,91,13,508,1,2,Powell
-2.8,False,91,13,508,1,2,Powell
-3.0,False,91,13,508,1,2,Powell
-3.2,False,91,13,508,1,2,Powell
-3.4,False,91,13,508,1,2,Powell
-3.6,False,91,13,508,1,2,Powell
-3.8,False,91,13,508,1,2,Powell
-4.0,False,91,13,508,1,2,Powell
-4.2,False,91,13,508,1,2,Powell
-4.4,False,91,13,508,1,2,Powell
-4.6,False,91,13,508,1,2,Powell
-4.8,False,91,13,508,1,2,Powell
-5.0,False,91,13,508,1,2,Powell
-5.2,False,91,13,508,1,2,Powell
-5.4,False,91,13,508,1,2,Powell
-5.6,False,91,13,508,1,2,Powell
-5.8,False,91,13,508,1,2,Powell
-6.0,False,91,13,508,1,2,Powell
-6.2,False,91,13,508,1,2,Powell
-6.4,False,91,13,508,1,2,Powell
-6.6,False,91,13,508,1,2,Powell
-6.8,False,91,13,508,1,2,Powell
-7.0,False,91,13,508,1,2,Powell
-7.2,False,91,13,508,1,2,Powell
-7.4,False,91,13,508,1,2,Powell
-7.6,False,91,13,508,1,2,Powell
-7.8,False,91,13,508,1,2,Powell
-8.0,False,91,13,508,1,2,Powell
2.0,True,10,13,509,1,2,Powell
1.8,True,13,13,509,1,2,Powell
1.6,True,15,13,509,1,2,Powell
1.4,True,15,13,509,1,2,Powell
1.2,False,114,13,509,1,2,Powell
1.0,False,114,13,509,1,2,Powell
0.8,False,114,13,509,1,2,Powell
0.6,False,114,13,509,1,2,Powell
0.4,False,114,13,509,1,2,Powell
0.2,False,114,13,509,1,2,Powell
0.0,False,114,13,509,1,2,Powell
-0.2,False,114,13,509,1,2,Powell
-0.4,False,114,13,509,1,2,Powell
-0.6,False,114,13,509,1,2,Powell
-0.8,False,114,13,509,1,2,Powell
-1.0,False,114,13,509,1,2,Powell
-1.2,False,114,13,509,1,2,Powell
-1.4,False,114,13,509,1,2,Powell
-1.6,False,114,13,509,1,2,Powell
-1.8,False,114,13,509,1,2,Powell
-2.0,False,114,13,509,1,2,Powell
-2.2,False,114,13,509,1,2,Powell
-2.4,False,114,13,509,1,2,Powell
-2.6,False,114,13,509,1,2,Powell
-2.8,False,114,13,509,1,2,Powell
-3.0,False,114,13,509,1,2,Powell
-3.2,False,114,13,509,1,2,Powell
-3.4,False,114,13,509,1,2,Powell
-3.6,False,114,13,509,1,2,Powell
-3.8,False,114,13,509,1,2,Powell
-4.0,False,114,13,509,1,2,Powell
-4.2,False,114,13,509,1,2,Powell
-4.4,False,114,13,509,1,2,Powell
-4.6,False,114,13,509,1,2,Powell
-4.8,False,114,13,509,1,2,Powell
-5.0,False,114,13,509,1,2,Powell
-5.2,False,114,13,509,1,2,Powell
-5.4,False,114,13,509,1,2,Powell
-5.6,False,114,13,509,1,2,Powell
-5.8,False,114,13,509,1,2,Powell
-6.0,False,114,13,509,1,2,Powell
-6.2,False,114,13,509,1,2,Powell
-6.4,False,114,13,509,1,2,Powell
-6.6,False,114,13,509,1,2,Powell
-6.8,False,114,13,509,1,2,Powell
-7.0,False,114,13,509,1,2,Powell
-7.2,False,114,13,509,1,2,Powell
-7.4,False,114,13,509,1,2,Powell
-7.6,False,114,13,509,1,2,Powell
-7.8,False,114,13,509,1,2,Powell
-8.0,False,114,13,509,1,2,Powell
2.0,True,5,13,510,1,2,Powell
1.8,True,5,13,510,1,2,Powell
1.6,True,5,13,510,1,2,Powell
1.4,True,7,13,510,1,2,Powell
1.2,True,7,13,510,1,2,Powell
1.0,False,116,13,510,1,2,Powell
0.8,False,116,13,510,1,2,Powell
0.6,False,116,13,510,1,2,Powell
0.4,False,116,13,510,1,2,Powell
0.2,False,116,13,510,1,2,Powell
0.0,False,116,13,510,1,2,Powell
-0.2,False,116,13,510,1,2,Powell
-0.4,False,116,13,510,1,2,Powell
-0.6,False,116,13,510,1,2,Powell
-0.8,False,116,13,510,1,2,Powell
-1.0,False,116,13,510,1,2,Powell
-1.2,False,116,13,510,1,2,Powell
-1.4,False,116,13,510,1,2,Powell
-1.6,False,116,13,510,1,2,Powell
-1.8,False,116,13,510,1,2,Powell
-2.0,False,116,13,510,1,2,Powell
-2.2,False,116,13,510,1,2,Powell
-2.4,False,116,13,510,1,2,Powell
-2.6,False,116,13,510,1,2,Powell
-2.8,False,116,13,510,1,2,Powell
-3.0,False,116,13,510,1,2,Powell
-3.2,False,116,13,510,1,2,Powell
-3.4,False,116,13,510,1,2,Powell
-3.6,False,116,13,510,1,2,Powell
-3.8,False,116,13,510,1,2,Powell
-4.0,False,116,13,510,1,2,Powell
-4.2,False,116,13,510,1,2,Powell
-4.4,False,116,13,510,1,2,Powell
-4.6,False,116,13,510,1,2,Powell
-4.8,False,116,13,510,1,2,Powell
-5.0,False,116,13,510,1,2,Powell
-5.2,False,116,13,510,1,2,Powell
-5.4,False,116,13,510,1,2,Powell
-5.6,False,116,13,510,1,2,Powell
-5.8,False,116,13,510,1,2,Powell
-6.0,False,116,13,510,1,2,Powell
-6.2,False,116,13,510,1,2,Powell
-6.4,False,116,13,510,1,2,Powell
-6.6,False,116,13,510,1,2,Powell
-6.8,False,116,13,510,1,2,Powell
-7.0,False,116,13,510,1,2,Powell
-7.2,False,116,13,510,1,2,Powell
-7.4,False,116,13,510,1,2,Powell
-7.6,False,116,13,510,1,2,Powell
-7.8,False,116,13,510,1,2,Powell
-8.0,False,116,13,510,1,2,Powell
2.0,True,57,13,511,1,2,Powell
1.8,True,57,13,511,1,2,Powell
1.6,True,57,13,511,1,2,Powell
1.4,True,57,13,511,1,2,Powell
1.2,True,64,13,511,1,2,Powell
1.0,True,67,13,511,1,2,Powell
0.8,True,68,13,511,1,2,Powell
0.6,True,69,13,511,1,2,Powell
0.4,True,90,13,511,1,2,Powell
0.2,True,92,13,511,1,2,Powell
0.0,True,119,13,511,1,2,Powell
-0.2,False,166,13,511,1,2,Powell
-0.4,False,166,13,511,1,2,Powell
-0.6,False,166,13,511,1,2,Powell
-0.8,False,166,13,511,1,2,Powell
-1.0,False,166,13,511,1,2,Powell
-1.2,False,166,13,511,1,2,Powell
-1.4,False,166,13,511,1,2,Powell
-1.6,False,166,13,511,1,2,Powell
-1.8,False,166,13,511,1,2,Powell
-2.0,False,166,13,511,1,2,Powell
-2.2,False,166,13,511,1,2,Powell
-2.4,False,166,13,511,1,2,Powell
-2.6,False,166,13,511,1,2,Powell
-2.8,False,166,13,511,1,2,Powell
-3.0,False,166,13,511,1,2,Powell
-3.2,False,166,13,511,1,2,Powell
-3.4,False,166,13,511,1,2,Powell
-3.6,False,166,13,511,1,2,Powell
-3.8,False,166,13,511,1,2,Powell
-4.0,False,166,13,511,1,2,Powell
-4.2,False,166,13,511,1,2,Powell
-4.4,False,166,13,511,1,2,Powell
-4.6,False,166,13,511,1,2,Powell
-4.8,False,166,13,511,1,2,Powell
-5.0,False,166,13,511,1,2,Powell
-5.2,False,166,13,511,1,2,Powell
-5.4,False,166,13,511,1,2,Powell
-5.6,False,166,13,511,1,2,Powell
-5.8,False,166,13,511,1,2,Powell
-6.0,False,166,13,511,1,2,Powell
-6.2,False,166,13,511,1,2,Powell
-6.4,False,166,13,511,1,2,Powell
-6.6,False,166,13,511,1,2,Powell
-6.8,False,166,13,511,1,2,Powell
-7.0,False,166,13,511,1,2,Powell
-7.2,False,166,13,511,1,2,Powell
-7.4,False,166,13,511,1,2,Powell
-7.6,False,166,13,511,1,2,Powell
-7.8,False,166,13,511,1,2,Powell
-8.0,False,166,13,511,1,2,Powell
2.0,True,5,13,512,1,2,Powell
1.8,True,5,13,512,1,2,Powell
1.6,True,5,13,512,1,2,Powell
1.4,True,8,13,512,1,2,Powell
1.2,True,10,13,512,1,2,Powell
1.0,True,10,13,512,1,2,Powell
0.8,False,84,13,512,1,2,Powell
0.6,False,84,13,512,1,2,Powell
0.4,False,84,13,512,1,2,Powell
0.2,False,84,13,512,1,2,Powell
0.0,False,84,13,512,1,2,Powell
-0.2,False,84,13,512,1,2,Powell
-0.4,False,84,13,512,1,2,Powell
-0.6,False,84,13,512,1,2,Powell
-0.8,False,84,13,512,1,2,Powell
-1.0,False,84,13,512,1,2,Powell
-1.2,False,84,13,512,1,2,Powell
-1.4,False,84,13,512,1,2,Powell
-1.6,False,84,13,512,1,2,Powell
-1.8,False,84,13,512,1,2,Powell
-2.0,False,84,13,512,1,2,Powell
-2.2,False,84,13,512,1,2,Powell
-2.4,False,84,13,512,1,2,Powell
-2.6,False,84,13,512,1,2,Powell
-2.8,False,84,13,512,1,2,Powell
-3.0,False,84,13,512,1,2,Powell
-3.2,False,84,13,512,1,2,Powell
-3.4,False,84,13,512,1,2,Powell
-3.6,False,84,13,512,1,2,Powell
-3.8,False,84,13,512,1,2,Powell
-4.0,False,84,13,512,1,2,Powell
-4.2,False,84,13,512,1,2,Powell
-4.4,False,84,13,512,1,2,Powell
-4.6,False,84,13,512,1,2,Powell
-4.8,False,84,13,512,1,2,Powell
-5.0,False,84,13,512,1,2,Powell
-5.2,False,84,13,512,1,2,Powell
-5.4,False,84,13,512,1,2,Powell
-5.6,False,84,13,512,1,2,Powell
-5.8,False,84,13,512,1,2,Powell
-6.0,False,84,13,512,1,2,Powell
-6.2,False,84,13,512,1,2,Powell
-6.4,False,84,13,512,1,2,Powell
-6.6,False,84,13,512,1,2,Powell
-6.8,False,84,13,512,1,2,Powell
-7.0,False,84,13,512,1,2,Powell
-7.2,False,84,13,512,1,2,Powell
-7.4,False,84,13,512,1,2,Powell
-7.6,False,84,13,512,1,2,Powell
-7.8,False,84,13,512,1,2,Powell
-8.0,False,84,13,512,1,2,Powell
2.0,True,7,13,513,1,2,Powell
1.8,True,8,13,513,1,2,Powell
1.6,False,77,13,513,1,2,Powell
1.4,False,77,13,513,1,2,Powell
1.2,False,77,13,513,1,2,Powell
1.0,False,77,13,513,1,2,Powell
0.8,False,77,13,513,1,2,Powell
0.6,False,77,13,513,1,2,Powell
0.4,False,77,13,513,1,2,Powell
0.2,False,77,13,513,1,2,Powell
0.0,False,77,13,513,1,2,Powell
-0.2,False,77,13,513,1,2,Powell
-0.4,False,77,13,513,1,2,Powell
-0.6,False,77,13,513,1,2,Powell
-0.8,False,77,13,513,1,2,Powell
-1.0,False,77,13,513,1,2,Powell
-1.2,False,77,13,513,1,2,Powell
-1.4,False,77,13,513,1,2,Powell
-1.6,False,77,13,513,1,2,Powell
-1.8,False,77,13,513,1,2,Powell
-2.0,False,77,13,513,1,2,Powell
-2.2,False,77,13,513,1,2,Powell
-2.4,False,77,13,513,1,2,Powell
-2.6,False,77,13,513,1,2,Powell
-2.8,False,77,13,513,1,2,Powell
-3.0,False,77,13,513,1,2,Powell
-3.2,False,77,13,513,1,2,Powell
-3.4,False,77,13,513,1,2,Powell
-3.6,False,77,13,513,1,2,Powell
-3.8,False,77,13,513,1,2,Powell
-4.0,False,77,13,513,1,2,Powell
-4.2,False,77,13,513,1,2,Powell
-4.4,False,77,13,513,1,2,Powell
-4.6,False,77,13,513,1,2,Powell
-4.8,False,77,13,513,1,2,Powell
-5.0,False,77,13,513,1,2,Powell
-5.2,False,77,13,513,1,2,Powell
-5.4,False,77,13,513,1,2,Powell
-5.6,False,77,13,513,1,2,Powell
-5.8,False,77,13,513,1,2,Powell
-6.0,False,77,13,513,1,2,Powell
-6.2,False,77,13,513,1,2,Powell
-6.4,False,77,13,513,1,2,Powell
-6.6,False,77,13,513,1,2,Powell
-6.8,False,77,13,513,1,2,Powell
-7.0,False,77,13,513,1,2,Powell
-7.2,False,77,13,513,1,2,Powell
-7.4,False,77,13,513,1,2,Powell
-7.6,False,77,13,513,1,2,Powell
-7.8,False,77,13,513,1,2,Powell
-8.0,False,77,13,513,1,2,Powell
2.0,True,4,13,514,1,2,Powell
1.8,True,4,13,514,1,2,Powell
1.6,True,4,13,514,1,2,Powell
1.4,True,4,13,514,1,2,Powell
1.2,True,4,13,514,1,2,Powell
1.0,True,4,13,514,1,2,Powell
0.8,True,11,13,514,1,2,Powell
0.6,True,11,13,514,1,2,Powell
0.4,False,92,13,514,1,2,Powell
0.2,False,92,13,514,1,2,Powell
0.0,False,92,13,514,1,2,Powell
-0.2,False,92,13,514,1,2,Powell
-0.4,False,92,13,514,1,2,Powell
-0.6,False,92,13,514,1,2,Powell
-0.8,False,92,13,514,1,2,Powell
-1.0,False,92,13,514,1,2,Powell
-1.2,False,92,13,514,1,2,Powell
-1.4,False,92,13,514,1,2,Powell
-1.6,False,92,13,514,1,2,Powell
-1.8,False,92,13,514,1,2,Powell
-2.0,False,92,13,514,1,2,Powell
-2.2,False,92,13,514,1,2,Powell
-2.4,False,92,13,514,1,2,Powell
-2.6,False,92,13,514,1,2,Powell
-2.8,False,92,13,514,1,2,Powell
-3.0,False,92,13,514,1,2,Powell
-3.2,False,92,13,514,1,2,Powell
-3.4,False,92,13,514,1,2,Powell
-3.6,False,92,13,514,1,2,Powell
-3.8,False,92,13,514,1,2,Powell
-4.0,False,92,13,514,1,2,Powell
-4.2,False,92,13,514,1,2,Powell
-4.4,False,92,13,514,1,2,Powell
-4.6,False,92,13,514,1,2,Powell
-4.8,False,92,13,514,1,2,Powell
-5.0,False,92,13,514,1,2,Powell
-5.2,False,92,13,514,1,2,Powell
-5.4,False,92,13,514,1,2,Powell
-5.6,False,92,13,514,1,2,Powell
-5.8,False,92,13,514,1,2,Powell
-6.0,False,92,13,514,1,2,Powell
-6.2,False,92,13,514,1,2,Powell
-6.4,False,92,13,514,1,2,Powell
-6.6,False,92,13,514,1,2,Powell
-6.8,False,92,13,514,1,2,Powell
-7.0,False,92,13,514,1,2,Powell
-7.2,False,92,13,514,1,2,Powell
-7.4,False,92,13,514,1,2,Powell
-7.6,False,92,13,514,1,2,Powell
-7.8,False,92,13,514,1,2,Powell
-8.0,False,92,13,514,1,2,Powell
2.0,True,24,13,515,1,2,Powell
1.8,False,83,13,515,1,2,Powell
1.6,False,83,13,515,1,2,Powell
1.4,False,83,13,515,1,2,Powell
1.2,False,83,13,515,1,2,Powell
1.0,False,83,13,515,1,2,Powell
0.8,False,83,13,515,1,2,Powell
0.6,False,83,13,515,1,2,Powell
0.4,False,83,13,515,1,2,Powell
0.2,False,83,13,515,1,2,Powell
0.0,False,83,13,515,1,2,Powell
-0.2,False,83,13,515,1,2,Powell
-0.4,False,83,13,515,1,2,Powell
-0.6,False,83,13,515,1,2,Powell
-0.8,False,83,13,515,1,2,Powell
-1.0,False,83,13,515,1,2,Powell
-1.2,False,83,13,515,1,2,Powell
-1.4,False,83,13,515,1,2,Powell
-1.6,False,83,13,515,1,2,Powell
-1.8,False,83,13,515,1,2,Powell
-2.0,False,83,13,515,1,2,Powell
-2.2,False,83,13,515,1,2,Powell
-2.4,False,83,13,515,1,2,Powell
-2.6,False,83,13,515,1,2,Powell
-2.8,False,83,13,515,1,2,Powell
-3.0,False,83,13,515,1,2,Powell
-3.2,False,83,13,515,1,2,Powell
-3.4,False,83,13,515,1,2,Powell
-3.6,False,83,13,515,1,2,Powell
-3.8,False,83,13,515,1,2,Powell
-4.0,False,83,13,515,1,2,Powell
-4.2,False,83,13,515,1,2,Powell
-4.4,False,83,13,515,1,2,Powell
-4.6,False,83,13,515,1,2,Powell
-4.8,False,83,13,515,1,2,Powell
-5.0,False,83,13,515,1,2,Powell
-5.2,False,83,13,515,1,2,Powell
-5.4,False,83,13,515,1,2,Powell
-5.6,False,83,13,515,1,2,Powell
-5.8,False,83,13,515,1,2,Powell
-6.0,False,83,13,515,1,2,Powell
-6.2,False,83,13,515,1,2,Powell
-6.4,False,83,13,515,1,2,Powell
-6.6,False,83,13,515,1,2,Powell
-6.8,False,83,13,515,1,2,Powell
-7.0,False,83,13,515,1,2,Powell
-7.2,False,83,13,515,1,2,Powell
-7.4,False,83,13,515,1,2,Powell
-7.6,False,83,13,515,1,2,Powell
-7.8,False,83,13,515,1,2,Powell
-8.0,False,83,13,515,1,2,Powell
2.0,True,4,13,516,1,2,Powell
1.8,True,4,13,516,1,2,Powell
1.6,True,8,13,516,1,2,Powell
1.4,True,8,13,516,1,2,Powell
1.2,True,8,13,516,1,2,Powell
1.0,True,8,13,516,1,2,Powell
0.8,True,8,13,516,1,2,Powell
0.6,True,10,13,516,1,2,Powell
0.4,True,11,13,516,1,2,Powell
0.2,False,82,13,516,1,2,Powell
0.0,False,82,13,516,1,2,Powell
-0.2,False,82,13,516,1,2,Powell
-0.4,False,82,13,516,1,2,Powell
-0.6,False,82,13,516,1,2,Powell
-0.8,False,82,13,516,1,2,Powell
-1.0,False,82,13,516,1,2,Powell
-1.2,False,82,13,516,1,2,Powell
-1.4,False,82,13,516,1,2,Powell
-1.6,False,82,13,516,1,2,Powell
-1.8,False,82,13,516,1,2,Powell
-2.0,False,82,13,516,1,2,Powell
-2.2,False,82,13,516,1,2,Powell
-2.4,False,82,13,516,1,2,Powell
-2.6,False,82,13,516,1,2,Powell
-2.8,False,82,13,516,1,2,Powell
-3.0,False,82,13,516,1,2,Powell
-3.2,False,82,13,516,1,2,Powell
-3.4,False,82,13,516,1,2,Powell
-3.6,False,82,13,516,1,2,Powell
-3.8,False,82,13,516,1,2,Powell
-4.0,False,82,13,516,1,2,Powell
-4.2,False,82,13,516,1,2,Powell
-4.4,False,82,13,516,1,2,Powell
-4.6,False,82,13,516,1,2,Powell
-4.8,False,82,13,516,1,2,Powell
-5.0,False,82,13,516,1,2,Powell
-5.2,False,82,13,516,1,2,Powell
-5.4,False,82,13,516,1,2,Powell
-5.6,False,82,13,516,1,2,Powell
-5.8,False,82,13,516,1,2,Powell
-6.0,False,82,13,516,1,2,Powell
-6.2,False,82,13,516,1,2,Powell
-6.4,False,82,13,516,1,2,Powell
-6.6,False,82,13,516,1,2,Powell
-6.8,False,82,13,516,1,2,Powell
-7.0,False,82,13,516,1,2,Powell
-7.2,False,82,13,516,1,2,Powell
-7.4,False,82,13,516,1,2,Powell
-7.6,False,82,13,516,1,2,Powell
-7.8,False,82,13,516,1,2,Powell
-8.0,False,82,13,516,1,2,Powell
2.0,True,7,13,517,1,2,Powell
1.8,True,7,13,517,1,2,Powell
1.6,True,7,13,517,1,2,Powell
1.4,True,7,13,517,1,2,Powell
1.2,True,7,13,517,1,2,Powell
1.0,True,7,13,517,1,2,Powell
0.8,True,11,13,517,1,2,Powell
0.6,False,82,13,517,1,2,Powell
0.4,False,82,13,517,1,2,Powell
0.2,False,82,13,517,1,2,Powell
0.0,False,82,13,517,1,2,Powell
-0.2,False,82,13,517,1,2,Powell
-0.4,False,82,13,517,1,2,Powell
-0.6,False,82,13,517,1,2,Powell
-0.8,False,82,13,517,1,2,Powell
-1.0,False,82,13,517,1,2,Powell
-1.2,False,82,13,517,1,2,Powell
-1.4,False,82,13,517,1,2,Powell
-1.6,False,82,13,517,1,2,Powell
-1.8,False,82,13,517,1,2,Powell
-2.0,False,82,13,517,1,2,Powell
-2.2,False,82,13,517,1,2,Powell
-2.4,False,82,13,517,1,2,Powell
-2.6,False,82,13,517,1,2,Powell
-2.8,False,82,13,517,1,2,Powell
-3.0,False,82,13,517,1,2,Powell
-3.2,False,82,13,517,1,2,Powell
-3.4,False,82,13,517,1,2,Powell
-3.6,False,82,13,517,1,2,Powell
-3.8,False,82,13,517,1,2,Powell
-4.0,False,82,13,517,1,2,Powell
-4.2,False,82,13,517,1,2,Powell
-4.4,False,82,13,517,1,2,Powell
-4.6,False,82,13,517,1,2,Powell
-4.8,False,82,13,517,1,2,Powell
-5.0,False,82,13,517,1,2,Powell
-5.2,False,82,13,517,1,2,Powell
-5.4,False,82,13,517,1,2,Powell
-5.6,False,82,13,517,1,2,Powell
-5.8,False,82,13,517,1,2,Powell
-6.0,False,82,13,517,1,2,Powell
-6.2,False,82,13,517,1,2,Powell
-6.4,False,82,13,517,1,2,Powell
-6.6,False,82,13,517,1,2,Powell
-6.8,False,82,13,517,1,2,Powell
-7.0,False,82,13,517,1,2,Powell
-7.2,False,82,13,517,1,2,Powell
-7.4,False,82,13,517,1,2,Powell
-7.6,False,82,13,517,1,2,Powell
-7.8,False,82,13,517,1,2,Powell
-8.0,False,82,13,517,1,2,Powell
2.0,True,10,13,518,1,2,Powell
1.8,True,10,13,518,1,2,Powell
1.6,True,10,13,518,1,2,Powell
1.4,True,10,13,518,1,2,Powell
1.2,True,10,13,518,1,2,Powell
1.0,True,10,13,518,1,2,Powell
0.8,True,10,13,518,1,2,Powell
0.6,True,10,13,518,1,2,Powell
0.4,True,24,13,518,1,2,Powell
0.2,False,85,13,518,1,2,Powell
0.0,False,85,13,518,1,2,Powell
-0.2,False,85,13,518,1,2,Powell
-0.4,False,85,13,518,1,2,Powell
-0.6,False,85,13,518,1,2,Powell
-0.8,False,85,13,518,1,2,Powell
-1.0,False,85,13,518,1,2,Powell
-1.2,False,85,13,518,1,2,Powell
-1.4,False,85,13,518,1,2,Powell
-1.6,False,85,13,518,1,2,Powell
-1.8,False,85,13,518,1,2,Powell
-2.0,False,85,13,518,1,2,Powell
-2.2,False,85,13,518,1,2,Powell
-2.4,False,85,13,518,1,2,Powell
-2.6,False,85,13,518,1,2,Powell
-2.8,False,85,13,518,1,2,Powell
-3.0,False,85,13,518,1,2,Powell
-3.2,False,85,13,518,1,2,Powell
-3.4,False,85,13,518,1,2,Powell
-3.6,False,85,13,518,1,2,Powell
-3.8,False,85,13,518,1,2,Powell
-4.0,False,85,13,518,1,2,Powell
-4.2,False,85,13,518,1,2,Powell
-4.4,False,85,13,518,1,2,Powell
-4.6,False,85,13,518,1,2,Powell
-4.8,False,85,13,518,1,2,Powell
-5.0,False,85,13,518,1,2,Powell
-5.2,False,85,13,518,1,2,Powell
-5.4,False,85,13,518,1,2,Powell
-5.6,False,85,13,518,1,2,Powell
-5.8,False,85,13,518,1,2,Powell
-6.0,False,85,13,518,1,2,Powell
-6.2,False,85,13,518,1,2,Powell
-6.4,False,85,13,518,1,2,Powell
-6.6,False,85,13,518,1,2,Powell
-6.8,False,85,13,518,1,2,Powell
-7.0,False,85,13,518,1,2,Powell
-7.2,False,85,13,518,1,2,Powell
-7.4,False,85,13,518,1,2,Powell
-7.6,False,85,13,518,1,2,Powell
-7.8,False,85,13,518,1,2,Powell
-8.0,False,85,13,518,1,2,Powell
2.0,True,4,13,519,1,2,Powell
1.8,True,9,13,519,1,2,Powell
1.6,True,9,13,519,1,2,Powell
1.4,True,9,13,519,1,2,Powell
1.2,True,9,13,519,1,2,Powell
1.0,True,11,13,519,1,2,Powell
0.8,True,11,13,519,1,2,Powell
0.6,True,15,13,519,1,2,Powell
0.4,True,15,13,519,1,2,Powell
0.2,False,91,13,519,1,2,Powell
0.0,False,91,13,519,1,2,Powell
-0.2,False,91,13,519,1,2,Powell
-0.4,False,91,13,519,1,2,Powell
-0.6,False,91,13,519,1,2,Powell
-0.8,False,91,13,519,1,2,Powell
-1.0,False,91,13,519,1,2,Powell
-1.2,False,91,13,519,1,2,Powell
-1.4,False,91,13,519,1,2,Powell
-1.6,False,91,13,519,1,2,Powell
-1.8,False,91,13,519,1,2,Powell
-2.0,False,91,13,519,1,2,Powell
-2.2,False,91,13,519,1,2,Powell
-2.4,False,91,13,519,1,2,Powell
-2.6,False,91,13,519,1,2,Powell
-2.8,False,91,13,519,1,2,Powell
-3.0,False,91,13,519,1,2,Powell
-3.2,False,91,13,519,1,2,Powell
-3.4,False,91,13,519,1,2,Powell
-3.6,False,91,13,519,1,2,Powell
-3.8,False,91,13,519,1,2,Powell
-4.0,False,91,13,519,1,2,Powell
-4.2,False,91,13,519,1,2,Powell
-4.4,False,91,13,519,1,2,Powell
-4.6,False,91,13,519,1,2,Powell
-4.8,False,91,13,519,1,2,Powell
-5.0,False,91,13,519,1,2,Powell
-5.2,False,91,13,519,1,2,Powell
-5.4,False,91,13,519,1,2,Powell
-5.6,False,91,13,519,1,2,Powell
-5.8,False,91,13,519,1,2,Powell
-6.0,False,91,13,519,1,2,Powell
-6.2,False,91,13,519,1,2,Powell
-6.4,False,91,13,519,1,2,Powell
-6.6,False,91,13,519,1,2,Powell
-6.8,False,91,13,519,1,2,Powell
-7.0,False,91,13,519,1,2,Powell
-7.2,False,91,13,519,1,2,Powell
-7.4,False,91,13,519,1,2,Powell
-7.6,False,91,13,519,1,2,Powell
-7.8,False,91,13,519,1,2,Powell
-8.0,False,91,13,519,1,2,Powell
2.0,True,1,13,520,1,2,Powell
1.8,True,1,13,520,1,2,Powell
1.6,True,1,13,520,1,2,Powell
1.4,True,1,13,520,1,2,Powell
1.2,True,1,13,520,1,2,Powell
1.0,True,1,13,520,1,2,Powell
0.8,True,9,13,520,1,2,Powell
0.6,True,10,13,520,1,2,Powell
0.4,True,13,13,520,1,2,Powell
0.2,False,113,13,520,1,2,Powell
0.0,False,113,13,520,1,2,Powell
-0.2,False,113,13,520,1,2,Powell
-0.4,False,113,13,520,1,2,Powell
-0.6,False,113,13,520,1,2,Powell
-0.8,False,113,13,520,1,2,Powell
-1.0,False,113,13,520,1,2,Powell
-1.2,False,113,13,520,1,2,Powell
-1.4,False,113,13,520,1,2,Powell
-1.6,False,113,13,520,1,2,Powell
-1.8,False,113,13,520,1,2,Powell
-2.0,False,113,13,520,1,2,Powell
-2.2,False,113,13,520,1,2,Powell
-2.4,False,113,13,520,1,2,Powell
-2.6,False,113,13,520,1,2,Powell
-2.8,False,113,13,520,1,2,Powell
-3.0,False,113,13,520,1,2,Powell
-3.2,False,113,13,520,1,2,Powell
-3.4,False,113,13,520,1,2,Powell
-3.6,False,113,13,520,1,2,Powell
-3.8,False,113,13,520,1,2,Powell
-4.0,False,113,13,520,1,2,Powell
-4.2,False,113,13,520,1,2,Powell
-4.4,False,113,13,520,1,2,Powell
-4.6,False,113,13,520,1,2,Powell
-4.8,False,113,13,520,1,2,Powell
-5.0,False,113,13,520,1,2,Powell
-5.2,False,113,13,520,1,2,Powell
-5.4,False,113,13,520,1,2,Powell
-5.6,False,113,13,520,1,2,Powell
-5.8,False,113,13,520,1,2,Powell
-6.0,False,113,13,520,1,2,Powell
-6.2,False,113,13,520,1,2,Powell
-6.4,False,113,13,520,1,2,Powell
-6.6,False,113,13,520,1,2,Powell
-6.8,False,113,13,520,1,2,Powell
-7.0,False,113,13,520,1,2,Powell
-7.2,False,113,13,520,1,2,Powell
-7.4,False,113,13,520,1,2,Powell
-7.6,False,113,13,520,1,2,Powell
-7.8,False,113,13,520,1,2,Powell
-8.0,False,113,13,520,1,2,Powell
2.0,True,4,13,521,1,2,Powell
1.8,True,4,13,521,1,2,Powell
1.6,True,4,13,521,1,2,Powell
1.4,False,147,13,521,1,2,Powell
1.2,False,147,13,521,1,2,Powell
1.0,False,147,13,521,1,2,Powell
0.8,False,147,13,521,1,2,Powell
0.6,False,147,13,521,1,2,Powell
0.4,False,147,13,521,1,2,Powell
0.2,False,147,13,521,1,2,Powell
0.0,False,147,13,521,1,2,Powell
-0.2,False,147,13,521,1,2,Powell
-0.4,False,147,13,521,1,2,Powell
-0.6,False,147,13,521,1,2,Powell
-0.8,False,147,13,521,1,2,Powell
-1.0,False,147,13,521,1,2,Powell
-1.2,False,147,13,521,1,2,Powell
-1.4,False,147,13,521,1,2,Powell
-1.6,False,147,13,521,1,2,Powell
-1.8,False,147,13,521,1,2,Powell
-2.0,False,147,13,521,1,2,Powell
-2.2,False,147,13,521,1,2,Powell
-2.4,False,147,13,521,1,2,Powell
-2.6,False,147,13,521,1,2,Powell
-2.8,False,147,13,521,1,2,Powell
-3.0,False,147,13,521,1,2,Powell
-3.2,False,147,13,521,1,2,Powell
-3.4,False,147,13,521,1,2,Powell
-3.6,False,147,13,521,1,2,Powell
-3.8,False,147,13,521,1,2,Powell
-4.0,False,147,13,521,1,2,Powell
-4.2,False,147,13,521,1,2,Powell
-4.4,False,147,13,521,1,2,Powell
-4.6,False,147,13,521,1,2,Powell
-4.8,False,147,13,521,1,2,Powell
-5.0,False,147,13,521,1,2,Powell
-5.2,False,147,13,521,1,2,Powell
-5.4,False,147,13,521,1,2,Powell
-5.6,False,147,13,521,1,2,Powell
-5.8,False,147,13,521,1,2,Powell
-6.0,False,147,13,521,1,2,Powell
-6.2,False,147,13,521,1,2,Powell
-6.4,False,147,13,521,1,2,Powell
-6.6,False,147,13,521,1,2,Powell
-6.8,False,147,13,521,1,2,Powell
-7.0,False,147,13,521,1,2,Powell
-7.2,False,147,13,521,1,2,Powell
-7.4,False,147,13,521,1,2,Powell
-7.6,False,147,13,521,1,2,Powell
-7.8,False,147,13,521,1,2,Powell
-8.0,False,147,13,521,1,2,Powell
2.0,True,4,13,522,1,2,Powell
1.8,True,4,13,522,1,2,Powell
1.6,True,4,13,522,1,2,Powell
1.4,True,4,13,522,1,2,Powell
1.2,True,12,13,522,1,2,Powell
1.0,True,12,13,522,1,2,Powell
0.8,True,12,13,522,1,2,Powell
0.6,True,25,13,522,1,2,Powell
0.4,False,88,13,522,1,2,Powell
0.2,False,88,13,522,1,2,Powell
0.0,False,88,13,522,1,2,Powell
-0.2,False,88,13,522,1,2,Powell
-0.4,False,88,13,522,1,2,Powell
-0.6,False,88,13,522,1,2,Powell
-0.8,False,88,13,522,1,2,Powell
-1.0,False,88,13,522,1,2,Powell
-1.2,False,88,13,522,1,2,Powell
-1.4,False,88,13,522,1,2,Powell
-1.6,False,88,13,522,1,2,Powell
-1.8,False,88,13,522,1,2,Powell
-2.0,False,88,13,522,1,2,Powell
-2.2,False,88,13,522,1,2,Powell
-2.4,False,88,13,522,1,2,Powell
-2.6,False,88,13,522,1,2,Powell
-2.8,False,88,13,522,1,2,Powell
-3.0,False,88,13,522,1,2,Powell
-3.2,False,88,13,522,1,2,Powell
-3.4,False,88,13,522,1,2,Powell
-3.6,False,88,13,522,1,2,Powell
-3.8,False,88,13,522,1,2,Powell
-4.0,False,88,13,522,1,2,Powell
-4.2,False,88,13,522,1,2,Powell
-4.4,False,88,13,522,1,2,Powell
-4.6,False,88,13,522,1,2,Powell
-4.8,False,88,13,522,1,2,Powell
-5.0,False,88,13,522,1,2,Powell
-5.2,False,88,13,522,1,2,Powell
-5.4,False,88,13,522,1,2,Powell
-5.6,False,88,13,522,1,2,Powell
-5.8,False,88,13,522,1,2,Powell
-6.0,False,88,13,522,1,2,Powell
-6.2,False,88,13,522,1,2,Powell
-6.4,False,88,13,522,1,2,Powell
-6.6,False,88,13,522,1,2,Powell
-6.8,False,88,13,522,1,2,Powell
-7.0,False,88,13,522,1,2,Powell
-7.2,False,88,13,522,1,2,Powell
-7.4,False,88,13,522,1,2,Powell
-7.6,False,88,13,522,1,2,Powell
-7.8,False,88,13,522,1,2,Powell
-8.0,False,88,13,522,1,2,Powell
2.0,True,8,13,523,1,2,Powell
1.8,True,11,13,523,1,2,Powell
1.6,True,11,13,523,1,2,Powell
1.4,True,11,13,523,1,2,Powell
1.2,True,11,13,523,1,2,Powell
1.0,True,12,13,523,1,2,Powell
0.8,True,12,13,523,1,2,Powell
0.6,False,95,13,523,1,2,Powell
0.4,False,95,13,523,1,2,Powell
0.2,False,95,13,523,1,2,Powell
0.0,False,95,13,523,1,2,Powell
-0.2,False,95,13,523,1,2,Powell
-0.4,False,95,13,523,1,2,Powell
-0.6,False,95,13,523,1,2,Powell
-0.8,False,95,13,523,1,2,Powell
-1.0,False,95,13,523,1,2,Powell
-1.2,False,95,13,523,1,2,Powell
-1.4,False,95,13,523,1,2,Powell
-1.6,False,95,13,523,1,2,Powell
-1.8,False,95,13,523,1,2,Powell
-2.0,False,95,13,523,1,2,Powell
-2.2,False,95,13,523,1,2,Powell
-2.4,False,95,13,523,1,2,Powell
-2.6,False,95,13,523,1,2,Powell
-2.8,False,95,13,523,1,2,Powell
-3.0,False,95,13,523,1,2,Powell
-3.2,False,95,13,523,1,2,Powell
-3.4,False,95,13,523,1,2,Powell
-3.6,False,95,13,523,1,2,Powell
-3.8,False,95,13,523,1,2,Powell
-4.0,False,95,13,523,1,2,Powell
-4.2,False,95,13,523,1,2,Powell
-4.4,False,95,13,523,1,2,Powell
-4.6,False,95,13,523,1,2,Powell
-4.8,False,95,13,523,1,2,Powell
-5.0,False,95,13,523,1,2,Powell
-5.2,False,95,13,523,1,2,Powell
-5.4,False,95,13,523,1,2,Powell
-5.6,False,95,13,523,1,2,Powell
-5.8,False,95,13,523,1,2,Powell
-6.0,False,95,13,523,1,2,Powell
-6.2,False,95,13,523,1,2,Powell
-6.4,False,95,13,523,1,2,Powell
-6.6,False,95,13,523,1,2,Powell
-6.8,False,95,13,523,1,2,Powell
-7.0,False,95,13,523,1,2,Powell
-7.2,False,95,13,523,1,2,Powell
-7.4,False,95,13,523,1,2,Powell
-7.6,False,95,13,523,1,2,Powell
-7.8,False,95,13,523,1,2,Powell
-8.0,False,95,13,523,1,2,Powell
2.0,True,5,13,524,1,2,Powell
1.8,True,5,13,524,1,2,Powell
1.6,True,7,13,524,1,2,Powell
1.4,True,7,13,524,1,2,Powell
1.2,True,7,13,524,1,2,Powell
1.0,True,23,13,524,1,2,Powell
0.8,False,140,13,524,1,2,Powell
0.6,False,140,13,524,1,2,Powell
0.4,False,140,13,524,1,2,Powell
0.2,False,140,13,524,1,2,Powell
0.0,False,140,13,524,1,2,Powell
-0.2,False,140,13,524,1,2,Powell
-0.4,False,140,13,524,1,2,Powell
-0.6,False,140,13,524,1,2,Powell
-0.8,False,140,13,524,1,2,Powell
-1.0,False,140,13,524,1,2,Powell
-1.2,False,140,13,524,1,2,Powell
-1.4,False,140,13,524,1,2,Powell
-1.6,False,140,13,524,1,2,Powell
-1.8,False,140,13,524,1,2,Powell
-2.0,False,140,13,524,1,2,Powell
-2.2,False,140,13,524,1,2,Powell
-2.4,False,140,13,524,1,2,Powell
-2.6,False,140,13,524,1,2,Powell
-2.8,False,140,13,524,1,2,Powell
-3.0,False,140,13,524,1,2,Powell
-3.2,False,140,13,524,1,2,Powell
-3.4,False,140,13,524,1,2,Powell
-3.6,False,140,13,524,1,2,Powell
-3.8,False,140,13,524,1,2,Powell
-4.0,False,140,13,524,1,2,Powell
-4.2,False,140,13,524,1,2,Powell
-4.4,False,140,13,524,1,2,Powell
-4.6,False,140,13,524,1,2,Powell
-4.8,False,140,13,524,1,2,Powell
-5.0,False,140,13,524,1,2,Powell
-5.2,False,140,13,524,1,2,Powell
-5.4,False,140,13,524,1,2,Powell
-5.6,False,140,13,524,1,2,Powell
-5.8,False,140,13,524,1,2,Powell
-6.0,False,140,13,524,1,2,Powell
-6.2,False,140,13,524,1,2,Powell
-6.4,False,140,13,524,1,2,Powell
-6.6,False,140,13,524,1,2,Powell
-6.8,False,140,13,524,1,2,Powell
-7.0,False,140,13,524,1,2,Powell
-7.2,False,140,13,524,1,2,Powell
-7.4,False,140,13,524,1,2,Powell
-7.6,False,140,13,524,1,2,Powell
-7.8,False,140,13,524,1,2,Powell
-8.0,False,140,13,524,1,2,Powell
2.0,True,4,13,525,1,2,Powell
1.8,True,12,13,525,1,2,Powell
1.6,True,12,13,525,1,2,Powell
1.4,True,12,13,525,1,2,Powell
1.2,True,12,13,525,1,2,Powell
1.0,True,12,13,525,1,2,Powell
0.8,True,21,13,525,1,2,Powell
0.6,True,23,13,525,1,2,Powell
0.4,False,150,13,525,1,2,Powell
0.2,False,150,13,525,1,2,Powell
0.0,False,150,13,525,1,2,Powell
-0.2,False,150,13,525,1,2,Powell
-0.4,False,150,13,525,1,2,Powell
-0.6,False,150,13,525,1,2,Powell
-0.8,False,150,13,525,1,2,Powell
-1.0,False,150,13,525,1,2,Powell
-1.2,False,150,13,525,1,2,Powell
-1.4,False,150,13,525,1,2,Powell
-1.6,False,150,13,525,1,2,Powell
-1.8,False,150,13,525,1,2,Powell
-2.0,False,150,13,525,1,2,Powell
-2.2,False,150,13,525,1,2,Powell
-2.4,False,150,13,525,1,2,Powell
-2.6,False,150,13,525,1,2,Powell
-2.8,False,150,13,525,1,2,Powell
-3.0,False,150,13,525,1,2,Powell
-3.2,False,150,13,525,1,2,Powell
-3.4,False,150,13,525,1,2,Powell
-3.6,False,150,13,525,1,2,Powell
-3.8,False,150,13,525,1,2,Powell
-4.0,False,150,13,525,1,2,Powell
-4.2,False,150,13,525,1,2,Powell
-4.4,False,150,13,525,1,2,Powell
-4.6,False,150,13,525,1,2,Powell
-4.8,False,150,13,525,1,2,Powell
-5.0,False,150,13,525,1,2,Powell
-5.2,False,150,13,525,1,2,Powell
-5.4,False,150,13,525,1,2,Powell
-5.6,False,150,13,525,1,2,Powell
-5.8,False,150,13,525,1,2,Powell
-6.0,False,150,13,525,1,2,Powell
-6.2,False,150,13,525,1,2,Powell
-6.4,False,150,13,525,1,2,Powell
-6.6,False,150,13,525,1,2,Powell
-6.8,False,150,13,525,1,2,Powell
-7.0,False,150,13,525,1,2,Powell
-7.2,False,150,13,525,1,2,Powell
-7.4,False,150,13,525,1,2,Powell
-7.6,False,150,13,525,1,2,Powell
-7.8,False,150,13,525,1,2,Powell
-8.0,False,150,13,525,1,2,Powell
2.0,True,4,13,526,1,2,Powell
1.8,True,9,13,526,1,2,Powell
1.6,True,9,13,526,1,2,Powell
1.4,True,9,13,526,1,2,Powell
1.2,True,9,13,526,1,2,Powell
1.0,True,9,13,526,1,2,Powell
0.8,True,9,13,526,1,2,Powell
0.6,True,13,13,526,1,2,Powell
0.4,True,21,13,526,1,2,Powell
0.2,False,76,13,526,1,2,Powell
0.0,False,76,13,526,1,2,Powell
-0.2,False,76,13,526,1,2,Powell
-0.4,False,76,13,526,1,2,Powell
-0.6,False,76,13,526,1,2,Powell
-0.8,False,76,13,526,1,2,Powell
-1.0,False,76,13,526,1,2,Powell
-1.2,False,76,13,526,1,2,Powell
-1.4,False,76,13,526,1,2,Powell
-1.6,False,76,13,526,1,2,Powell
-1.8,False,76,13,526,1,2,Powell
-2.0,False,76,13,526,1,2,Powell
-2.2,False,76,13,526,1,2,Powell
-2.4,False,76,13,526,1,2,Powell
-2.6,False,76,13,526,1,2,Powell
-2.8,False,76,13,526,1,2,Powell
-3.0,False,76,13,526,1,2,Powell
-3.2,False,76,13,526,1,2,Powell
-3.4,False,76,13,526,1,2,Powell
-3.6,False,76,13,526,1,2,Powell
-3.8,False,76,13,526,1,2,Powell
-4.0,False,76,13,526,1,2,Powell
-4.2,False,76,13,526,1,2,Powell
-4.4,False,76,13,526,1,2,Powell
-4.6,False,76,13,526,1,2,Powell
-4.8,False,76,13,526,1,2,Powell
-5.0,False,76,13,526,1,2,Powell
-5.2,False,76,13,526,1,2,Powell
-5.4,False,76,13,526,1,2,Powell
-5.6,False,76,13,526,1,2,Powell
-5.8,False,76,13,526,1,2,Powell
-6.0,False,76,13,526,1,2,Powell
-6.2,False,76,13,526,1,2,Powell
-6.4,False,76,13,526,1,2,Powell
-6.6,False,76,13,526,1,2,Powell
-6.8,False,76,13,526,1,2,Powell
-7.0,False,76,13,526,1,2,Powell
-7.2,False,76,13,526,1,2,Powell
-7.4,False,76,13,526,1,2,Powell
-7.6,False,76,13,526,1,2,Powell
-7.8,False,76,13,526,1,2,Powell
-8.0,False,76,13,526,1,2,Powell
2.0,True,3,13,527,1,2,Powell
1.8,True,7,13,527,1,2,Powell
1.6,True,28,13,527,1,2,Powell
1.4,True,28,13,527,1,2,Powell
1.2,True,28,13,527,1,2,Powell
1.0,True,31,13,527,1,2,Powell
0.8,False,163,13,527,1,2,Powell
0.6,False,163,13,527,1,2,Powell
0.4,False,163,13,527,1,2,Powell
0.2,False,163,13,527,1,2,Powell
0.0,False,163,13,527,1,2,Powell
-0.2,False,163,13,527,1,2,Powell
-0.4,False,163,13,527,1,2,Powell
-0.6,False,163,13,527,1,2,Powell
-0.8,False,163,13,527,1,2,Powell
-1.0,False,163,13,527,1,2,Powell
-1.2,False,163,13,527,1,2,Powell
-1.4,False,163,13,527,1,2,Powell
-1.6,False,163,13,527,1,2,Powell
-1.8,False,163,13,527,1,2,Powell
-2.0,False,163,13,527,1,2,Powell
-2.2,False,163,13,527,1,2,Powell
-2.4,False,163,13,527,1,2,Powell
-2.6,False,163,13,527,1,2,Powell
-2.8,False,163,13,527,1,2,Powell
-3.0,False,163,13,527,1,2,Powell
-3.2,False,163,13,527,1,2,Powell
-3.4,False,163,13,527,1,2,Powell
-3.6,False,163,13,527,1,2,Powell
-3.8,False,163,13,527,1,2,Powell
-4.0,False,163,13,527,1,2,Powell
-4.2,False,163,13,527,1,2,Powell
-4.4,False,163,13,527,1,2,Powell
-4.6,False,163,13,527,1,2,Powell
-4.8,False,163,13,527,1,2,Powell
-5.0,False,163,13,527,1,2,Powell
-5.2,False,163,13,527,1,2,Powell
-5.4,False,163,13,527,1,2,Powell
-5.6,False,163,13,527,1,2,Powell
-5.8,False,163,13,527,1,2,Powell
-6.0,False,163,13,527,1,2,Powell
-6.2,False,163,13,527,1,2,Powell
-6.4,False,163,13,527,1,2,Powell
-6.6,False,163,13,527,1,2,Powell
-6.8,False,163,13,527,1,2,Powell
-7.0,False,163,13,527,1,2,Powell
-7.2,False,163,13,527,1,2,Powell
-7.4,False,163,13,527,1,2,Powell
-7.6,False,163,13,527,1,2,Powell
-7.8,False,163,13,527,1,2,Powell
-8.0,False,163,13,527,1,2,Powell
2.0,True,11,13,528,1,2,Powell
1.8,True,12,13,528,1,2,Powell
1.6,True,12,13,528,1,2,Powell
1.4,True,14,13,528,1,2,Powell
1.2,True,14,13,528,1,2,Powell
1.0,True,14,13,528,1,2,Powell
0.8,True,14,13,528,1,2,Powell
0.6,True,19,13,528,1,2,Powell
0.4,True,19,13,528,1,2,Powell
0.2,True,19,13,528,1,2,Powell
0.0,True,23,13,528,1,2,Powell
-0.2,True,23,13,528,1,2,Powell
-0.4,True,23,13,528,1,2,Powell
-0.6,True,23,13,528,1,2,Powell
-0.8,True,24,13,528,1,2,Powell
-1.0,True,24,13,528,1,2,Powell
-1.2,True,24,13,528,1,2,Powell
-1.4,True,27,13,528,1,2,Powell
-1.6,True,44,13,528,1,2,Powell
-1.8,True,47,13,528,1,2,Powell
-2.0,False,137,13,528,1,2,Powell
-2.2,False,137,13,528,1,2,Powell
-2.4,False,137,13,528,1,2,Powell
-2.6,False,137,13,528,1,2,Powell
-2.8,False,137,13,528,1,2,Powell
-3.0,False,137,13,528,1,2,Powell
-3.2,False,137,13,528,1,2,Powell
-3.4,False,137,13,528,1,2,Powell
-3.6,False,137,13,528,1,2,Powell
-3.8,False,137,13,528,1,2,Powell
-4.0,False,137,13,528,1,2,Powell
-4.2,False,137,13,528,1,2,Powell
-4.4,False,137,13,528,1,2,Powell
-4.6,False,137,13,528,1,2,Powell
-4.8,False,137,13,528,1,2,Powell
-5.0,False,137,13,528,1,2,Powell
-5.2,False,137,13,528,1,2,Powell
-5.4,False,137,13,528,1,2,Powell
-5.6,False,137,13,528,1,2,Powell
-5.8,False,137,13,528,1,2,Powell
-6.0,False,137,13,528,1,2,Powell
-6.2,False,137,13,528,1,2,Powell
-6.4,False,137,13,528,1,2,Powell
-6.6,False,137,13,528,1,2,Powell
-6.8,False,137,13,528,1,2,Powell
-7.0,False,137,13,528,1,2,Powell
-7.2,False,137,13,528,1,2,Powell
-7.4,False,137,13,528,1,2,Powell
-7.6,False,137,13,528,1,2,Powell
-7.8,False,137,13,528,1,2,Powell
-8.0,False,137,13,528,1,2,Powell
2.0,True,4,13,529,1,2,Powell
1.8,True,4,13,529,1,2,Powell
1.6,True,13,13,529,1,2,Powell
1.4,False,92,13,529,1,2,Powell
1.2,False,92,13,529,1,2,Powell
1.0,False,92,13,529,1,2,Powell
0.8,False,92,13,529,1,2,Powell
0.6,False,92,13,529,1,2,Powell
0.4,False,92,13,529,1,2,Powell
0.2,False,92,13,529,1,2,Powell
0.0,False,92,13,529,1,2,Powell
-0.2,False,92,13,529,1,2,Powell
-0.4,False,92,13,529,1,2,Powell
-0.6,False,92,13,529,1,2,Powell
-0.8,False,92,13,529,1,2,Powell
-1.0,False,92,13,529,1,2,Powell
-1.2,False,92,13,529,1,2,Powell
-1.4,False,92,13,529,1,2,Powell
-1.6,False,92,13,529,1,2,Powell
-1.8,False,92,13,529,1,2,Powell
-2.0,False,92,13,529,1,2,Powell
-2.2,False,92,13,529,1,2,Powell
-2.4,False,92,13,529,1,2,Powell
-2.6,False,92,13,529,1,2,Powell
-2.8,False,92,13,529,1,2,Powell
-3.0,False,92,13,529,1,2,Powell
-3.2,False,92,13,529,1,2,Powell
-3.4,False,92,13,529,1,2,Powell
-3.6,False,92,13,529,1,2,Powell
-3.8,False,92,13,529,1,2,Powell
-4.0,False,92,13,529,1,2,Powell
-4.2,False,92,13,529,1,2,Powell
-4.4,False,92,13,529,1,2,Powell
-4.6,False,92,13,529,1,2,Powell
-4.8,False,92,13,529,1,2,Powell
-5.0,False,92,13,529,1,2,Powell
-5.2,False,92,13,529,1,2,Powell
-5.4,False,92,13,529,1,2,Powell
-5.6,False,92,13,529,1,2,Powell
-5.8,False,92,13,529,1,2,Powell
-6.0,False,92,13,529,1,2,Powell
-6.2,False,92,13,529,1,2,Powell
-6.4,False,92,13,529,1,2,Powell
-6.6,False,92,13,529,1,2,Powell
-6.8,False,92,13,529,1,2,Powell
-7.0,False,92,13,529,1,2,Powell
-7.2,False,92,13,529,1,2,Powell
-7.4,False,92,13,529,1,2,Powell
-7.6,False,92,13,529,1,2,Powell
-7.8,False,92,13,529,1,2,Powell
-8.0,False,92,13,529,1,2,Powell
2.0,True,1,13,530,1,2,Powell
1.8,True,1,13,530,1,2,Powell
1.6,True,1,13,530,1,2,Powell
1.4,True,1,13,530,1,2,Powell
1.2,True,7,13,530,1,2,Powell
1.0,True,7,13,530,1,2,Powell
0.8,True,7,13,530,1,2,Powell
0.6,True,7,13,530,1,2,Powell
0.4,True,11,13,530,1,2,Powell
0.2,True,11,13,530,1,2,Powell
0.0,True,11,13,530,1,2,Powell
-0.2,True,11,13,530,1,2,Powell
-0.4,True,11,13,530,1,2,Powell
-0.6,True,14,13,530,1,2,Powell
-0.8,True,14,13,530,1,2,Powell
-1.0,True,14,13,530,1,2,Powell
-1.2,True,14,13,530,1,2,Powell
-1.4,False,117,13,530,1,2,Powell
-1.6,False,117,13,530,1,2,Powell
-1.8,False,117,13,530,1,2,Powell
-2.0,False,117,13,530,1,2,Powell
-2.2,False,117,13,530,1,2,Powell
-2.4,False,117,13,530,1,2,Powell
-2.6,False,117,13,530,1,2,Powell
-2.8,False,117,13,530,1,2,Powell
-3.0,False,117,13,530,1,2,Powell
-3.2,False,117,13,530,1,2,Powell
-3.4,False,117,13,530,1,2,Powell
-3.6,False,117,13,530,1,2,Powell
-3.8,False,117,13,530,1,2,Powell
-4.0,False,117,13,530,1,2,Powell
-4.2,False,117,13,530,1,2,Powell
-4.4,False,117,13,530,1,2,Powell
-4.6,False,117,13,530,1,2,Powell
-4.8,False,117,13,530,1,2,Powell
-5.0,False,117,13,530,1,2,Powell
-5.2,False,117,13,530,1,2,Powell
-5.4,False,117,13,530,1,2,Powell
-5.6,False,117,13,530,1,2,Powell
-5.8,False,117,13,530,1,2,Powell
-6.0,False,117,13,530,1,2,Powell
-6.2,False,117,13,530,1,2,Powell
-6.4,False,117,13,530,1,2,Powell
-6.6,False,117,13,530,1,2,Powell
-6.8,False,117,13,530,1,2,Powell
-7.0,False,117,13,530,1,2,Powell
-7.2,False,117,13,530,1,2,Powell
-7.4,False,117,13,530,1,2,Powell
-7.6,False,117,13,530,1,2,Powell
-7.8,False,117,13,530,1,2,Powell
-8.0,False,117,13,530,1,2,Powell
2.0,True,3,13,531,1,2,Powell
1.8,True,14,13,531,1,2,Powell
1.6,True,27,13,531,1,2,Powell
1.4,True,28,13,531,1,2,Powell
1.2,False,175,13,531,1,2,Powell
1.0,False,175,13,531,1,2,Powell
0.8,False,175,13,531,1,2,Powell
0.6,False,175,13,531,1,2,Powell
0.4,False,175,13,531,1,2,Powell
0.2,False,175,13,531,1,2,Powell
0.0,False,175,13,531,1,2,Powell
-0.2,False,175,13,531,1,2,Powell
-0.4,False,175,13,531,1,2,Powell
-0.6,False,175,13,531,1,2,Powell
-0.8,False,175,13,531,1,2,Powell
-1.0,False,175,13,531,1,2,Powell
-1.2,False,175,13,531,1,2,Powell
-1.4,False,175,13,531,1,2,Powell
-1.6,False,175,13,531,1,2,Powell
-1.8,False,175,13,531,1,2,Powell
-2.0,False,175,13,531,1,2,Powell
-2.2,False,175,13,531,1,2,Powell
-2.4,False,175,13,531,1,2,Powell
-2.6,False,175,13,531,1,2,Powell
-2.8,False,175,13,531,1,2,Powell
-3.0,False,175,13,531,1,2,Powell
-3.2,False,175,13,531,1,2,Powell
-3.4,False,175,13,531,1,2,Powell
-3.6,False,175,13,531,1,2,Powell
-3.8,False,175,13,531,1,2,Powell
-4.0,False,175,13,531,1,2,Powell
-4.2,False,175,13,531,1,2,Powell
-4.4,False,175,13,531,1,2,Powell
-4.6,False,175,13,531,1,2,Powell
-4.8,False,175,13,531,1,2,Powell
-5.0,False,175,13,531,1,2,Powell
-5.2,False,175,13,531,1,2,Powell
-5.4,False,175,13,531,1,2,Powell
-5.6,False,175,13,531,1,2,Powell
-5.8,False,175,13,531,1,2,Powell
-6.0,False,175,13,531,1,2,Powell
-6.2,False,175,13,531,1,2,Powell
-6.4,False,175,13,531,1,2,Powell
-6.6,False,175,13,531,1,2,Powell
-6.8,False,175,13,531,1,2,Powell
-7.0,False,175,13,531,1,2,Powell
-7.2,False,175,13,531,1,2,Powell
-7.4,False,175,13,531,1,2,Powell
-7.6,False,175,13,531,1,2,Powell
-7.8,False,175,13,531,1,2,Powell
-8.0,False,175,13,531,1,2,Powell
2.0,True,1,13,532,1,2,Powell
1.8,True,12,13,532,1,2,Powell
1.6,True,14,13,532,1,2,Powell
1.4,True,14,13,532,1,2,Powell
1.2,True,14,13,532,1,2,Powell
1.0,True,14,13,532,1,2,Powell
0.8,True,14,13,532,1,2,Powell
0.6,True,50,13,532,1,2,Powell
0.4,True,56,13,532,1,2,Powell
0.2,True,63,13,532,1,2,Powell
0.0,True,63,13,532,1,2,Powell
-0.2,True,63,13,532,1,2,Powell
-0.4,True,77,13,532,1,2,Powell
-0.6,True,77,13,532,1,2,Powell
-0.8,True,80,13,532,1,2,Powell
-1.0,True,80,13,532,1,2,Powell
-1.2,True,80,13,532,1,2,Powell
-1.4,True,80,13,532,1,2,Powell
-1.6,True,80,13,532,1,2,Powell
-1.8,True,80,13,532,1,2,Powell
-2.0,True,81,13,532,1,2,Powell
-2.2,True,81,13,532,1,2,Powell
-2.4,True,81,13,532,1,2,Powell
-2.6,True,91,13,532,1,2,Powell
-2.8,True,93,13,532,1,2,Powell
-3.0,False,156,13,532,1,2,Powell
-3.2,False,156,13,532,1,2,Powell
-3.4,False,156,13,532,1,2,Powell
-3.6,False,156,13,532,1,2,Powell
-3.8,False,156,13,532,1,2,Powell
-4.0,False,156,13,532,1,2,Powell
-4.2,False,156,13,532,1,2,Powell
-4.4,False,156,13,532,1,2,Powell
-4.6,False,156,13,532,1,2,Powell
-4.8,False,156,13,532,1,2,Powell
-5.0,False,156,13,532,1,2,Powell
-5.2,False,156,13,532,1,2,Powell
-5.4,False,156,13,532,1,2,Powell
-5.6,False,156,13,532,1,2,Powell
-5.8,False,156,13,532,1,2,Powell
-6.0,False,156,13,532,1,2,Powell
-6.2,False,156,13,532,1,2,Powell
-6.4,False,156,13,532,1,2,Powell
-6.6,False,156,13,532,1,2,Powell
-6.8,False,156,13,532,1,2,Powell
-7.0,False,156,13,532,1,2,Powell
-7.2,False,156,13,532,1,2,Powell
-7.4,False,156,13,532,1,2,Powell
-7.6,False,156,13,532,1,2,Powell
-7.8,False,156,13,532,1,2,Powell
-8.0,False,156,13,532,1,2,Powell
2.0,True,5,13,533,1,2,Powell
1.8,True,7,13,533,1,2,Powell
1.6,False,76,13,533,1,2,Powell
1.4,False,76,13,533,1,2,Powell
1.2,False,76,13,533,1,2,Powell
1.0,False,76,13,533,1,2,Powell
0.8,False,76,13,533,1,2,Powell
0.6,False,76,13,533,1,2,Powell
0.4,False,76,13,533,1,2,Powell
0.2,False,76,13,533,1,2,Powell
0.0,False,76,13,533,1,2,Powell
-0.2,False,76,13,533,1,2,Powell
-0.4,False,76,13,533,1,2,Powell
-0.6,False,76,13,533,1,2,Powell
-0.8,False,76,13,533,1,2,Powell
-1.0,False,76,13,533,1,2,Powell
-1.2,False,76,13,533,1,2,Powell
-1.4,False,76,13,533,1,2,Powell
-1.6,False,76,13,533,1,2,Powell
-1.8,False,76,13,533,1,2,Powell
-2.0,False,76,13,533,1,2,Powell
-2.2,False,76,13,533,1,2,Powell
-2.4,False,76,13,533,1,2,Powell
-2.6,False,76,13,533,1,2,Powell
-2.8,False,76,13,533,1,2,Powell
-3.0,False,76,13,533,1,2,Powell
-3.2,False,76,13,533,1,2,Powell
-3.4,False,76,13,533,1,2,Powell
-3.6,False,76,13,533,1,2,Powell
-3.8,False,76,13,533,1,2,Powell
-4.0,False,76,13,533,1,2,Powell
-4.2,False,76,13,533,1,2,Powell
-4.4,False,76,13,533,1,2,Powell
-4.6,False,76,13,533,1,2,Powell
-4.8,False,76,13,533,1,2,Powell
-5.0,False,76,13,533,1,2,Powell
-5.2,False,76,13,533,1,2,Powell
-5.4,False,76,13,533,1,2,Powell
-5.6,False,76,13,533,1,2,Powell
-5.8,False,76,13,533,1,2,Powell
-6.0,False,76,13,533,1,2,Powell
-6.2,False,76,13,533,1,2,Powell
-6.4,False,76,13,533,1,2,Powell
-6.6,False,76,13,533,1,2,Powell
-6.8,False,76,13,533,1,2,Powell
-7.0,False,76,13,533,1,2,Powell
-7.2,False,76,13,533,1,2,Powell
-7.4,False,76,13,533,1,2,Powell
-7.6,False,76,13,533,1,2,Powell
-7.8,False,76,13,533,1,2,Powell
-8.0,False,76,13,533,1,2,Powell
2.0,True,1,13,534,1,2,Powell
1.8,True,1,13,534,1,2,Powell
1.6,True,1,13,534,1,2,Powell
1.4,True,3,13,534,1,2,Powell
1.2,True,3,13,534,1,2,Powell
1.0,True,3,13,534,1,2,Powell
0.8,True,3,13,534,1,2,Powell
0.6,True,3,13,534,1,2,Powell
0.4,True,23,13,534,1,2,Powell
0.2,False,84,13,534,1,2,Powell
0.0,False,84,13,534,1,2,Powell
-0.2,False,84,13,534,1,2,Powell
-0.4,False,84,13,534,1,2,Powell
-0.6,False,84,13,534,1,2,Powell
-0.8,False,84,13,534,1,2,Powell
-1.0,False,84,13,534,1,2,Powell
-1.2,False,84,13,534,1,2,Powell
-1.4,False,84,13,534,1,2,Powell
-1.6,False,84,13,534,1,2,Powell
-1.8,False,84,13,534,1,2,Powell
-2.0,False,84,13,534,1,2,Powell
-2.2,False,84,13,534,1,2,Powell
-2.4,False,84,13,534,1,2,Powell
-2.6,False,84,13,534,1,2,Powell
-2.8,False,84,13,534,1,2,Powell
-3.0,False,84,13,534,1,2,Powell
-3.2,False,84,13,534,1,2,Powell
-3.4,False,84,13,534,1,2,Powell
-3.6,False,84,13,534,1,2,Powell
-3.8,False,84,13,534,1,2,Powell
-4.0,False,84,13,534,1,2,Powell
-4.2,False,84,13,534,1,2,Powell
-4.4,False,84,13,534,1,2,Powell
-4.6,False,84,13,534,1,2,Powell
-4.8,False,84,13,534,1,2,Powell
-5.0,False,84,13,534,1,2,Powell
-5.2,False,84,13,534,1,2,Powell
-5.4,False,84,13,534,1,2,Powell
-5.6,False,84,13,534,1,2,Powell
-5.8,False,84,13,534,1,2,Powell
-6.0,False,84,13,534,1,2,Powell
-6.2,False,84,13,534,1,2,Powell
-6.4,False,84,13,534,1,2,Powell
-6.6,False,84,13,534,1,2,Powell
-6.8,False,84,13,534,1,2,Powell
-7.0,False,84,13,534,1,2,Powell
-7.2,False,84,13,534,1,2,Powell
-7.4,False,84,13,534,1,2,Powell
-7.6,False,84,13,534,1,2,Powell
-7.8,False,84,13,534,1,2,Powell
-8.0,False,84,13,534,1,2,Powell
2.0,True,10,13,535,1,2,Powell
1.8,True,10,13,535,1,2,Powell
1.6,True,10,13,535,1,2,Powell
1.4,True,12,13,535,1,2,Powell
1.2,True,22,13,535,1,2,Powell
1.0,False,105,13,535,1,2,Powell
0.8,False,105,13,535,1,2,Powell
0.6,False,105,13,535,1,2,Powell
0.4,False,105,13,535,1,2,Powell
0.2,False,105,13,535,1,2,Powell
0.0,False,105,13,535,1,2,Powell
-0.2,False,105,13,535,1,2,Powell
-0.4,False,105,13,535,1,2,Powell
-0.6,False,105,13,535,1,2,Powell
-0.8,False,105,13,535,1,2,Powell
-1.0,False,105,13,535,1,2,Powell
-1.2,False,105,13,535,1,2,Powell
-1.4,False,105,13,535,1,2,Powell
-1.6,False,105,13,535,1,2,Powell
-1.8,False,105,13,535,1,2,Powell
-2.0,False,105,13,535,1,2,Powell
-2.2,False,105,13,535,1,2,Powell
-2.4,False,105,13,535,1,2,Powell
-2.6,False,105,13,535,1,2,Powell
-2.8,False,105,13,535,1,2,Powell
-3.0,False,105,13,535,1,2,Powell
-3.2,False,105,13,535,1,2,Powell
-3.4,False,105,13,535,1,2,Powell
-3.6,False,105,13,535,1,2,Powell
-3.8,False,105,13,535,1,2,Powell
-4.0,False,105,13,535,1,2,Powell
-4.2,False,105,13,535,1,2,Powell
-4.4,False,105,13,535,1,2,Powell
-4.6,False,105,13,535,1,2,Powell
-4.8,False,105,13,535,1,2,Powell
-5.0,False,105,13,535,1,2,Powell
-5.2,False,105,13,535,1,2,Powell
-5.4,False,105,13,535,1,2,Powell
-5.6,False,105,13,535,1,2,Powell
-5.8,False,105,13,535,1,2,Powell
-6.0,False,105,13,535,1,2,Powell
-6.2,False,105,13,535,1,2,Powell
-6.4,False,105,13,535,1,2,Powell
-6.6,False,105,13,535,1,2,Powell
-6.8,False,105,13,535,1,2,Powell
-7.0,False,105,13,535,1,2,Powell
-7.2,False,105,13,535,1,2,Powell
-7.4,False,105,13,535,1,2,Powell
-7.6,False,105,13,535,1,2,Powell
-7.8,False,105,13,535,1,2,Powell
-8.0,False,105,13,535,1,2,Powell
2.0,True,9,13,536,1,2,Powell
1.8,True,11,13,536,1,2,Powell
1.6,True,13,13,536,1,2,Powell
1.4,True,13,13,536,1,2,Powell
1.2,True,15,13,536,1,2,Powell
1.0,False,107,13,536,1,2,Powell
0.8,False,107,13,536,1,2,Powell
0.6,False,107,13,536,1,2,Powell
0.4,False,107,13,536,1,2,Powell
0.2,False,107,13,536,1,2,Powell
0.0,False,107,13,536,1,2,Powell
-0.2,False,107,13,536,1,2,Powell
-0.4,False,107,13,536,1,2,Powell
-0.6,False,107,13,536,1,2,Powell
-0.8,False,107,13,536,1,2,Powell
-1.0,False,107,13,536,1,2,Powell
-1.2,False,107,13,536,1,2,Powell
-1.4,False,107,13,536,1,2,Powell
-1.6,False,107,13,536,1,2,Powell
-1.8,False,107,13,536,1,2,Powell
-2.0,False,107,13,536,1,2,Powell
-2.2,False,107,13,536,1,2,Powell
-2.4,False,107,13,536,1,2,Powell
-2.6,False,107,13,536,1,2,Powell
-2.8,False,107,13,536,1,2,Powell
-3.0,False,107,13,536,1,2,Powell
-3.2,False,107,13,536,1,2,Powell
-3.4,False,107,13,536,1,2,Powell
-3.6,False,107,13,536,1,2,Powell
-3.8,False,107,13,536,1,2,Powell
-4.0,False,107,13,536,1,2,Powell
-4.2,False,107,13,536,1,2,Powell
-4.4,False,107,13,536,1,2,Powell
-4.6,False,107,13,536,1,2,Powell
-4.8,False,107,13,536,1,2,Powell
-5.0,False,107,13,536,1,2,Powell
-5.2,False,107,13,536,1,2,Powell
-5.4,False,107,13,536,1,2,Powell
-5.6,False,107,13,536,1,2,Powell
-5.8,False,107,13,536,1,2,Powell
-6.0,False,107,13,536,1,2,Powell
-6.2,False,107,13,536,1,2,Powell
-6.4,False,107,13,536,1,2,Powell
-6.6,False,107,13,536,1,2,Powell
-6.8,False,107,13,536,1,2,Powell
-7.0,False,107,13,536,1,2,Powell
-7.2,False,107,13,536,1,2,Powell
-7.4,False,107,13,536,1,2,Powell
-7.6,False,107,13,536,1,2,Powell
-7.8,False,107,13,536,1,2,Powell
-8.0,False,107,13,536,1,2,Powell
2.0,True,5,13,537,1,2,Powell
1.8,True,5,13,537,1,2,Powell
1.6,True,5,13,537,1,2,Powell
1.4,True,9,13,537,1,2,Powell
1.2,True,9,13,537,1,2,Powell
1.0,False,91,13,537,1,2,Powell
0.8,False,91,13,537,1,2,Powell
0.6,False,91,13,537,1,2,Powell
0.4,False,91,13,537,1,2,Powell
0.2,False,91,13,537,1,2,Powell
0.0,False,91,13,537,1,2,Powell
-0.2,False,91,13,537,1,2,Powell
-0.4,False,91,13,537,1,2,Powell
-0.6,False,91,13,537,1,2,Powell
-0.8,False,91,13,537,1,2,Powell
-1.0,False,91,13,537,1,2,Powell
-1.2,False,91,13,537,1,2,Powell
-1.4,False,91,13,537,1,2,Powell
-1.6,False,91,13,537,1,2,Powell
-1.8,False,91,13,537,1,2,Powell
-2.0,False,91,13,537,1,2,Powell
-2.2,False,91,13,537,1,2,Powell
-2.4,False,91,13,537,1,2,Powell
-2.6,False,91,13,537,1,2,Powell
-2.8,False,91,13,537,1,2,Powell
-3.0,False,91,13,537,1,2,Powell
-3.2,False,91,13,537,1,2,Powell
-3.4,False,91,13,537,1,2,Powell
-3.6,False,91,13,537,1,2,Powell
-3.8,False,91,13,537,1,2,Powell
-4.0,False,91,13,537,1,2,Powell
-4.2,False,91,13,537,1,2,Powell
-4.4,False,91,13,537,1,2,Powell
-4.6,False,91,13,537,1,2,Powell
-4.8,False,91,13,537,1,2,Powell
-5.0,False,91,13,537,1,2,Powell
-5.2,False,91,13,537,1,2,Powell
-5.4,False,91,13,537,1,2,Powell
-5.6,False,91,13,537,1,2,Powell
-5.8,False,91,13,537,1,2,Powell
-6.0,False,91,13,537,1,2,Powell
-6.2,False,91,13,537,1,2,Powell
-6.4,False,91,13,537,1,2,Powell
-6.6,False,91,13,537,1,2,Powell
-6.8,False,91,13,537,1,2,Powell
-7.0,False,91,13,537,1,2,Powell
-7.2,False,91,13,537,1,2,Powell
-7.4,False,91,13,537,1,2,Powell
-7.6,False,91,13,537,1,2,Powell
-7.8,False,91,13,537,1,2,Powell
-8.0,False,91,13,537,1,2,Powell
2.0,False,75,13,538,1,2,Powell
1.8,False,75,13,538,1,2,Powell
1.6,False,75,13,538,1,2,Powell
1.4,False,75,13,538,1,2,Powell
1.2,False,75,13,538,1,2,Powell
1.0,False,75,13,538,1,2,Powell
0.8,False,75,13,538,1,2,Powell
0.6,False,75,13,538,1,2,Powell
0.4,False,75,13,538,1,2,Powell
0.2,False,75,13,538,1,2,Powell
0.0,False,75,13,538,1,2,Powell
-0.2,False,75,13,538,1,2,Powell
-0.4,False,75,13,538,1,2,Powell
-0.6,False,75,13,538,1,2,Powell
-0.8,False,75,13,538,1,2,Powell
-1.0,False,75,13,538,1,2,Powell
-1.2,False,75,13,538,1,2,Powell
-1.4,False,75,13,538,1,2,Powell
-1.6,False,75,13,538,1,2,Powell
-1.8,False,75,13,538,1,2,Powell
-2.0,False,75,13,538,1,2,Powell
-2.2,False,75,13,538,1,2,Powell
-2.4,False,75,13,538,1,2,Powell
-2.6,False,75,13,538,1,2,Powell
-2.8,False,75,13,538,1,2,Powell
-3.0,False,75,13,538,1,2,Powell
-3.2,False,75,13,538,1,2,Powell
-3.4,False,75,13,538,1,2,Powell
-3.6,False,75,13,538,1,2,Powell
-3.8,False,75,13,538,1,2,Powell
-4.0,False,75,13,538,1,2,Powell
-4.2,False,75,13,538,1,2,Powell
-4.4,False,75,13,538,1,2,Powell
-4.6,False,75,13,538,1,2,Powell
-4.8,False,75,13,538,1,2,Powell
-5.0,False,75,13,538,1,2,Powell
-5.2,False,75,13,538,1,2,Powell
-5.4,False,75,13,538,1,2,Powell
-5.6,False,75,13,538,1,2,Powell
-5.8,False,75,13,538,1,2,Powell
-6.0,False,75,13,538,1,2,Powell
-6.2,False,75,13,538,1,2,Powell
-6.4,False,75,13,538,1,2,Powell
-6.6,False,75,13,538,1,2,Powell
-6.8,False,75,13,538,1,2,Powell
-7.0,False,75,13,538,1,2,Powell
-7.2,False,75,13,538,1,2,Powell
-7.4,False,75,13,538,1,2,Powell
-7.6,False,75,13,538,1,2,Powell
-7.8,False,75,13,538,1,2,Powell
-8.0,False,75,13,538,1,2,Powell
2.0,True,4,13,539,1,2,Powell
1.8,True,4,13,539,1,2,Powell
1.6,True,4,13,539,1,2,Powell
1.4,True,12,13,539,1,2,Powell
1.2,True,12,13,539,1,2,Powell
1.0,False,105,13,539,1,2,Powell
0.8,False,105,13,539,1,2,Powell
0.6,False,105,13,539,1,2,Powell
0.4,False,105,13,539,1,2,Powell
0.2,False,105,13,539,1,2,Powell
0.0,False,105,13,539,1,2,Powell
-0.2,False,105,13,539,1,2,Powell
-0.4,False,105,13,539,1,2,Powell
-0.6,False,105,13,539,1,2,Powell
-0.8,False,105,13,539,1,2,Powell
-1.0,False,105,13,539,1,2,Powell
-1.2,False,105,13,539,1,2,Powell
-1.4,False,105,13,539,1,2,Powell
-1.6,False,105,13,539,1,2,Powell
-1.8,False,105,13,539,1,2,Powell
-2.0,False,105,13,539,1,2,Powell
-2.2,False,105,13,539,1,2,Powell
-2.4,False,105,13,539,1,2,Powell
-2.6,False,105,13,539,1,2,Powell
-2.8,False,105,13,539,1,2,Powell
-3.0,False,105,13,539,1,2,Powell
-3.2,False,105,13,539,1,2,Powell
-3.4,False,105,13,539,1,2,Powell
-3.6,False,105,13,539,1,2,Powell
-3.8,False,105,13,539,1,2,Powell
-4.0,False,105,13,539,1,2,Powell
-4.2,False,105,13,539,1,2,Powell
-4.4,False,105,13,539,1,2,Powell
-4.6,False,105,13,539,1,2,Powell
-4.8,False,105,13,539,1,2,Powell
-5.0,False,105,13,539,1,2,Powell
-5.2,False,105,13,539,1,2,Powell
-5.4,False,105,13,539,1,2,Powell
-5.6,False,105,13,539,1,2,Powell
-5.8,False,105,13,539,1,2,Powell
-6.0,False,105,13,539,1,2,Powell
-6.2,False,105,13,539,1,2,Powell
-6.4,False,105,13,539,1,2,Powell
-6.6,False,105,13,539,1,2,Powell
-6.8,False,105,13,539,1,2,Powell
-7.0,False,105,13,539,1,2,Powell
-7.2,False,105,13,539,1,2,Powell
-7.4,False,105,13,539,1,2,Powell
-7.6,False,105,13,539,1,2,Powell
-7.8,False,105,13,539,1,2,Powell
-8.0,False,105,13,539,1,2,Powell
2.0,True,9,13,540,1,2,Powell
1.8,True,9,13,540,1,2,Powell
1.6,True,11,13,540,1,2,Powell
1.4,True,11,13,540,1,2,Powell
1.2,False,79,13,540,1,2,Powell
1.0,False,79,13,540,1,2,Powell
0.8,False,79,13,540,1,2,Powell
0.6,False,79,13,540,1,2,Powell
0.4,False,79,13,540,1,2,Powell
0.2,False,79,13,540,1,2,Powell
0.0,False,79,13,540,1,2,Powell
-0.2,False,79,13,540,1,2,Powell
-0.4,False,79,13,540,1,2,Powell
-0.6,False,79,13,540,1,2,Powell
-0.8,False,79,13,540,1,2,Powell
-1.0,False,79,13,540,1,2,Powell
-1.2,False,79,13,540,1,2,Powell
-1.4,False,79,13,540,1,2,Powell
-1.6,False,79,13,540,1,2,Powell
-1.8,False,79,13,540,1,2,Powell
-2.0,False,79,13,540,1,2,Powell
-2.2,False,79,13,540,1,2,Powell
-2.4,False,79,13,540,1,2,Powell
-2.6,False,79,13,540,1,2,Powell
-2.8,False,79,13,540,1,2,Powell
-3.0,False,79,13,540,1,2,Powell
-3.2,False,79,13,540,1,2,Powell
-3.4,False,79,13,540,1,2,Powell
-3.6,False,79,13,540,1,2,Powell
-3.8,False,79,13,540,1,2,Powell
-4.0,False,79,13,540,1,2,Powell
-4.2,False,79,13,540,1,2,Powell
-4.4,False,79,13,540,1,2,Powell
-4.6,False,79,13,540,1,2,Powell
-4.8,False,79,13,540,1,2,Powell
-5.0,False,79,13,540,1,2,Powell
-5.2,False,79,13,540,1,2,Powell
-5.4,False,79,13,540,1,2,Powell
-5.6,False,79,13,540,1,2,Powell
-5.8,False,79,13,540,1,2,Powell
-6.0,False,79,13,540,1,2,Powell
-6.2,False,79,13,540,1,2,Powell
-6.4,False,79,13,540,1,2,Powell
-6.6,False,79,13,540,1,2,Powell
-6.8,False,79,13,540,1,2,Powell
-7.0,False,79,13,540,1,2,Powell
-7.2,False,79,13,540,1,2,Powell
-7.4,False,79,13,540,1,2,Powell
-7.6,False,79,13,540,1,2,Powell
-7.8,False,79,13,540,1,2,Powell
-8.0,False,79,13,540,1,2,Powell
2.0,True,4,13,541,1,2,Powell
1.8,True,4,13,541,1,2,Powell
1.6,True,9,13,541,1,2,Powell
1.4,True,9,13,541,1,2,Powell
1.2,True,11,13,541,1,2,Powell
1.0,True,11,13,541,1,2,Powell
0.8,True,11,13,541,1,2,Powell
0.6,False,77,13,541,1,2,Powell
0.4,False,77,13,541,1,2,Powell
0.2,False,77,13,541,1,2,Powell
0.0,False,77,13,541,1,2,Powell
-0.2,False,77,13,541,1,2,Powell
-0.4,False,77,13,541,1,2,Powell
-0.6,False,77,13,541,1,2,Powell
-0.8,False,77,13,541,1,2,Powell
-1.0,False,77,13,541,1,2,Powell
-1.2,False,77,13,541,1,2,Powell
-1.4,False,77,13,541,1,2,Powell
-1.6,False,77,13,541,1,2,Powell
-1.8,False,77,13,541,1,2,Powell
-2.0,False,77,13,541,1,2,Powell
-2.2,False,77,13,541,1,2,Powell
-2.4,False,77,13,541,1,2,Powell
-2.6,False,77,13,541,1,2,Powell
-2.8,False,77,13,541,1,2,Powell
-3.0,False,77,13,541,1,2,Powell
-3.2,False,77,13,541,1,2,Powell
-3.4,False,77,13,541,1,2,Powell
-3.6,False,77,13,541,1,2,Powell
-3.8,False,77,13,541,1,2,Powell
-4.0,False,77,13,541,1,2,Powell
-4.2,False,77,13,541,1,2,Powell
-4.4,False,77,13,541,1,2,Powell
-4.6,False,77,13,541,1,2,Powell
-4.8,False,77,13,541,1,2,Powell
-5.0,False,77,13,541,1,2,Powell
-5.2,False,77,13,541,1,2,Powell
-5.4,False,77,13,541,1,2,Powell
-5.6,False,77,13,541,1,2,Powell
-5.8,False,77,13,541,1,2,Powell
-6.0,False,77,13,541,1,2,Powell
-6.2,False,77,13,541,1,2,Powell
-6.4,False,77,13,541,1,2,Powell
-6.6,False,77,13,541,1,2,Powell
-6.8,False,77,13,541,1,2,Powell
-7.0,False,77,13,541,1,2,Powell
-7.2,False,77,13,541,1,2,Powell
-7.4,False,77,13,541,1,2,Powell
-7.6,False,77,13,541,1,2,Powell
-7.8,False,77,13,541,1,2,Powell
-8.0,False,77,13,541,1,2,Powell
2.0,True,4,13,542,1,2,Powell
1.8,True,4,13,542,1,2,Powell
1.6,True,4,13,542,1,2,Powell
1.4,True,4,13,542,1,2,Powell
1.2,True,12,13,542,1,2,Powell
1.0,True,22,13,542,1,2,Powell
0.8,False,105,13,542,1,2,Powell
0.6,False,105,13,542,1,2,Powell
0.4,False,105,13,542,1,2,Powell
0.2,False,105,13,542,1,2,Powell
0.0,False,105,13,542,1,2,Powell
-0.2,False,105,13,542,1,2,Powell
-0.4,False,105,13,542,1,2,Powell
-0.6,False,105,13,542,1,2,Powell
-0.8,False,105,13,542,1,2,Powell
-1.0,False,105,13,542,1,2,Powell
-1.2,False,105,13,542,1,2,Powell
-1.4,False,105,13,542,1,2,Powell
-1.6,False,105,13,542,1,2,Powell
-1.8,False,105,13,542,1,2,Powell
-2.0,False,105,13,542,1,2,Powell
-2.2,False,105,13,542,1,2,Powell
-2.4,False,105,13,542,1,2,Powell
-2.6,False,105,13,542,1,2,Powell
-2.8,False,105,13,542,1,2,Powell
-3.0,False,105,13,542,1,2,Powell
-3.2,False,105,13,542,1,2,Powell
-3.4,False,105,13,542,1,2,Powell
-3.6,False,105,13,542,1,2,Powell
-3.8,False,105,13,542,1,2,Powell
-4.0,False,105,13,542,1,2,Powell
-4.2,False,105,13,542,1,2,Powell
-4.4,False,105,13,542,1,2,Powell
-4.6,False,105,13,542,1,2,Powell
-4.8,False,105,13,542,1,2,Powell
-5.0,False,105,13,542,1,2,Powell
-5.2,False,105,13,542,1,2,Powell
-5.4,False,105,13,542,1,2,Powell
-5.6,False,105,13,542,1,2,Powell
-5.8,False,105,13,542,1,2,Powell
-6.0,False,105,13,542,1,2,Powell
-6.2,False,105,13,542,1,2,Powell
-6.4,False,105,13,542,1,2,Powell
-6.6,False,105,13,542,1,2,Powell
-6.8,False,105,13,542,1,2,Powell
-7.0,False,105,13,542,1,2,Powell
-7.2,False,105,13,542,1,2,Powell
-7.4,False,105,13,542,1,2,Powell
-7.6,False,105,13,542,1,2,Powell
-7.8,False,105,13,542,1,2,Powell
-8.0,False,105,13,542,1,2,Powell
2.0,True,4,13,543,1,2,Powell
1.8,True,8,13,543,1,2,Powell
1.6,True,8,13,543,1,2,Powell
1.4,True,8,13,543,1,2,Powell
1.2,True,8,13,543,1,2,Powell
1.0,True,8,13,543,1,2,Powell
0.8,True,8,13,543,1,2,Powell
0.6,True,18,13,543,1,2,Powell
0.4,True,20,13,543,1,2,Powell
0.2,False,92,13,543,1,2,Powell
0.0,False,92,13,543,1,2,Powell
-0.2,False,92,13,543,1,2,Powell
-0.4,False,92,13,543,1,2,Powell
-0.6,False,92,13,543,1,2,Powell
-0.8,False,92,13,543,1,2,Powell
-1.0,False,92,13,543,1,2,Powell
-1.2,False,92,13,543,1,2,Powell
-1.4,False,92,13,543,1,2,Powell
-1.6,False,92,13,543,1,2,Powell
-1.8,False,92,13,543,1,2,Powell
-2.0,False,92,13,543,1,2,Powell
-2.2,False,92,13,543,1,2,Powell
-2.4,False,92,13,543,1,2,Powell
-2.6,False,92,13,543,1,2,Powell
-2.8,False,92,13,543,1,2,Powell
-3.0,False,92,13,543,1,2,Powell
-3.2,False,92,13,543,1,2,Powell
-3.4,False,92,13,543,1,2,Powell
-3.6,False,92,13,543,1,2,Powell
-3.8,False,92,13,543,1,2,Powell
-4.0,False,92,13,543,1,2,Powell
-4.2,False,92,13,543,1,2,Powell
-4.4,False,92,13,543,1,2,Powell
-4.6,False,92,13,543,1,2,Powell
-4.8,False,92,13,543,1,2,Powell
-5.0,False,92,13,543,1,2,Powell
-5.2,False,92,13,543,1,2,Powell
-5.4,False,92,13,543,1,2,Powell
-5.6,False,92,13,543,1,2,Powell
-5.8,False,92,13,543,1,2,Powell
-6.0,False,92,13,543,1,2,Powell
-6.2,False,92,13,543,1,2,Powell
-6.4,False,92,13,543,1,2,Powell
-6.6,False,92,13,543,1,2,Powell
-6.8,False,92,13,543,1,2,Powell
-7.0,False,92,13,543,1,2,Powell
-7.2,False,92,13,543,1,2,Powell
-7.4,False,92,13,543,1,2,Powell
-7.6,False,92,13,543,1,2,Powell
-7.8,False,92,13,543,1,2,Powell
-8.0,False,92,13,543,1,2,Powell
2.0,True,11,13,544,1,2,Powell
1.8,True,11,13,544,1,2,Powell
1.6,True,13,13,544,1,2,Powell
1.4,True,16,13,544,1,2,Powell
1.2,True,16,13,544,1,2,Powell
1.0,True,16,13,544,1,2,Powell
0.8,True,16,13,544,1,2,Powell
0.6,False,111,13,544,1,2,Powell
0.4,False,111,13,544,1,2,Powell
0.2,False,111,13,544,1,2,Powell
0.0,False,111,13,544,1,2,Powell
-0.2,False,111,13,544,1,2,Powell
-0.4,False,111,13,544,1,2,Powell
-0.6,False,111,13,544,1,2,Powell
-0.8,False,111,13,544,1,2,Powell
-1.0,False,111,13,544,1,2,Powell
-1.2,False,111,13,544,1,2,Powell
-1.4,False,111,13,544,1,2,Powell
-1.6,False,111,13,544,1,2,Powell
-1.8,False,111,13,544,1,2,Powell
-2.0,False,111,13,544,1,2,Powell
-2.2,False,111,13,544,1,2,Powell
-2.4,False,111,13,544,1,2,Powell
-2.6,False,111,13,544,1,2,Powell
-2.8,False,111,13,544,1,2,Powell
-3.0,False,111,13,544,1,2,Powell
-3.2,False,111,13,544,1,2,Powell
-3.4,False,111,13,544,1,2,Powell
-3.6,False,111,13,544,1,2,Powell
-3.8,False,111,13,544,1,2,Powell
-4.0,False,111,13,544,1,2,Powell
-4.2,False,111,13,544,1,2,Powell
-4.4,False,111,13,544,1,2,Powell
-4.6,False,111,13,544,1,2,Powell
-4.8,False,111,13,544,1,2,Powell
-5.0,False,111,13,544,1,2,Powell
-5.2,False,111,13,544,1,2,Powell
-5.4,False,111,13,544,1,2,Powell
-5.6,False,111,13,544,1,2,Powell
-5.8,False,111,13,544,1,2,Powell
-6.0,False,111,13,544,1,2,Powell
-6.2,False,111,13,544,1,2,Powell
-6.4,False,111,13,544,1,2,Powell
-6.6,False,111,13,544,1,2,Powell
-6.8,False,111,13,544,1,2,Powell
-7.0,False,111,13,544,1,2,Powell
-7.2,False,111,13,544,1,2,Powell
-7.4,False,111,13,544,1,2,Powell
-7.6,False,111,13,544,1,2,Powell
-7.8,False,111,13,544,1,2,Powell
-8.0,False,111,13,544,1,2,Powell
2.0,True,9,13,545,1,2,Powell
1.8,True,9,13,545,1,2,Powell
1.6,True,10,13,545,1,2,Powell
1.4,True,10,13,545,1,2,Powell
1.2,True,10,13,545,1,2,Powell
1.0,True,21,13,545,1,2,Powell
0.8,False,101,13,545,1,2,Powell
0.6,False,101,13,545,1,2,Powell
0.4,False,101,13,545,1,2,Powell
0.2,False,101,13,545,1,2,Powell
0.0,False,101,13,545,1,2,Powell
-0.2,False,101,13,545,1,2,Powell
-0.4,False,101,13,545,1,2,Powell
-0.6,False,101,13,545,1,2,Powell
-0.8,False,101,13,545,1,2,Powell
-1.0,False,101,13,545,1,2,Powell
-1.2,False,101,13,545,1,2,Powell
-1.4,False,101,13,545,1,2,Powell
-1.6,False,101,13,545,1,2,Powell
-1.8,False,101,13,545,1,2,Powell
-2.0,False,101,13,545,1,2,Powell
-2.2,False,101,13,545,1,2,Powell
-2.4,False,101,13,545,1,2,Powell
-2.6,False,101,13,545,1,2,Powell
-2.8,False,101,13,545,1,2,Powell
-3.0,False,101,13,545,1,2,Powell
-3.2,False,101,13,545,1,2,Powell
-3.4,False,101,13,545,1,2,Powell
-3.6,False,101,13,545,1,2,Powell
-3.8,False,101,13,545,1,2,Powell
-4.0,False,101,13,545,1,2,Powell
-4.2,False,101,13,545,1,2,Powell
-4.4,False,101,13,545,1,2,Powell
-4.6,False,101,13,545,1,2,Powell
-4.8,False,101,13,545,1,2,Powell
-5.0,False,101,13,545,1,2,Powell
-5.2,False,101,13,545,1,2,Powell
-5.4,False,101,13,545,1,2,Powell
-5.6,False,101,13,545,1,2,Powell
-5.8,False,101,13,545,1,2,Powell
-6.0,False,101,13,545,1,2,Powell
-6.2,False,101,13,545,1,2,Powell
-6.4,False,101,13,545,1,2,Powell
-6.6,False,101,13,545,1,2,Powell
-6.8,False,101,13,545,1,2,Powell
-7.0,False,101,13,545,1,2,Powell
-7.2,False,101,13,545,1,2,Powell
-7.4,False,101,13,545,1,2,Powell
-7.6,False,101,13,545,1,2,Powell
-7.8,False,101,13,545,1,2,Powell
-8.0,False,101,13,545,1,2,Powell
2.0,True,9,13,546,1,2,Powell
1.8,True,10,13,546,1,2,Powell
1.6,False,85,13,546,1,2,Powell
1.4,False,85,13,546,1,2,Powell
1.2,False,85,13,546,1,2,Powell
1.0,False,85,13,546,1,2,Powell
0.8,False,85,13,546,1,2,Powell
0.6,False,85,13,546,1,2,Powell
0.4,False,85,13,546,1,2,Powell
0.2,False,85,13,546,1,2,Powell
0.0,False,85,13,546,1,2,Powell
-0.2,False,85,13,546,1,2,Powell
-0.4,False,85,13,546,1,2,Powell
-0.6,False,85,13,546,1,2,Powell
-0.8,False,85,13,546,1,2,Powell
-1.0,False,85,13,546,1,2,Powell
-1.2,False,85,13,546,1,2,Powell
-1.4,False,85,13,546,1,2,Powell
-1.6,False,85,13,546,1,2,Powell
-1.8,False,85,13,546,1,2,Powell
-2.0,False,85,13,546,1,2,Powell
-2.2,False,85,13,546,1,2,Powell
-2.4,False,85,13,546,1,2,Powell
-2.6,False,85,13,546,1,2,Powell
-2.8,False,85,13,546,1,2,Powell
-3.0,False,85,13,546,1,2,Powell
-3.2,False,85,13,546,1,2,Powell
-3.4,False,85,13,546,1,2,Powell
-3.6,False,85,13,546,1,2,Powell
-3.8,False,85,13,546,1,2,Powell
-4.0,False,85,13,546,1,2,Powell
-4.2,False,85,13,546,1,2,Powell
-4.4,False,85,13,546,1,2,Powell
-4.6,False,85,13,546,1,2,Powell
-4.8,False,85,13,546,1,2,Powell
-5.0,False,85,13,546,1,2,Powell
-5.2,False,85,13,546,1,2,Powell
-5.4,False,85,13,546,1,2,Powell
-5.6,False,85,13,546,1,2,Powell
-5.8,False,85,13,546,1,2,Powell
-6.0,False,85,13,546,1,2,Powell
-6.2,False,85,13,546,1,2,Powell
-6.4,False,85,13,546,1,2,Powell
-6.6,False,85,13,546,1,2,Powell
-6.8,False,85,13,546,1,2,Powell
-7.0,False,85,13,546,1,2,Powell
-7.2,False,85,13,546,1,2,Powell
-7.4,False,85,13,546,1,2,Powell
-7.6,False,85,13,546,1,2,Powell
-7.8,False,85,13,546,1,2,Powell
-8.0,False,85,13,546,1,2,Powell
2.0,True,11,13,547,1,2,Powell
1.8,True,12,13,547,1,2,Powell
1.6,True,12,13,547,1,2,Powell
1.4,True,12,13,547,1,2,Powell
1.2,True,14,13,547,1,2,Powell
1.0,True,14,13,547,1,2,Powell
0.8,True,14,13,547,1,2,Powell
0.6,True,14,13,547,1,2,Powell
0.4,True,14,13,547,1,2,Powell
0.2,True,25,13,547,1,2,Powell
0.0,True,25,13,547,1,2,Powell
-0.2,True,25,13,547,1,2,Powell
-0.4,True,25,13,547,1,2,Powell
-0.6,True,25,13,547,1,2,Powell
-0.8,True,25,13,547,1,2,Powell
-1.0,True,29,13,547,1,2,Powell
-1.2,True,30,13,547,1,2,Powell
-1.4,False,84,13,547,1,2,Powell
-1.6,False,84,13,547,1,2,Powell
-1.8,False,84,13,547,1,2,Powell
-2.0,False,84,13,547,1,2,Powell
-2.2,False,84,13,547,1,2,Powell
-2.4,False,84,13,547,1,2,Powell
-2.6,False,84,13,547,1,2,Powell
-2.8,False,84,13,547,1,2,Powell
-3.0,False,84,13,547,1,2,Powell
-3.2,False,84,13,547,1,2,Powell
-3.4,False,84,13,547,1,2,Powell
-3.6,False,84,13,547,1,2,Powell
-3.8,False,84,13,547,1,2,Powell
-4.0,False,84,13,547,1,2,Powell
-4.2,False,84,13,547,1,2,Powell
-4.4,False,84,13,547,1,2,Powell
-4.6,False,84,13,547,1,2,Powell
-4.8,False,84,13,547,1,2,Powell
-5.0,False,84,13,547,1,2,Powell
-5.2,False,84,13,547,1,2,Powell
-5.4,False,84,13,547,1,2,Powell
-5.6,False,84,13,547,1,2,Powell
-5.8,False,84,13,547,1,2,Powell
-6.0,False,84,13,547,1,2,Powell
-6.2,False,84,13,547,1,2,Powell
-6.4,False,84,13,547,1,2,Powell
-6.6,False,84,13,547,1,2,Powell
-6.8,False,84,13,547,1,2,Powell
-7.0,False,84,13,547,1,2,Powell
-7.2,False,84,13,547,1,2,Powell
-7.4,False,84,13,547,1,2,Powell
-7.6,False,84,13,547,1,2,Powell
-7.8,False,84,13,547,1,2,Powell
-8.0,False,84,13,547,1,2,Powell
2.0,False,104,13,548,1,2,Powell
1.8,False,104,13,548,1,2,Powell
1.6,False,104,13,548,1,2,Powell
1.4,False,104,13,548,1,2,Powell
1.2,False,104,13,548,1,2,Powell
1.0,False,104,13,548,1,2,Powell
0.8,False,104,13,548,1,2,Powell
0.6,False,104,13,548,1,2,Powell
0.4,False,104,13,548,1,2,Powell
0.2,False,104,13,548,1,2,Powell
0.0,False,104,13,548,1,2,Powell
-0.2,False,104,13,548,1,2,Powell
-0.4,False,104,13,548,1,2,Powell
-0.6,False,104,13,548,1,2,Powell
-0.8,False,104,13,548,1,2,Powell
-1.0,False,104,13,548,1,2,Powell
-1.2,False,104,13,548,1,2,Powell
-1.4,False,104,13,548,1,2,Powell
-1.6,False,104,13,548,1,2,Powell
-1.8,False,104,13,548,1,2,Powell
-2.0,False,104,13,548,1,2,Powell
-2.2,False,104,13,548,1,2,Powell
-2.4,False,104,13,548,1,2,Powell
-2.6,False,104,13,548,1,2,Powell
-2.8,False,104,13,548,1,2,Powell
-3.0,False,104,13,548,1,2,Powell
-3.2,False,104,13,548,1,2,Powell
-3.4,False,104,13,548,1,2,Powell
-3.6,False,104,13,548,1,2,Powell
-3.8,False,104,13,548,1,2,Powell
-4.0,False,104,13,548,1,2,Powell
-4.2,False,104,13,548,1,2,Powell
-4.4,False,104,13,548,1,2,Powell
-4.6,False,104,13,548,1,2,Powell
-4.8,False,104,13,548,1,2,Powell
-5.0,False,104,13,548,1,2,Powell
-5.2,False,104,13,548,1,2,Powell
-5.4,False,104,13,548,1,2,Powell
-5.6,False,104,13,548,1,2,Powell
-5.8,False,104,13,548,1,2,Powell
-6.0,False,104,13,548,1,2,Powell
-6.2,False,104,13,548,1,2,Powell
-6.4,False,104,13,548,1,2,Powell
-6.6,False,104,13,548,1,2,Powell
-6.8,False,104,13,548,1,2,Powell
-7.0,False,104,13,548,1,2,Powell
-7.2,False,104,13,548,1,2,Powell
-7.4,False,104,13,548,1,2,Powell
-7.6,False,104,13,548,1,2,Powell
-7.8,False,104,13,548,1,2,Powell
-8.0,False,104,13,548,1,2,Powell
2.0,True,10,13,549,1,2,Powell
1.8,True,12,13,549,1,2,Powell
1.6,True,12,13,549,1,2,Powell
1.4,True,15,13,549,1,2,Powell
1.2,True,15,13,549,1,2,Powell
1.0,False,84,13,549,1,2,Powell
0.8,False,84,13,549,1,2,Powell
0.6,False,84,13,549,1,2,Powell
0.4,False,84,13,549,1,2,Powell
0.2,False,84,13,549,1,2,Powell
0.0,False,84,13,549,1,2,Powell
-0.2,False,84,13,549,1,2,Powell
-0.4,False,84,13,549,1,2,Powell
-0.6,False,84,13,549,1,2,Powell
-0.8,False,84,13,549,1,2,Powell
-1.0,False,84,13,549,1,2,Powell
-1.2,False,84,13,549,1,2,Powell
-1.4,False,84,13,549,1,2,Powell
-1.6,False,84,13,549,1,2,Powell
-1.8,False,84,13,549,1,2,Powell
-2.0,False,84,13,549,1,2,Powell
-2.2,False,84,13,549,1,2,Powell
-2.4,False,84,13,549,1,2,Powell
-2.6,False,84,13,549,1,2,Powell
-2.8,False,84,13,549,1,2,Powell
-3.0,False,84,13,549,1,2,Powell
-3.2,False,84,13,549,1,2,Powell
-3.4,False,84,13,549,1,2,Powell
-3.6,False,84,13,549,1,2,Powell
-3.8,False,84,13,549,1,2,Powell
-4.0,False,84,13,549,1,2,Powell
-4.2,False,84,13,549,1,2,Powell
-4.4,False,84,13,549,1,2,Powell
-4.6,False,84,13,549,1,2,Powell
-4.8,False,84,13,549,1,2,Powell
-5.0,False,84,13,549,1,2,Powell
-5.2,False,84,13,549,1,2,Powell
-5.4,False,84,13,549,1,2,Powell
-5.6,False,84,13,549,1,2,Powell
-5.8,False,84,13,549,1,2,Powell
-6.0,False,84,13,549,1,2,Powell
-6.2,False,84,13,549,1,2,Powell
-6.4,False,84,13,549,1,2,Powell
-6.6,False,84,13,549,1,2,Powell
-6.8,False,84,13,549,1,2,Powell
-7.0,False,84,13,549,1,2,Powell
-7.2,False,84,13,549,1,2,Powell
-7.4,False,84,13,549,1,2,Powell
-7.6,False,84,13,549,1,2,Powell
-7.8,False,84,13,549,1,2,Powell
-8.0,False,84,13,549,1,2,Powell
2.0,True,4,13,550,1,2,Powell
1.8,True,7,13,550,1,2,Powell
1.6,True,7,13,550,1,2,Powell
1.4,True,7,13,550,1,2,Powell
1.2,True,7,13,550,1,2,Powell
1.0,True,7,13,550,1,2,Powell
0.8,True,8,13,550,1,2,Powell
0.6,True,8,13,550,1,2,Powell
0.4,True,8,13,550,1,2,Powell
0.2,True,20,13,550,1,2,Powell
0.0,True,22,13,550,1,2,Powell
-0.2,True,23,13,550,1,2,Powell
-0.4,False,79,13,550,1,2,Powell
-0.6,False,79,13,550,1,2,Powell
-0.8,False,79,13,550,1,2,Powell
-1.0,False,79,13,550,1,2,Powell
-1.2,False,79,13,550,1,2,Powell
-1.4,False,79,13,550,1,2,Powell
-1.6,False,79,13,550,1,2,Powell
-1.8,False,79,13,550,1,2,Powell
-2.0,False,79,13,550,1,2,Powell
-2.2,False,79,13,550,1,2,Powell
-2.4,False,79,13,550,1,2,Powell
-2.6,False,79,13,550,1,2,Powell
-2.8,False,79,13,550,1,2,Powell
-3.0,False,79,13,550,1,2,Powell
-3.2,False,79,13,550,1,2,Powell
-3.4,False,79,13,550,1,2,Powell
-3.6,False,79,13,550,1,2,Powell
-3.8,False,79,13,550,1,2,Powell
-4.0,False,79,13,550,1,2,Powell
-4.2,False,79,13,550,1,2,Powell
-4.4,False,79,13,550,1,2,Powell
-4.6,False,79,13,550,1,2,Powell
-4.8,False,79,13,550,1,2,Powell
-5.0,False,79,13,550,1,2,Powell
-5.2,False,79,13,550,1,2,Powell
-5.4,False,79,13,550,1,2,Powell
-5.6,False,79,13,550,1,2,Powell
-5.8,False,79,13,550,1,2,Powell
-6.0,False,79,13,550,1,2,Powell
-6.2,False,79,13,550,1,2,Powell
-6.4,False,79,13,550,1,2,Powell
-6.6,False,79,13,550,1,2,Powell
-6.8,False,79,13,550,1,2,Powell
-7.0,False,79,13,550,1,2,Powell
-7.2,False,79,13,550,1,2,Powell
-7.4,False,79,13,550,1,2,Powell
-7.6,False,79,13,550,1,2,Powell
-7.8,False,79,13,550,1,2,Powell
-8.0,False,79,13,550,1,2,Powell
2.0,True,8,13,551,1,2,Powell
1.8,True,21,13,551,1,2,Powell
1.6,True,26,13,551,1,2,Powell
1.4,True,27,13,551,1,2,Powell
1.2,True,29,13,551,1,2,Powell
1.0,False,168,13,551,1,2,Powell
0.8,False,168,13,551,1,2,Powell
0.6,False,168,13,551,1,2,Powell
0.4,False,168,13,551,1,2,Powell
0.2,False,168,13,551,1,2,Powell
0.0,False,168,13,551,1,2,Powell
-0.2,False,168,13,551,1,2,Powell
-0.4,False,168,13,551,1,2,Powell
-0.6,False,168,13,551,1,2,Powell
-0.8,False,168,13,551,1,2,Powell
-1.0,False,168,13,551,1,2,Powell
-1.2,False,168,13,551,1,2,Powell
-1.4,False,168,13,551,1,2,Powell
-1.6,False,168,13,551,1,2,Powell
-1.8,False,168,13,551,1,2,Powell
-2.0,False,168,13,551,1,2,Powell
-2.2,False,168,13,551,1,2,Powell
-2.4,False,168,13,551,1,2,Powell
-2.6,False,168,13,551,1,2,Powell
-2.8,False,168,13,551,1,2,Powell
-3.0,False,168,13,551,1,2,Powell
-3.2,False,168,13,551,1,2,Powell
-3.4,False,168,13,551,1,2,Powell
-3.6,False,168,13,551,1,2,Powell
-3.8,False,168,13,551,1,2,Powell
-4.0,False,168,13,551,1,2,Powell
-4.2,False,168,13,551,1,2,Powell
-4.4,False,168,13,551,1,2,Powell
-4.6,False,168,13,551,1,2,Powell
-4.8,False,168,13,551,1,2,Powell
-5.0,False,168,13,551,1,2,Powell
-5.2,False,168,13,551,1,2,Powell
-5.4,False,168,13,551,1,2,Powell
-5.6,False,168,13,551,1,2,Powell
-5.8,False,168,13,551,1,2,Powell
-6.0,False,168,13,551,1,2,Powell
-6.2,False,168,13,551,1,2,Powell
-6.4,False,168,13,551,1,2,Powell
-6.6,False,168,13,551,1,2,Powell
-6.8,False,168,13,551,1,2,Powell
-7.0,False,168,13,551,1,2,Powell
-7.2,False,168,13,551,1,2,Powell
-7.4,False,168,13,551,1,2,Powell
-7.6,False,168,13,551,1,2,Powell
-7.8,False,168,13,551,1,2,Powell
-8.0,False,168,13,551,1,2,Powell
2.0,True,4,13,552,1,2,Powell
1.8,True,4,13,552,1,2,Powell
1.6,True,4,13,552,1,2,Powell
1.4,True,13,13,552,1,2,Powell
1.2,True,14,13,552,1,2,Powell
1.0,True,14,13,552,1,2,Powell
0.8,True,14,13,552,1,2,Powell
0.6,True,24,13,552,1,2,Powell
0.4,False,83,13,552,1,2,Powell
0.2,False,83,13,552,1,2,Powell
0.0,False,83,13,552,1,2,Powell
-0.2,False,83,13,552,1,2,Powell
-0.4,False,83,13,552,1,2,Powell
-0.6,False,83,13,552,1,2,Powell
-0.8,False,83,13,552,1,2,Powell
-1.0,False,83,13,552,1,2,Powell
-1.2,False,83,13,552,1,2,Powell
-1.4,False,83,13,552,1,2,Powell
-1.6,False,83,13,552,1,2,Powell
-1.8,False,83,13,552,1,2,Powell
-2.0,False,83,13,552,1,2,Powell
-2.2,False,83,13,552,1,2,Powell
-2.4,False,83,13,552,1,2,Powell
-2.6,False,83,13,552,1,2,Powell
-2.8,False,83,13,552,1,2,Powell
-3.0,False,83,13,552,1,2,Powell
-3.2,False,83,13,552,1,2,Powell
-3.4,False,83,13,552,1,2,Powell
-3.6,False,83,13,552,1,2,Powell
-3.8,False,83,13,552,1,2,Powell
-4.0,False,83,13,552,1,2,Powell
-4.2,False,83,13,552,1,2,Powell
-4.4,False,83,13,552,1,2,Powell
-4.6,False,83,13,552,1,2,Powell
-4.8,False,83,13,552,1,2,Powell
-5.0,False,83,13,552,1,2,Powell
-5.2,False,83,13,552,1,2,Powell
-5.4,False,83,13,552,1,2,Powell
-5.6,False,83,13,552,1,2,Powell
-5.8,False,83,13,552,1,2,Powell
-6.0,False,83,13,552,1,2,Powell
-6.2,False,83,13,552,1,2,Powell
-6.4,False,83,13,552,1,2,Powell
-6.6,False,83,13,552,1,2,Powell
-6.8,False,83,13,552,1,2,Powell
-7.0,False,83,13,552,1,2,Powell
-7.2,False,83,13,552,1,2,Powell
-7.4,False,83,13,552,1,2,Powell
-7.6,False,83,13,552,1,2,Powell
-7.8,False,83,13,552,1,2,Powell
-8.0,False,83,13,552,1,2,Powell
2.0,True,8,13,553,1,2,Powell
1.8,True,8,13,553,1,2,Powell
1.6,True,10,13,553,1,2,Powell
1.4,True,11,13,553,1,2,Powell
1.2,True,23,13,553,1,2,Powell
1.0,False,140,13,553,1,2,Powell
0.8,False,140,13,553,1,2,Powell
0.6,False,140,13,553,1,2,Powell
0.4,False,140,13,553,1,2,Powell
0.2,False,140,13,553,1,2,Powell
0.0,False,140,13,553,1,2,Powell
-0.2,False,140,13,553,1,2,Powell
-0.4,False,140,13,553,1,2,Powell
-0.6,False,140,13,553,1,2,Powell
-0.8,False,140,13,553,1,2,Powell
-1.0,False,140,13,553,1,2,Powell
-1.2,False,140,13,553,1,2,Powell
-1.4,False,140,13,553,1,2,Powell
-1.6,False,140,13,553,1,2,Powell
-1.8,False,140,13,553,1,2,Powell
-2.0,False,140,13,553,1,2,Powell
-2.2,False,140,13,553,1,2,Powell
-2.4,False,140,13,553,1,2,Powell
-2.6,False,140,13,553,1,2,Powell
-2.8,False,140,13,553,1,2,Powell
-3.0,False,140,13,553,1,2,Powell
-3.2,False,140,13,553,1,2,Powell
-3.4,False,140,13,553,1,2,Powell
-3.6,False,140,13,553,1,2,Powell
-3.8,False,140,13,553,1,2,Powell
-4.0,False,140,13,553,1,2,Powell
-4.2,False,140,13,553,1,2,Powell
-4.4,False,140,13,553,1,2,Powell
-4.6,False,140,13,553,1,2,Powell
-4.8,False,140,13,553,1,2,Powell
-5.0,False,140,13,553,1,2,Powell
-5.2,False,140,13,553,1,2,Powell
-5.4,False,140,13,553,1,2,Powell
-5.6,False,140,13,553,1,2,Powell
-5.8,False,140,13,553,1,2,Powell
-6.0,False,140,13,553,1,2,Powell
-6.2,False,140,13,553,1,2,Powell
-6.4,False,140,13,553,1,2,Powell
-6.6,False,140,13,553,1,2,Powell
-6.8,False,140,13,553,1,2,Powell
-7.0,False,140,13,553,1,2,Powell
-7.2,False,140,13,553,1,2,Powell
-7.4,False,140,13,553,1,2,Powell
-7.6,False,140,13,553,1,2,Powell
-7.8,False,140,13,553,1,2,Powell
-8.0,False,140,13,553,1,2,Powell
2.0,True,11,13,554,1,2,Powell
1.8,True,11,13,554,1,2,Powell
1.6,True,11,13,554,1,2,Powell
1.4,True,11,13,554,1,2,Powell
1.2,True,11,13,554,1,2,Powell
1.0,True,12,13,554,1,2,Powell
0.8,True,12,13,554,1,2,Powell
0.6,True,12,13,554,1,2,Powell
0.4,True,22,13,554,1,2,Powell
0.2,True,22,13,554,1,2,Powell
0.0,True,22,13,554,1,2,Powell
-0.2,True,22,13,554,1,2,Powell
-0.4,True,24,13,554,1,2,Powell
-0.6,True,24,13,554,1,2,Powell
-0.8,True,24,13,554,1,2,Powell
-1.0,True,26,13,554,1,2,Powell
-1.2,True,26,13,554,1,2,Powell
-1.4,True,26,13,554,1,2,Powell
-1.6,True,28,13,554,1,2,Powell
-1.8,True,28,13,554,1,2,Powell
-2.0,True,28,13,554,1,2,Powell
-2.2,True,45,13,554,1,2,Powell
-2.4,True,45,13,554,1,2,Powell
-2.6,True,45,13,554,1,2,Powell
-2.8,False,78,13,554,1,2,Powell
-3.0,False,78,13,554,1,2,Powell
-3.2,False,78,13,554,1,2,Powell
-3.4,False,78,13,554,1,2,Powell
-3.6,False,78,13,554,1,2,Powell
-3.8,False,78,13,554,1,2,Powell
-4.0,False,78,13,554,1,2,Powell
-4.2,False,78,13,554,1,2,Powell
-4.4,False,78,13,554,1,2,Powell
-4.6,False,78,13,554,1,2,Powell
-4.8,False,78,13,554,1,2,Powell
-5.0,False,78,13,554,1,2,Powell
-5.2,False,78,13,554,1,2,Powell
-5.4,False,78,13,554,1,2,Powell
-5.6,False,78,13,554,1,2,Powell
-5.8,False,78,13,554,1,2,Powell
-6.0,False,78,13,554,1,2,Powell
-6.2,False,78,13,554,1,2,Powell
-6.4,False,78,13,554,1,2,Powell
-6.6,False,78,13,554,1,2,Powell
-6.8,False,78,13,554,1,2,Powell
-7.0,False,78,13,554,1,2,Powell
-7.2,False,78,13,554,1,2,Powell
-7.4,False,78,13,554,1,2,Powell
-7.6,False,78,13,554,1,2,Powell
-7.8,False,78,13,554,1,2,Powell
-8.0,False,78,13,554,1,2,Powell
2.0,True,8,13,555,1,2,Powell
1.8,True,8,13,555,1,2,Powell
1.6,True,8,13,555,1,2,Powell
1.4,True,8,13,555,1,2,Powell
1.2,True,8,13,555,1,2,Powell
1.0,True,11,13,555,1,2,Powell
0.8,False,136,13,555,1,2,Powell
0.6,False,136,13,555,1,2,Powell
0.4,False,136,13,555,1,2,Powell
0.2,False,136,13,555,1,2,Powell
0.0,False,136,13,555,1,2,Powell
-0.2,False,136,13,555,1,2,Powell
-0.4,False,136,13,555,1,2,Powell
-0.6,False,136,13,555,1,2,Powell
-0.8,False,136,13,555,1,2,Powell
-1.0,False,136,13,555,1,2,Powell
-1.2,False,136,13,555,1,2,Powell
-1.4,False,136,13,555,1,2,Powell
-1.6,False,136,13,555,1,2,Powell
-1.8,False,136,13,555,1,2,Powell
-2.0,False,136,13,555,1,2,Powell
-2.2,False,136,13,555,1,2,Powell
-2.4,False,136,13,555,1,2,Powell
-2.6,False,136,13,555,1,2,Powell
-2.8,False,136,13,555,1,2,Powell
-3.0,False,136,13,555,1,2,Powell
-3.2,False,136,13,555,1,2,Powell
-3.4,False,136,13,555,1,2,Powell
-3.6,False,136,13,555,1,2,Powell
-3.8,False,136,13,555,1,2,Powell
-4.0,False,136,13,555,1,2,Powell
-4.2,False,136,13,555,1,2,Powell
-4.4,False,136,13,555,1,2,Powell
-4.6,False,136,13,555,1,2,Powell
-4.8,False,136,13,555,1,2,Powell
-5.0,False,136,13,555,1,2,Powell
-5.2,False,136,13,555,1,2,Powell
-5.4,False,136,13,555,1,2,Powell
-5.6,False,136,13,555,1,2,Powell
-5.8,False,136,13,555,1,2,Powell
-6.0,False,136,13,555,1,2,Powell
-6.2,False,136,13,555,1,2,Powell
-6.4,False,136,13,555,1,2,Powell
-6.6,False,136,13,555,1,2,Powell
-6.8,False,136,13,555,1,2,Powell
-7.0,False,136,13,555,1,2,Powell
-7.2,False,136,13,555,1,2,Powell
-7.4,False,136,13,555,1,2,Powell
-7.6,False,136,13,555,1,2,Powell
-7.8,False,136,13,555,1,2,Powell
-8.0,False,136,13,555,1,2,Powell
2.0,True,8,13,556,1,2,Powell
1.8,True,8,13,556,1,2,Powell
1.6,True,10,13,556,1,2,Powell
1.4,True,10,13,556,1,2,Powell
1.2,True,10,13,556,1,2,Powell
1.0,True,11,13,556,1,2,Powell
0.8,True,11,13,556,1,2,Powell
0.6,False,87,13,556,1,2,Powell
0.4,False,87,13,556,1,2,Powell
0.2,False,87,13,556,1,2,Powell
0.0,False,87,13,556,1,2,Powell
-0.2,False,87,13,556,1,2,Powell
-0.4,False,87,13,556,1,2,Powell
-0.6,False,87,13,556,1,2,Powell
-0.8,False,87,13,556,1,2,Powell
-1.0,False,87,13,556,1,2,Powell
-1.2,False,87,13,556,1,2,Powell
-1.4,False,87,13,556,1,2,Powell
-1.6,False,87,13,556,1,2,Powell
-1.8,False,87,13,556,1,2,Powell
-2.0,False,87,13,556,1,2,Powell
-2.2,False,87,13,556,1,2,Powell
-2.4,False,87,13,556,1,2,Powell
-2.6,False,87,13,556,1,2,Powell
-2.8,False,87,13,556,1,2,Powell
-3.0,False,87,13,556,1,2,Powell
-3.2,False,87,13,556,1,2,Powell
-3.4,False,87,13,556,1,2,Powell
-3.6,False,87,13,556,1,2,Powell
-3.8,False,87,13,556,1,2,Powell
-4.0,False,87,13,556,1,2,Powell
-4.2,False,87,13,556,1,2,Powell
-4.4,False,87,13,556,1,2,Powell
-4.6,False,87,13,556,1,2,Powell
-4.8,False,87,13,556,1,2,Powell
-5.0,False,87,13,556,1,2,Powell
-5.2,False,87,13,556,1,2,Powell
-5.4,False,87,13,556,1,2,Powell
-5.6,False,87,13,556,1,2,Powell
-5.8,False,87,13,556,1,2,Powell
-6.0,False,87,13,556,1,2,Powell
-6.2,False,87,13,556,1,2,Powell
-6.4,False,87,13,556,1,2,Powell
-6.6,False,87,13,556,1,2,Powell
-6.8,False,87,13,556,1,2,Powell
-7.0,False,87,13,556,1,2,Powell
-7.2,False,87,13,556,1,2,Powell
-7.4,False,87,13,556,1,2,Powell
-7.6,False,87,13,556,1,2,Powell
-7.8,False,87,13,556,1,2,Powell
-8.0,False,87,13,556,1,2,Powell
2.0,True,10,13,557,1,2,Powell
1.8,True,11,13,557,1,2,Powell
1.6,True,11,13,557,1,2,Powell
1.4,True,11,13,557,1,2,Powell
1.2,True,11,13,557,1,2,Powell
1.0,True,13,13,557,1,2,Powell
0.8,True,13,13,557,1,2,Powell
0.6,True,22,13,557,1,2,Powell
0.4,True,23,13,557,1,2,Powell
0.2,True,23,13,557,1,2,Powell
0.0,True,23,13,557,1,2,Powell
-0.2,True,23,13,557,1,2,Powell
-0.4,True,27,13,557,1,2,Powell
-0.6,False,103,13,557,1,2,Powell
-0.8,False,103,13,557,1,2,Powell
-1.0,False,103,13,557,1,2,Powell
-1.2,False,103,13,557,1,2,Powell
-1.4,False,103,13,557,1,2,Powell
-1.6,False,103,13,557,1,2,Powell
-1.8,False,103,13,557,1,2,Powell
-2.0,False,103,13,557,1,2,Powell
-2.2,False,103,13,557,1,2,Powell
-2.4,False,103,13,557,1,2,Powell
-2.6,False,103,13,557,1,2,Powell
-2.8,False,103,13,557,1,2,Powell
-3.0,False,103,13,557,1,2,Powell
-3.2,False,103,13,557,1,2,Powell
-3.4,False,103,13,557,1,2,Powell
-3.6,False,103,13,557,1,2,Powell
-3.8,False,103,13,557,1,2,Powell
-4.0,False,103,13,557,1,2,Powell
-4.2,False,103,13,557,1,2,Powell
-4.4,False,103,13,557,1,2,Powell
-4.6,False,103,13,557,1,2,Powell
-4.8,False,103,13,557,1,2,Powell
-5.0,False,103,13,557,1,2,Powell
-5.2,False,103,13,557,1,2,Powell
-5.4,False,103,13,557,1,2,Powell
-5.6,False,103,13,557,1,2,Powell
-5.8,False,103,13,557,1,2,Powell
-6.0,False,103,13,557,1,2,Powell
-6.2,False,103,13,557,1,2,Powell
-6.4,False,103,13,557,1,2,Powell
-6.6,False,103,13,557,1,2,Powell
-6.8,False,103,13,557,1,2,Powell
-7.0,False,103,13,557,1,2,Powell
-7.2,False,103,13,557,1,2,Powell
-7.4,False,103,13,557,1,2,Powell
-7.6,False,103,13,557,1,2,Powell
-7.8,False,103,13,557,1,2,Powell
-8.0,False,103,13,557,1,2,Powell
2.0,True,1,13,558,1,2,Powell
1.8,True,3,13,558,1,2,Powell
1.6,True,7,13,558,1,2,Powell
1.4,False,98,13,558,1,2,Powell
1.2,False,98,13,558,1,2,Powell
1.0,False,98,13,558,1,2,Powell
0.8,False,98,13,558,1,2,Powell
0.6,False,98,13,558,1,2,Powell
0.4,False,98,13,558,1,2,Powell
0.2,False,98,13,558,1,2,Powell
0.0,False,98,13,558,1,2,Powell
-0.2,False,98,13,558,1,2,Powell
-0.4,False,98,13,558,1,2,Powell
-0.6,False,98,13,558,1,2,Powell
-0.8,False,98,13,558,1,2,Powell
-1.0,False,98,13,558,1,2,Powell
-1.2,False,98,13,558,1,2,Powell
-1.4,False,98,13,558,1,2,Powell
-1.6,False,98,13,558,1,2,Powell
-1.8,False,98,13,558,1,2,Powell
-2.0,False,98,13,558,1,2,Powell
-2.2,False,98,13,558,1,2,Powell
-2.4,False,98,13,558,1,2,Powell
-2.6,False,98,13,558,1,2,Powell
-2.8,False,98,13,558,1,2,Powell
-3.0,False,98,13,558,1,2,Powell
-3.2,False,98,13,558,1,2,Powell
-3.4,False,98,13,558,1,2,Powell
-3.6,False,98,13,558,1,2,Powell
-3.8,False,98,13,558,1,2,Powell
-4.0,False,98,13,558,1,2,Powell
-4.2,False,98,13,558,1,2,Powell
-4.4,False,98,13,558,1,2,Powell
-4.6,False,98,13,558,1,2,Powell
-4.8,False,98,13,558,1,2,Powell
-5.0,False,98,13,558,1,2,Powell
-5.2,False,98,13,558,1,2,Powell
-5.4,False,98,13,558,1,2,Powell
-5.6,False,98,13,558,1,2,Powell
-5.8,False,98,13,558,1,2,Powell
-6.0,False,98,13,558,1,2,Powell
-6.2,False,98,13,558,1,2,Powell
-6.4,False,98,13,558,1,2,Powell
-6.6,False,98,13,558,1,2,Powell
-6.8,False,98,13,558,1,2,Powell
-7.0,False,98,13,558,1,2,Powell
-7.2,False,98,13,558,1,2,Powell
-7.4,False,98,13,558,1,2,Powell
-7.6,False,98,13,558,1,2,Powell
-7.8,False,98,13,558,1,2,Powell
-8.0,False,98,13,558,1,2,Powell
2.0,True,3,13,559,1,2,Powell
1.8,True,3,13,559,1,2,Powell
1.6,True,9,13,559,1,2,Powell
1.4,False,94,13,559,1,2,Powell
1.2,False,94,13,559,1,2,Powell
1.0,False,94,13,559,1,2,Powell
0.8,False,94,13,559,1,2,Powell
0.6,False,94,13,559,1,2,Powell
0.4,False,94,13,559,1,2,Powell
0.2,False,94,13,559,1,2,Powell
0.0,False,94,13,559,1,2,Powell
-0.2,False,94,13,559,1,2,Powell
-0.4,False,94,13,559,1,2,Powell
-0.6,False,94,13,559,1,2,Powell
-0.8,False,94,13,559,1,2,Powell
-1.0,False,94,13,559,1,2,Powell
-1.2,False,94,13,559,1,2,Powell
-1.4,False,94,13,559,1,2,Powell
-1.6,False,94,13,559,1,2,Powell
-1.8,False,94,13,559,1,2,Powell
-2.0,False,94,13,559,1,2,Powell
-2.2,False,94,13,559,1,2,Powell
-2.4,False,94,13,559,1,2,Powell
-2.6,False,94,13,559,1,2,Powell
-2.8,False,94,13,559,1,2,Powell
-3.0,False,94,13,559,1,2,Powell
-3.2,False,94,13,559,1,2,Powell
-3.4,False,94,13,559,1,2,Powell
-3.6,False,94,13,559,1,2,Powell
-3.8,False,94,13,559,1,2,Powell
-4.0,False,94,13,559,1,2,Powell
-4.2,False,94,13,559,1,2,Powell
-4.4,False,94,13,559,1,2,Powell
-4.6,False,94,13,559,1,2,Powell
-4.8,False,94,13,559,1,2,Powell
-5.0,False,94,13,559,1,2,Powell
-5.2,False,94,13,559,1,2,Powell
-5.4,False,94,13,559,1,2,Powell
-5.6,False,94,13,559,1,2,Powell
-5.8,False,94,13,559,1,2,Powell
-6.0,False,94,13,559,1,2,Powell
-6.2,False,94,13,559,1,2,Powell
-6.4,False,94,13,559,1,2,Powell
-6.6,False,94,13,559,1,2,Powell
-6.8,False,94,13,559,1,2,Powell
-7.0,False,94,13,559,1,2,Powell
-7.2,False,94,13,559,1,2,Powell
-7.4,False,94,13,559,1,2,Powell
-7.6,False,94,13,559,1,2,Powell
-7.8,False,94,13,559,1,2,Powell
-8.0,False,94,13,559,1,2,Powell
2.0,True,3,13,560,1,2,Powell
1.8,True,6,13,560,1,2,Powell
1.6,True,6,13,560,1,2,Powell
1.4,True,6,13,560,1,2,Powell
1.2,True,6,13,560,1,2,Powell
1.0,True,8,13,560,1,2,Powell
0.8,True,8,13,560,1,2,Powell
0.6,True,8,13,560,1,2,Powell
0.4,True,8,13,560,1,2,Powell
0.2,True,12,13,560,1,2,Powell
0.0,False,83,13,560,1,2,Powell
-0.2,False,83,13,560,1,2,Powell
-0.4,False,83,13,560,1,2,Powell
-0.6,False,83,13,560,1,2,Powell
-0.8,False,83,13,560,1,2,Powell
-1.0,False,83,13,560,1,2,Powell
-1.2,False,83,13,560,1,2,Powell
-1.4,False,83,13,560,1,2,Powell
-1.6,False,83,13,560,1,2,Powell
-1.8,False,83,13,560,1,2,Powell
-2.0,False,83,13,560,1,2,Powell
-2.2,False,83,13,560,1,2,Powell
-2.4,False,83,13,560,1,2,Powell
-2.6,False,83,13,560,1,2,Powell
-2.8,False,83,13,560,1,2,Powell
-3.0,False,83,13,560,1,2,Powell
-3.2,False,83,13,560,1,2,Powell
-3.4,False,83,13,560,1,2,Powell
-3.6,False,83,13,560,1,2,Powell
-3.8,False,83,13,560,1,2,Powell
-4.0,False,83,13,560,1,2,Powell
-4.2,False,83,13,560,1,2,Powell
-4.4,False,83,13,560,1,2,Powell
-4.6,False,83,13,560,1,2,Powell
-4.8,False,83,13,560,1,2,Powell
-5.0,False,83,13,560,1,2,Powell
-5.2,False,83,13,560,1,2,Powell
-5.4,False,83,13,560,1,2,Powell
-5.6,False,83,13,560,1,2,Powell
-5.8,False,83,13,560,1,2,Powell
-6.0,False,83,13,560,1,2,Powell
-6.2,False,83,13,560,1,2,Powell
-6.4,False,83,13,560,1,2,Powell
-6.6,False,83,13,560,1,2,Powell
-6.8,False,83,13,560,1,2,Powell
-7.0,False,83,13,560,1,2,Powell
-7.2,False,83,13,560,1,2,Powell
-7.4,False,83,13,560,1,2,Powell
-7.6,False,83,13,560,1,2,Powell
-7.8,False,83,13,560,1,2,Powell
-8.0,False,83,13,560,1,2,Powell
2.0,True,4,13,561,1,2,Powell
1.8,True,8,13,561,1,2,Powell
1.6,True,8,13,561,1,2,Powell
1.4,True,8,13,561,1,2,Powell
1.2,True,8,13,561,1,2,Powell
1.0,True,8,13,561,1,2,Powell
0.8,True,9,13,561,1,2,Powell
0.6,True,19,13,561,1,2,Powell
0.4,True,25,13,561,1,2,Powell
0.2,False,100,13,561,1,2,Powell
0.0,False,100,13,561,1,2,Powell
-0.2,False,100,13,561,1,2,Powell
-0.4,False,100,13,561,1,2,Powell
-0.6,False,100,13,561,1,2,Powell
-0.8,False,100,13,561,1,2,Powell
-1.0,False,100,13,561,1,2,Powell
-1.2,False,100,13,561,1,2,Powell
-1.4,False,100,13,561,1,2,Powell
-1.6,False,100,13,561,1,2,Powell
-1.8,False,100,13,561,1,2,Powell
-2.0,False,100,13,561,1,2,Powell
-2.2,False,100,13,561,1,2,Powell
-2.4,False,100,13,561,1,2,Powell
-2.6,False,100,13,561,1,2,Powell
-2.8,False,100,13,561,1,2,Powell
-3.0,False,100,13,561,1,2,Powell
-3.2,False,100,13,561,1,2,Powell
-3.4,False,100,13,561,1,2,Powell
-3.6,False,100,13,561,1,2,Powell
-3.8,False,100,13,561,1,2,Powell
-4.0,False,100,13,561,1,2,Powell
-4.2,False,100,13,561,1,2,Powell
-4.4,False,100,13,561,1,2,Powell
-4.6,False,100,13,561,1,2,Powell
-4.8,False,100,13,561,1,2,Powell
-5.0,False,100,13,561,1,2,Powell
-5.2,False,100,13,561,1,2,Powell
-5.4,False,100,13,561,1,2,Powell
-5.6,False,100,13,561,1,2,Powell
-5.8,False,100,13,561,1,2,Powell
-6.0,False,100,13,561,1,2,Powell
-6.2,False,100,13,561,1,2,Powell
-6.4,False,100,13,561,1,2,Powell
-6.6,False,100,13,561,1,2,Powell
-6.8,False,100,13,561,1,2,Powell
-7.0,False,100,13,561,1,2,Powell
-7.2,False,100,13,561,1,2,Powell
-7.4,False,100,13,561,1,2,Powell
-7.6,False,100,13,561,1,2,Powell
-7.8,False,100,13,561,1,2,Powell
-8.0,False,100,13,561,1,2,Powell
2.0,True,1,13,562,1,2,Powell
1.8,True,6,13,562,1,2,Powell
1.6,True,8,13,562,1,2,Powell
1.4,True,8,13,562,1,2,Powell
1.2,False,110,13,562,1,2,Powell
1.0,False,110,13,562,1,2,Powell
0.8,False,110,13,562,1,2,Powell
0.6,False,110,13,562,1,2,Powell
0.4,False,110,13,562,1,2,Powell
0.2,False,110,13,562,1,2,Powell
0.0,False,110,13,562,1,2,Powell
-0.2,False,110,13,562,1,2,Powell
-0.4,False,110,13,562,1,2,Powell
-0.6,False,110,13,562,1,2,Powell
-0.8,False,110,13,562,1,2,Powell
-1.0,False,110,13,562,1,2,Powell
-1.2,False,110,13,562,1,2,Powell
-1.4,False,110,13,562,1,2,Powell
-1.6,False,110,13,562,1,2,Powell
-1.8,False,110,13,562,1,2,Powell
-2.0,False,110,13,562,1,2,Powell
-2.2,False,110,13,562,1,2,Powell
-2.4,False,110,13,562,1,2,Powell
-2.6,False,110,13,562,1,2,Powell
-2.8,False,110,13,562,1,2,Powell
-3.0,False,110,13,562,1,2,Powell
-3.2,False,110,13,562,1,2,Powell
-3.4,False,110,13,562,1,2,Powell
-3.6,False,110,13,562,1,2,Powell
-3.8,False,110,13,562,1,2,Powell
-4.0,False,110,13,562,1,2,Powell
-4.2,False,110,13,562,1,2,Powell
-4.4,False,110,13,562,1,2,Powell
-4.6,False,110,13,562,1,2,Powell
-4.8,False,110,13,562,1,2,Powell
-5.0,False,110,13,562,1,2,Powell
-5.2,False,110,13,562,1,2,Powell
-5.4,False,110,13,562,1,2,Powell
-5.6,False,110,13,562,1,2,Powell
-5.8,False,110,13,562,1,2,Powell
-6.0,False,110,13,562,1,2,Powell
-6.2,False,110,13,562,1,2,Powell
-6.4,False,110,13,562,1,2,Powell
-6.6,False,110,13,562,1,2,Powell
-6.8,False,110,13,562,1,2,Powell
-7.0,False,110,13,562,1,2,Powell
-7.2,False,110,13,562,1,2,Powell
-7.4,False,110,13,562,1,2,Powell
-7.6,False,110,13,562,1,2,Powell
-7.8,False,110,13,562,1,2,Powell
-8.0,False,110,13,562,1,2,Powell
2.0,True,3,13,563,1,2,Powell
1.8,True,3,13,563,1,2,Powell
1.6,True,3,13,563,1,2,Powell
1.4,True,8,13,563,1,2,Powell
1.2,False,111,13,563,1,2,Powell
1.0,False,111,13,563,1,2,Powell
0.8,False,111,13,563,1,2,Powell
0.6,False,111,13,563,1,2,Powell
0.4,False,111,13,563,1,2,Powell
0.2,False,111,13,563,1,2,Powell
0.0,False,111,13,563,1,2,Powell
-0.2,False,111,13,563,1,2,Powell
-0.4,False,111,13,563,1,2,Powell
-0.6,False,111,13,563,1,2,Powell
-0.8,False,111,13,563,1,2,Powell
-1.0,False,111,13,563,1,2,Powell
-1.2,False,111,13,563,1,2,Powell
-1.4,False,111,13,563,1,2,Powell
-1.6,False,111,13,563,1,2,Powell
-1.8,False,111,13,563,1,2,Powell
-2.0,False,111,13,563,1,2,Powell
-2.2,False,111,13,563,1,2,Powell
-2.4,False,111,13,563,1,2,Powell
-2.6,False,111,13,563,1,2,Powell
-2.8,False,111,13,563,1,2,Powell
-3.0,False,111,13,563,1,2,Powell
-3.2,False,111,13,563,1,2,Powell
-3.4,False,111,13,563,1,2,Powell
-3.6,False,111,13,563,1,2,Powell
-3.8,False,111,13,563,1,2,Powell
-4.0,False,111,13,563,1,2,Powell
-4.2,False,111,13,563,1,2,Powell
-4.4,False,111,13,563,1,2,Powell
-4.6,False,111,13,563,1,2,Powell
-4.8,False,111,13,563,1,2,Powell
-5.0,False,111,13,563,1,2,Powell
-5.2,False,111,13,563,1,2,Powell
-5.4,False,111,13,563,1,2,Powell
-5.6,False,111,13,563,1,2,Powell
-5.8,False,111,13,563,1,2,Powell
-6.0,False,111,13,563,1,2,Powell
-6.2,False,111,13,563,1,2,Powell
-6.4,False,111,13,563,1,2,Powell
-6.6,False,111,13,563,1,2,Powell
-6.8,False,111,13,563,1,2,Powell
-7.0,False,111,13,563,1,2,Powell
-7.2,False,111,13,563,1,2,Powell
-7.4,False,111,13,563,1,2,Powell
-7.6,False,111,13,563,1,2,Powell
-7.8,False,111,13,563,1,2,Powell
-8.0,False,111,13,563,1,2,Powell
2.0,True,10,13,564,1,2,Powell
1.8,False,105,13,564,1,2,Powell
1.6,False,105,13,564,1,2,Powell
1.4,False,105,13,564,1,2,Powell
1.2,False,105,13,564,1,2,Powell
1.0,False,105,13,564,1,2,Powell
0.8,False,105,13,564,1,2,Powell
0.6,False,105,13,564,1,2,Powell
0.4,False,105,13,564,1,2,Powell
0.2,False,105,13,564,1,2,Powell
0.0,False,105,13,564,1,2,Powell
-0.2,False,105,13,564,1,2,Powell
-0.4,False,105,13,564,1,2,Powell
-0.6,False,105,13,564,1,2,Powell
-0.8,False,105,13,564,1,2,Powell
-1.0,False,105,13,564,1,2,Powell
-1.2,False,105,13,564,1,2,Powell
-1.4,False,105,13,564,1,2,Powell
-1.6,False,105,13,564,1,2,Powell
-1.8,False,105,13,564,1,2,Powell
-2.0,False,105,13,564,1,2,Powell
-2.2,False,105,13,564,1,2,Powell
-2.4,False,105,13,564,1,2,Powell
-2.6,False,105,13,564,1,2,Powell
-2.8,False,105,13,564,1,2,Powell
-3.0,False,105,13,564,1,2,Powell
-3.2,False,105,13,564,1,2,Powell
-3.4,False,105,13,564,1,2,Powell
-3.6,False,105,13,564,1,2,Powell
-3.8,False,105,13,564,1,2,Powell
-4.0,False,105,13,564,1,2,Powell
-4.2,False,105,13,564,1,2,Powell
-4.4,False,105,13,564,1,2,Powell
-4.6,False,105,13,564,1,2,Powell
-4.8,False,105,13,564,1,2,Powell
-5.0,False,105,13,564,1,2,Powell
-5.2,False,105,13,564,1,2,Powell
-5.4,False,105,13,564,1,2,Powell
-5.6,False,105,13,564,1,2,Powell
-5.8,False,105,13,564,1,2,Powell
-6.0,False,105,13,564,1,2,Powell
-6.2,False,105,13,564,1,2,Powell
-6.4,False,105,13,564,1,2,Powell
-6.6,False,105,13,564,1,2,Powell
-6.8,False,105,13,564,1,2,Powell
-7.0,False,105,13,564,1,2,Powell
-7.2,False,105,13,564,1,2,Powell
-7.4,False,105,13,564,1,2,Powell
-7.6,False,105,13,564,1,2,Powell
-7.8,False,105,13,564,1,2,Powell
-8.0,False,105,13,564,1,2,Powell
2.0,True,10,13,565,1,2,Powell
1.8,False,123,13,565,1,2,Powell
1.6,False,123,13,565,1,2,Powell
1.4,False,123,13,565,1,2,Powell
1.2,False,123,13,565,1,2,Powell
1.0,False,123,13,565,1,2,Powell
0.8,False,123,13,565,1,2,Powell
0.6,False,123,13,565,1,2,Powell
0.4,False,123,13,565,1,2,Powell
0.2,False,123,13,565,1,2,Powell
0.0,False,123,13,565,1,2,Powell
-0.2,False,123,13,565,1,2,Powell
-0.4,False,123,13,565,1,2,Powell
-0.6,False,123,13,565,1,2,Powell
-0.8,False,123,13,565,1,2,Powell
-1.0,False,123,13,565,1,2,Powell
-1.2,False,123,13,565,1,2,Powell
-1.4,False,123,13,565,1,2,Powell
-1.6,False,123,13,565,1,2,Powell
-1.8,False,123,13,565,1,2,Powell
-2.0,False,123,13,565,1,2,Powell
-2.2,False,123,13,565,1,2,Powell
-2.4,False,123,13,565,1,2,Powell
-2.6,False,123,13,565,1,2,Powell
-2.8,False,123,13,565,1,2,Powell
-3.0,False,123,13,565,1,2,Powell
-3.2,False,123,13,565,1,2,Powell
-3.4,False,123,13,565,1,2,Powell
-3.6,False,123,13,565,1,2,Powell
-3.8,False,123,13,565,1,2,Powell
-4.0,False,123,13,565,1,2,Powell
-4.2,False,123,13,565,1,2,Powell
-4.4,False,123,13,565,1,2,Powell
-4.6,False,123,13,565,1,2,Powell
-4.8,False,123,13,565,1,2,Powell
-5.0,False,123,13,565,1,2,Powell
-5.2,False,123,13,565,1,2,Powell
-5.4,False,123,13,565,1,2,Powell
-5.6,False,123,13,565,1,2,Powell
-5.8,False,123,13,565,1,2,Powell
-6.0,False,123,13,565,1,2,Powell
-6.2,False,123,13,565,1,2,Powell
-6.4,False,123,13,565,1,2,Powell
-6.6,False,123,13,565,1,2,Powell
-6.8,False,123,13,565,1,2,Powell
-7.0,False,123,13,565,1,2,Powell
-7.2,False,123,13,565,1,2,Powell
-7.4,False,123,13,565,1,2,Powell
-7.6,False,123,13,565,1,2,Powell
-7.8,False,123,13,565,1,2,Powell
-8.0,False,123,13,565,1,2,Powell
2.0,True,11,13,566,1,2,Powell
1.8,True,11,13,566,1,2,Powell
1.6,True,11,13,566,1,2,Powell
1.4,True,13,13,566,1,2,Powell
1.2,True,13,13,566,1,2,Powell
1.0,True,13,13,566,1,2,Powell
0.8,True,13,13,566,1,2,Powell
0.6,False,106,13,566,1,2,Powell
0.4,False,106,13,566,1,2,Powell
0.2,False,106,13,566,1,2,Powell
0.0,False,106,13,566,1,2,Powell
-0.2,False,106,13,566,1,2,Powell
-0.4,False,106,13,566,1,2,Powell
-0.6,False,106,13,566,1,2,Powell
-0.8,False,106,13,566,1,2,Powell
-1.0,False,106,13,566,1,2,Powell
-1.2,False,106,13,566,1,2,Powell
-1.4,False,106,13,566,1,2,Powell
-1.6,False,106,13,566,1,2,Powell
-1.8,False,106,13,566,1,2,Powell
-2.0,False,106,13,566,1,2,Powell
-2.2,False,106,13,566,1,2,Powell
-2.4,False,106,13,566,1,2,Powell
-2.6,False,106,13,566,1,2,Powell
-2.8,False,106,13,566,1,2,Powell
-3.0,False,106,13,566,1,2,Powell
-3.2,False,106,13,566,1,2,Powell
-3.4,False,106,13,566,1,2,Powell
-3.6,False,106,13,566,1,2,Powell
-3.8,False,106,13,566,1,2,Powell
-4.0,False,106,13,566,1,2,Powell
-4.2,False,106,13,566,1,2,Powell
-4.4,False,106,13,566,1,2,Powell
-4.6,False,106,13,566,1,2,Powell
-4.8,False,106,13,566,1,2,Powell
-5.0,False,106,13,566,1,2,Powell
-5.2,False,106,13,566,1,2,Powell
-5.4,False,106,13,566,1,2,Powell
-5.6,False,106,13,566,1,2,Powell
-5.8,False,106,13,566,1,2,Powell
-6.0,False,106,13,566,1,2,Powell
-6.2,False,106,13,566,1,2,Powell
-6.4,False,106,13,566,1,2,Powell
-6.6,False,106,13,566,1,2,Powell
-6.8,False,106,13,566,1,2,Powell
-7.0,False,106,13,566,1,2,Powell
-7.2,False,106,13,566,1,2,Powell
-7.4,False,106,13,566,1,2,Powell
-7.6,False,106,13,566,1,2,Powell
-7.8,False,106,13,566,1,2,Powell
-8.0,False,106,13,566,1,2,Powell
2.0,True,8,13,567,1,2,Powell
1.8,True,8,13,567,1,2,Powell
1.6,False,134,13,567,1,2,Powell
1.4,False,134,13,567,1,2,Powell
1.2,False,134,13,567,1,2,Powell
1.0,False,134,13,567,1,2,Powell
0.8,False,134,13,567,1,2,Powell
0.6,False,134,13,567,1,2,Powell
0.4,False,134,13,567,1,2,Powell
0.2,False,134,13,567,1,2,Powell
0.0,False,134,13,567,1,2,Powell
-0.2,False,134,13,567,1,2,Powell
-0.4,False,134,13,567,1,2,Powell
-0.6,False,134,13,567,1,2,Powell
-0.8,False,134,13,567,1,2,Powell
-1.0,False,134,13,567,1,2,Powell
-1.2,False,134,13,567,1,2,Powell
-1.4,False,134,13,567,1,2,Powell
-1.6,False,134,13,567,1,2,Powell
-1.8,False,134,13,567,1,2,Powell
-2.0,False,134,13,567,1,2,Powell
-2.2,False,134,13,567,1,2,Powell
-2.4,False,134,13,567,1,2,Powell
-2.6,False,134,13,567,1,2,Powell
-2.8,False,134,13,567,1,2,Powell
-3.0,False,134,13,567,1,2,Powell
-3.2,False,134,13,567,1,2,Powell
-3.4,False,134,13,567,1,2,Powell
-3.6,False,134,13,567,1,2,Powell
-3.8,False,134,13,567,1,2,Powell
-4.0,False,134,13,567,1,2,Powell
-4.2,False,134,13,567,1,2,Powell
-4.4,False,134,13,567,1,2,Powell
-4.6,False,134,13,567,1,2,Powell
-4.8,False,134,13,567,1,2,Powell
-5.0,False,134,13,567,1,2,Powell
-5.2,False,134,13,567,1,2,Powell
-5.4,False,134,13,567,1,2,Powell
-5.6,False,134,13,567,1,2,Powell
-5.8,False,134,13,567,1,2,Powell
-6.0,False,134,13,567,1,2,Powell
-6.2,False,134,13,567,1,2,Powell
-6.4,False,134,13,567,1,2,Powell
-6.6,False,134,13,567,1,2,Powell
-6.8,False,134,13,567,1,2,Powell
-7.0,False,134,13,567,1,2,Powell
-7.2,False,134,13,567,1,2,Powell
-7.4,False,134,13,567,1,2,Powell
-7.6,False,134,13,567,1,2,Powell
-7.8,False,134,13,567,1,2,Powell
-8.0,False,134,13,567,1,2,Powell
2.0,True,18,13,568,1,2,Powell
1.8,True,18,13,568,1,2,Powell
1.6,True,19,13,568,1,2,Powell
1.4,True,19,13,568,1,2,Powell
1.2,True,21,13,568,1,2,Powell
1.0,False,101,13,568,1,2,Powell
0.8,False,101,13,568,1,2,Powell
0.6,False,101,13,568,1,2,Powell
0.4,False,101,13,568,1,2,Powell
0.2,False,101,13,568,1,2,Powell
0.0,False,101,13,568,1,2,Powell
-0.2,False,101,13,568,1,2,Powell
-0.4,False,101,13,568,1,2,Powell
-0.6,False,101,13,568,1,2,Powell
-0.8,False,101,13,568,1,2,Powell
-1.0,False,101,13,568,1,2,Powell
-1.2,False,101,13,568,1,2,Powell
-1.4,False,101,13,568,1,2,Powell
-1.6,False,101,13,568,1,2,Powell
-1.8,False,101,13,568,1,2,Powell
-2.0,False,101,13,568,1,2,Powell
-2.2,False,101,13,568,1,2,Powell
-2.4,False,101,13,568,1,2,Powell
-2.6,False,101,13,568,1,2,Powell
-2.8,False,101,13,568,1,2,Powell
-3.0,False,101,13,568,1,2,Powell
-3.2,False,101,13,568,1,2,Powell
-3.4,False,101,13,568,1,2,Powell
-3.6,False,101,13,568,1,2,Powell
-3.8,False,101,13,568,1,2,Powell
-4.0,False,101,13,568,1,2,Powell
-4.2,False,101,13,568,1,2,Powell
-4.4,False,101,13,568,1,2,Powell
-4.6,False,101,13,568,1,2,Powell
-4.8,False,101,13,568,1,2,Powell
-5.0,False,101,13,568,1,2,Powell
-5.2,False,101,13,568,1,2,Powell
-5.4,False,101,13,568,1,2,Powell
-5.6,False,101,13,568,1,2,Powell
-5.8,False,101,13,568,1,2,Powell
-6.0,False,101,13,568,1,2,Powell
-6.2,False,101,13,568,1,2,Powell
-6.4,False,101,13,568,1,2,Powell
-6.6,False,101,13,568,1,2,Powell
-6.8,False,101,13,568,1,2,Powell
-7.0,False,101,13,568,1,2,Powell
-7.2,False,101,13,568,1,2,Powell
-7.4,False,101,13,568,1,2,Powell
-7.6,False,101,13,568,1,2,Powell
-7.8,False,101,13,568,1,2,Powell
-8.0,False,101,13,568,1,2,Powell
2.0,True,5,13,569,1,2,Powell
1.8,True,5,13,569,1,2,Powell
1.6,True,5,13,569,1,2,Powell
1.4,True,5,13,569,1,2,Powell
1.2,True,5,13,569,1,2,Powell
1.0,True,9,13,569,1,2,Powell
0.8,True,9,13,569,1,2,Powell
0.6,True,10,13,569,1,2,Powell
0.4,True,20,13,569,1,2,Powell
0.2,False,107,13,569,1,2,Powell
0.0,False,107,13,569,1,2,Powell
-0.2,False,107,13,569,1,2,Powell
-0.4,False,107,13,569,1,2,Powell
-0.6,False,107,13,569,1,2,Powell
-0.8,False,107,13,569,1,2,Powell
-1.0,False,107,13,569,1,2,Powell
-1.2,False,107,13,569,1,2,Powell
-1.4,False,107,13,569,1,2,Powell
-1.6,False,107,13,569,1,2,Powell
-1.8,False,107,13,569,1,2,Powell
-2.0,False,107,13,569,1,2,Powell
-2.2,False,107,13,569,1,2,Powell
-2.4,False,107,13,569,1,2,Powell
-2.6,False,107,13,569,1,2,Powell
-2.8,False,107,13,569,1,2,Powell
-3.0,False,107,13,569,1,2,Powell
-3.2,False,107,13,569,1,2,Powell
-3.4,False,107,13,569,1,2,Powell
-3.6,False,107,13,569,1,2,Powell
-3.8,False,107,13,569,1,2,Powell
-4.0,False,107,13,569,1,2,Powell
-4.2,False,107,13,569,1,2,Powell
-4.4,False,107,13,569,1,2,Powell
-4.6,False,107,13,569,1,2,Powell
-4.8,False,107,13,569,1,2,Powell
-5.0,False,107,13,569,1,2,Powell
-5.2,False,107,13,569,1,2,Powell
-5.4,False,107,13,569,1,2,Powell
-5.6,False,107,13,569,1,2,Powell
-5.8,False,107,13,569,1,2,Powell
-6.0,False,107,13,569,1,2,Powell
-6.2,False,107,13,569,1,2,Powell
-6.4,False,107,13,569,1,2,Powell
-6.6,False,107,13,569,1,2,Powell
-6.8,False,107,13,569,1,2,Powell
-7.0,False,107,13,569,1,2,Powell
-7.2,False,107,13,569,1,2,Powell
-7.4,False,107,13,569,1,2,Powell
-7.6,False,107,13,569,1,2,Powell
-7.8,False,107,13,569,1,2,Powell
-8.0,False,107,13,569,1,2,Powell
2.0,True,4,13,570,1,2,Powell
1.8,True,4,13,570,1,2,Powell
1.6,True,4,13,570,1,2,Powell
1.4,True,4,13,570,1,2,Powell
1.2,True,4,13,570,1,2,Powell
1.0,True,12,13,570,1,2,Powell
0.8,True,12,13,570,1,2,Powell
0.6,True,13,13,570,1,2,Powell
0.4,True,13,13,570,1,2,Powell
0.2,False,115,13,570,1,2,Powell
0.0,False,115,13,570,1,2,Powell
-0.2,False,115,13,570,1,2,Powell
-0.4,False,115,13,570,1,2,Powell
-0.6,False,115,13,570,1,2,Powell
-0.8,False,115,13,570,1,2,Powell
-1.0,False,115,13,570,1,2,Powell
-1.2,False,115,13,570,1,2,Powell
-1.4,False,115,13,570,1,2,Powell
-1.6,False,115,13,570,1,2,Powell
-1.8,False,115,13,570,1,2,Powell
-2.0,False,115,13,570,1,2,Powell
-2.2,False,115,13,570,1,2,Powell
-2.4,False,115,13,570,1,2,Powell
-2.6,False,115,13,570,1,2,Powell
-2.8,False,115,13,570,1,2,Powell
-3.0,False,115,13,570,1,2,Powell
-3.2,False,115,13,570,1,2,Powell
-3.4,False,115,13,570,1,2,Powell
-3.6,False,115,13,570,1,2,Powell
-3.8,False,115,13,570,1,2,Powell
-4.0,False,115,13,570,1,2,Powell
-4.2,False,115,13,570,1,2,Powell
-4.4,False,115,13,570,1,2,Powell
-4.6,False,115,13,570,1,2,Powell
-4.8,False,115,13,570,1,2,Powell
-5.0,False,115,13,570,1,2,Powell
-5.2,False,115,13,570,1,2,Powell
-5.4,False,115,13,570,1,2,Powell
-5.6,False,115,13,570,1,2,Powell
-5.8,False,115,13,570,1,2,Powell
-6.0,False,115,13,570,1,2,Powell
-6.2,False,115,13,570,1,2,Powell
-6.4,False,115,13,570,1,2,Powell
-6.6,False,115,13,570,1,2,Powell
-6.8,False,115,13,570,1,2,Powell
-7.0,False,115,13,570,1,2,Powell
-7.2,False,115,13,570,1,2,Powell
-7.4,False,115,13,570,1,2,Powell
-7.6,False,115,13,570,1,2,Powell
-7.8,False,115,13,570,1,2,Powell
-8.0,False,115,13,570,1,2,Powell
2.0,True,5,13,571,1,2,Powell
1.8,True,7,13,571,1,2,Powell
1.6,False,174,13,571,1,2,Powell
1.4,False,174,13,571,1,2,Powell
1.2,False,174,13,571,1,2,Powell
1.0,False,174,13,571,1,2,Powell
0.8,False,174,13,571,1,2,Powell
0.6,False,174,13,571,1,2,Powell
0.4,False,174,13,571,1,2,Powell
0.2,False,174,13,571,1,2,Powell
0.0,False,174,13,571,1,2,Powell
-0.2,False,174,13,571,1,2,Powell
-0.4,False,174,13,571,1,2,Powell
-0.6,False,174,13,571,1,2,Powell
-0.8,False,174,13,571,1,2,Powell
-1.0,False,174,13,571,1,2,Powell
-1.2,False,174,13,571,1,2,Powell
-1.4,False,174,13,571,1,2,Powell
-1.6,False,174,13,571,1,2,Powell
-1.8,False,174,13,571,1,2,Powell
-2.0,False,174,13,571,1,2,Powell
-2.2,False,174,13,571,1,2,Powell
-2.4,False,174,13,571,1,2,Powell
-2.6,False,174,13,571,1,2,Powell
-2.8,False,174,13,571,1,2,Powell
-3.0,False,174,13,571,1,2,Powell
-3.2,False,174,13,571,1,2,Powell
-3.4,False,174,13,571,1,2,Powell
-3.6,False,174,13,571,1,2,Powell
-3.8,False,174,13,571,1,2,Powell
-4.0,False,174,13,571,1,2,Powell
-4.2,False,174,13,571,1,2,Powell
-4.4,False,174,13,571,1,2,Powell
-4.6,False,174,13,571,1,2,Powell
-4.8,False,174,13,571,1,2,Powell
-5.0,False,174,13,571,1,2,Powell
-5.2,False,174,13,571,1,2,Powell
-5.4,False,174,13,571,1,2,Powell
-5.6,False,174,13,571,1,2,Powell
-5.8,False,174,13,571,1,2,Powell
-6.0,False,174,13,571,1,2,Powell
-6.2,False,174,13,571,1,2,Powell
-6.4,False,174,13,571,1,2,Powell
-6.6,False,174,13,571,1,2,Powell
-6.8,False,174,13,571,1,2,Powell
-7.0,False,174,13,571,1,2,Powell
-7.2,False,174,13,571,1,2,Powell
-7.4,False,174,13,571,1,2,Powell
-7.6,False,174,13,571,1,2,Powell
-7.8,False,174,13,571,1,2,Powell
-8.0,False,174,13,571,1,2,Powell
2.0,False,88,13,572,1,2,Powell
1.8,False,88,13,572,1,2,Powell
1.6,False,88,13,572,1,2,Powell
1.4,False,88,13,572,1,2,Powell
1.2,False,88,13,572,1,2,Powell
1.0,False,88,13,572,1,2,Powell
0.8,False,88,13,572,1,2,Powell
0.6,False,88,13,572,1,2,Powell
0.4,False,88,13,572,1,2,Powell
0.2,False,88,13,572,1,2,Powell
0.0,False,88,13,572,1,2,Powell
-0.2,False,88,13,572,1,2,Powell
-0.4,False,88,13,572,1,2,Powell
-0.6,False,88,13,572,1,2,Powell
-0.8,False,88,13,572,1,2,Powell
-1.0,False,88,13,572,1,2,Powell
-1.2,False,88,13,572,1,2,Powell
-1.4,False,88,13,572,1,2,Powell
-1.6,False,88,13,572,1,2,Powell
-1.8,False,88,13,572,1,2,Powell
-2.0,False,88,13,572,1,2,Powell
-2.2,False,88,13,572,1,2,Powell
-2.4,False,88,13,572,1,2,Powell
-2.6,False,88,13,572,1,2,Powell
-2.8,False,88,13,572,1,2,Powell
-3.0,False,88,13,572,1,2,Powell
-3.2,False,88,13,572,1,2,Powell
-3.4,False,88,13,572,1,2,Powell
-3.6,False,88,13,572,1,2,Powell
-3.8,False,88,13,572,1,2,Powell
-4.0,False,88,13,572,1,2,Powell
-4.2,False,88,13,572,1,2,Powell
-4.4,False,88,13,572,1,2,Powell
-4.6,False,88,13,572,1,2,Powell
-4.8,False,88,13,572,1,2,Powell
-5.0,False,88,13,572,1,2,Powell
-5.2,False,88,13,572,1,2,Powell
-5.4,False,88,13,572,1,2,Powell
-5.6,False,88,13,572,1,2,Powell
-5.8,False,88,13,572,1,2,Powell
-6.0,False,88,13,572,1,2,Powell
-6.2,False,88,13,572,1,2,Powell
-6.4,False,88,13,572,1,2,Powell
-6.6,False,88,13,572,1,2,Powell
-6.8,False,88,13,572,1,2,Powell
-7.0,False,88,13,572,1,2,Powell
-7.2,False,88,13,572,1,2,Powell
-7.4,False,88,13,572,1,2,Powell
-7.6,False,88,13,572,1,2,Powell
-7.8,False,88,13,572,1,2,Powell
-8.0,False,88,13,572,1,2,Powell
2.0,True,12,13,573,1,2,Powell
1.8,True,12,13,573,1,2,Powell
1.6,True,13,13,573,1,2,Powell
1.4,True,13,13,573,1,2,Powell
1.2,False,80,13,573,1,2,Powell
1.0,False,80,13,573,1,2,Powell
0.8,False,80,13,573,1,2,Powell
0.6,False,80,13,573,1,2,Powell
0.4,False,80,13,573,1,2,Powell
0.2,False,80,13,573,1,2,Powell
0.0,False,80,13,573,1,2,Powell
-0.2,False,80,13,573,1,2,Powell
-0.4,False,80,13,573,1,2,Powell
-0.6,False,80,13,573,1,2,Powell
-0.8,False,80,13,573,1,2,Powell
-1.0,False,80,13,573,1,2,Powell
-1.2,False,80,13,573,1,2,Powell
-1.4,False,80,13,573,1,2,Powell
-1.6,False,80,13,573,1,2,Powell
-1.8,False,80,13,573,1,2,Powell
-2.0,False,80,13,573,1,2,Powell
-2.2,False,80,13,573,1,2,Powell
-2.4,False,80,13,573,1,2,Powell
-2.6,False,80,13,573,1,2,Powell
-2.8,False,80,13,573,1,2,Powell
-3.0,False,80,13,573,1,2,Powell
-3.2,False,80,13,573,1,2,Powell
-3.4,False,80,13,573,1,2,Powell
-3.6,False,80,13,573,1,2,Powell
-3.8,False,80,13,573,1,2,Powell
-4.0,False,80,13,573,1,2,Powell
-4.2,False,80,13,573,1,2,Powell
-4.4,False,80,13,573,1,2,Powell
-4.6,False,80,13,573,1,2,Powell
-4.8,False,80,13,573,1,2,Powell
-5.0,False,80,13,573,1,2,Powell
-5.2,False,80,13,573,1,2,Powell
-5.4,False,80,13,573,1,2,Powell
-5.6,False,80,13,573,1,2,Powell
-5.8,False,80,13,573,1,2,Powell
-6.0,False,80,13,573,1,2,Powell
-6.2,False,80,13,573,1,2,Powell
-6.4,False,80,13,573,1,2,Powell
-6.6,False,80,13,573,1,2,Powell
-6.8,False,80,13,573,1,2,Powell
-7.0,False,80,13,573,1,2,Powell
-7.2,False,80,13,573,1,2,Powell
-7.4,False,80,13,573,1,2,Powell
-7.6,False,80,13,573,1,2,Powell
-7.8,False,80,13,573,1,2,Powell
-8.0,False,80,13,573,1,2,Powell
2.0,False,83,13,574,1,2,Powell
1.8,False,83,13,574,1,2,Powell
1.6,False,83,13,574,1,2,Powell
1.4,False,83,13,574,1,2,Powell
1.2,False,83,13,574,1,2,Powell
1.0,False,83,13,574,1,2,Powell
0.8,False,83,13,574,1,2,Powell
0.6,False,83,13,574,1,2,Powell
0.4,False,83,13,574,1,2,Powell
0.2,False,83,13,574,1,2,Powell
0.0,False,83,13,574,1,2,Powell
-0.2,False,83,13,574,1,2,Powell
-0.4,False,83,13,574,1,2,Powell
-0.6,False,83,13,574,1,2,Powell
-0.8,False,83,13,574,1,2,Powell
-1.0,False,83,13,574,1,2,Powell
-1.2,False,83,13,574,1,2,Powell
-1.4,False,83,13,574,1,2,Powell
-1.6,False,83,13,574,1,2,Powell
-1.8,False,83,13,574,1,2,Powell
-2.0,False,83,13,574,1,2,Powell
-2.2,False,83,13,574,1,2,Powell
-2.4,False,83,13,574,1,2,Powell
-2.6,False,83,13,574,1,2,Powell
-2.8,False,83,13,574,1,2,Powell
-3.0,False,83,13,574,1,2,Powell
-3.2,False,83,13,574,1,2,Powell
-3.4,False,83,13,574,1,2,Powell
-3.6,False,83,13,574,1,2,Powell
-3.8,False,83,13,574,1,2,Powell
-4.0,False,83,13,574,1,2,Powell
-4.2,False,83,13,574,1,2,Powell
-4.4,False,83,13,574,1,2,Powell
-4.6,False,83,13,574,1,2,Powell
-4.8,False,83,13,574,1,2,Powell
-5.0,False,83,13,574,1,2,Powell
-5.2,False,83,13,574,1,2,Powell
-5.4,False,83,13,574,1,2,Powell
-5.6,False,83,13,574,1,2,Powell
-5.8,False,83,13,574,1,2,Powell
-6.0,False,83,13,574,1,2,Powell
-6.2,False,83,13,574,1,2,Powell
-6.4,False,83,13,574,1,2,Powell
-6.6,False,83,13,574,1,2,Powell
-6.8,False,83,13,574,1,2,Powell
-7.0,False,83,13,574,1,2,Powell
-7.2,False,83,13,574,1,2,Powell
-7.4,False,83,13,574,1,2,Powell
-7.6,False,83,13,574,1,2,Powell
-7.8,False,83,13,574,1,2,Powell
-8.0,False,83,13,574,1,2,Powell
2.0,True,4,13,575,1,2,Powell
1.8,True,10,13,575,1,2,Powell
1.6,True,12,13,575,1,2,Powell
1.4,False,108,13,575,1,2,Powell
1.2,False,108,13,575,1,2,Powell
1.0,False,108,13,575,1,2,Powell
0.8,False,108,13,575,1,2,Powell
0.6,False,108,13,575,1,2,Powell
0.4,False,108,13,575,1,2,Powell
0.2,False,108,13,575,1,2,Powell
0.0,False,108,13,575,1,2,Powell
-0.2,False,108,13,575,1,2,Powell
-0.4,False,108,13,575,1,2,Powell
-0.6,False,108,13,575,1,2,Powell
-0.8,False,108,13,575,1,2,Powell
-1.0,False,108,13,575,1,2,Powell
-1.2,False,108,13,575,1,2,Powell
-1.4,False,108,13,575,1,2,Powell
-1.6,False,108,13,575,1,2,Powell
-1.8,False,108,13,575,1,2,Powell
-2.0,False,108,13,575,1,2,Powell
-2.2,False,108,13,575,1,2,Powell
-2.4,False,108,13,575,1,2,Powell
-2.6,False,108,13,575,1,2,Powell
-2.8,False,108,13,575,1,2,Powell
-3.0,False,108,13,575,1,2,Powell
-3.2,False,108,13,575,1,2,Powell
-3.4,False,108,13,575,1,2,Powell
-3.6,False,108,13,575,1,2,Powell
-3.8,False,108,13,575,1,2,Powell
-4.0,False,108,13,575,1,2,Powell
-4.2,False,108,13,575,1,2,Powell
-4.4,False,108,13,575,1,2,Powell
-4.6,False,108,13,575,1,2,Powell
-4.8,False,108,13,575,1,2,Powell
-5.0,False,108,13,575,1,2,Powell
-5.2,False,108,13,575,1,2,Powell
-5.4,False,108,13,575,1,2,Powell
-5.6,False,108,13,575,1,2,Powell
-5.8,False,108,13,575,1,2,Powell
-6.0,False,108,13,575,1,2,Powell
-6.2,False,108,13,575,1,2,Powell
-6.4,False,108,13,575,1,2,Powell
-6.6,False,108,13,575,1,2,Powell
-6.8,False,108,13,575,1,2,Powell
-7.0,False,108,13,575,1,2,Powell
-7.2,False,108,13,575,1,2,Powell
-7.4,False,108,13,575,1,2,Powell
-7.6,False,108,13,575,1,2,Powell
-7.8,False,108,13,575,1,2,Powell
-8.0,False,108,13,575,1,2,Powell
2.0,True,7,13,576,1,2,Powell
1.8,True,13,13,576,1,2,Powell
1.6,False,149,13,576,1,2,Powell
1.4,False,149,13,576,1,2,Powell
1.2,False,149,13,576,1,2,Powell
1.0,False,149,13,576,1,2,Powell
0.8,False,149,13,576,1,2,Powell
0.6,False,149,13,576,1,2,Powell
0.4,False,149,13,576,1,2,Powell
0.2,False,149,13,576,1,2,Powell
0.0,False,149,13,576,1,2,Powell
-0.2,False,149,13,576,1,2,Powell
-0.4,False,149,13,576,1,2,Powell
-0.6,False,149,13,576,1,2,Powell
-0.8,False,149,13,576,1,2,Powell
-1.0,False,149,13,576,1,2,Powell
-1.2,False,149,13,576,1,2,Powell
-1.4,False,149,13,576,1,2,Powell
-1.6,False,149,13,576,1,2,Powell
-1.8,False,149,13,576,1,2,Powell
-2.0,False,149,13,576,1,2,Powell
-2.2,False,149,13,576,1,2,Powell
-2.4,False,149,13,576,1,2,Powell
-2.6,False,149,13,576,1,2,Powell
-2.8,False,149,13,576,1,2,Powell
-3.0,False,149,13,576,1,2,Powell
-3.2,False,149,13,576,1,2,Powell
-3.4,False,149,13,576,1,2,Powell
-3.6,False,149,13,576,1,2,Powell
-3.8,False,149,13,576,1,2,Powell
-4.0,False,149,13,576,1,2,Powell
-4.2,False,149,13,576,1,2,Powell
-4.4,False,149,13,576,1,2,Powell
-4.6,False,149,13,576,1,2,Powell
-4.8,False,149,13,576,1,2,Powell
-5.0,False,149,13,576,1,2,Powell
-5.2,False,149,13,576,1,2,Powell
-5.4,False,149,13,576,1,2,Powell
-5.6,False,149,13,576,1,2,Powell
-5.8,False,149,13,576,1,2,Powell
-6.0,False,149,13,576,1,2,Powell
-6.2,False,149,13,576,1,2,Powell
-6.4,False,149,13,576,1,2,Powell
-6.6,False,149,13,576,1,2,Powell
-6.8,False,149,13,576,1,2,Powell
-7.0,False,149,13,576,1,2,Powell
-7.2,False,149,13,576,1,2,Powell
-7.4,False,149,13,576,1,2,Powell
-7.6,False,149,13,576,1,2,Powell
-7.8,False,149,13,576,1,2,Powell
-8.0,False,149,13,576,1,2,Powell
2.0,True,9,13,577,1,2,Powell
1.8,True,10,13,577,1,2,Powell
1.6,True,10,13,577,1,2,Powell
1.4,True,12,13,577,1,2,Powell
1.2,False,124,13,577,1,2,Powell
1.0,False,124,13,577,1,2,Powell
0.8,False,124,13,577,1,2,Powell
0.6,False,124,13,577,1,2,Powell
0.4,False,124,13,577,1,2,Powell
0.2,False,124,13,577,1,2,Powell
0.0,False,124,13,577,1,2,Powell
-0.2,False,124,13,577,1,2,Powell
-0.4,False,124,13,577,1,2,Powell
-0.6,False,124,13,577,1,2,Powell
-0.8,False,124,13,577,1,2,Powell
-1.0,False,124,13,577,1,2,Powell
-1.2,False,124,13,577,1,2,Powell
-1.4,False,124,13,577,1,2,Powell
-1.6,False,124,13,577,1,2,Powell
-1.8,False,124,13,577,1,2,Powell
-2.0,False,124,13,577,1,2,Powell
-2.2,False,124,13,577,1,2,Powell
-2.4,False,124,13,577,1,2,Powell
-2.6,False,124,13,577,1,2,Powell
-2.8,False,124,13,577,1,2,Powell
-3.0,False,124,13,577,1,2,Powell
-3.2,False,124,13,577,1,2,Powell
-3.4,False,124,13,577,1,2,Powell
-3.6,False,124,13,577,1,2,Powell
-3.8,False,124,13,577,1,2,Powell
-4.0,False,124,13,577,1,2,Powell
-4.2,False,124,13,577,1,2,Powell
-4.4,False,124,13,577,1,2,Powell
-4.6,False,124,13,577,1,2,Powell
-4.8,False,124,13,577,1,2,Powell
-5.0,False,124,13,577,1,2,Powell
-5.2,False,124,13,577,1,2,Powell
-5.4,False,124,13,577,1,2,Powell
-5.6,False,124,13,577,1,2,Powell
-5.8,False,124,13,577,1,2,Powell
-6.0,False,124,13,577,1,2,Powell
-6.2,False,124,13,577,1,2,Powell
-6.4,False,124,13,577,1,2,Powell
-6.6,False,124,13,577,1,2,Powell
-6.8,False,124,13,577,1,2,Powell
-7.0,False,124,13,577,1,2,Powell
-7.2,False,124,13,577,1,2,Powell
-7.4,False,124,13,577,1,2,Powell
-7.6,False,124,13,577,1,2,Powell
-7.8,False,124,13,577,1,2,Powell
-8.0,False,124,13,577,1,2,Powell
2.0,True,4,13,578,1,2,Powell
1.8,True,8,13,578,1,2,Powell
1.6,True,8,13,578,1,2,Powell
1.4,True,8,13,578,1,2,Powell
1.2,True,11,13,578,1,2,Powell
1.0,True,19,13,578,1,2,Powell
0.8,False,80,13,578,1,2,Powell
0.6,False,80,13,578,1,2,Powell
0.4,False,80,13,578,1,2,Powell
0.2,False,80,13,578,1,2,Powell
0.0,False,80,13,578,1,2,Powell
-0.2,False,80,13,578,1,2,Powell
-0.4,False,80,13,578,1,2,Powell
-0.6,False,80,13,578,1,2,Powell
-0.8,False,80,13,578,1,2,Powell
-1.0,False,80,13,578,1,2,Powell
-1.2,False,80,13,578,1,2,Powell
-1.4,False,80,13,578,1,2,Powell
-1.6,False,80,13,578,1,2,Powell
-1.8,False,80,13,578,1,2,Powell
-2.0,False,80,13,578,1,2,Powell
-2.2,False,80,13,578,1,2,Powell
-2.4,False,80,13,578,1,2,Powell
-2.6,False,80,13,578,1,2,Powell
-2.8,False,80,13,578,1,2,Powell
-3.0,False,80,13,578,1,2,Powell
-3.2,False,80,13,578,1,2,Powell
-3.4,False,80,13,578,1,2,Powell
-3.6,False,80,13,578,1,2,Powell
-3.8,False,80,13,578,1,2,Powell
-4.0,False,80,13,578,1,2,Powell
-4.2,False,80,13,578,1,2,Powell
-4.4,False,80,13,578,1,2,Powell
-4.6,False,80,13,578,1,2,Powell
-4.8,False,80,13,578,1,2,Powell
-5.0,False,80,13,578,1,2,Powell
-5.2,False,80,13,578,1,2,Powell
-5.4,False,80,13,578,1,2,Powell
-5.6,False,80,13,578,1,2,Powell
-5.8,False,80,13,578,1,2,Powell
-6.0,False,80,13,578,1,2,Powell
-6.2,False,80,13,578,1,2,Powell
-6.4,False,80,13,578,1,2,Powell
-6.6,False,80,13,578,1,2,Powell
-6.8,False,80,13,578,1,2,Powell
-7.0,False,80,13,578,1,2,Powell
-7.2,False,80,13,578,1,2,Powell
-7.4,False,80,13,578,1,2,Powell
-7.6,False,80,13,578,1,2,Powell
-7.8,False,80,13,578,1,2,Powell
-8.0,False,80,13,578,1,2,Powell
2.0,True,9,13,579,1,2,Powell
1.8,True,27,13,579,1,2,Powell
1.6,True,27,13,579,1,2,Powell
1.4,True,27,13,579,1,2,Powell
1.2,False,168,13,579,1,2,Powell
1.0,False,168,13,579,1,2,Powell
0.8,False,168,13,579,1,2,Powell
0.6,False,168,13,579,1,2,Powell
0.4,False,168,13,579,1,2,Powell
0.2,False,168,13,579,1,2,Powell
0.0,False,168,13,579,1,2,Powell
-0.2,False,168,13,579,1,2,Powell
-0.4,False,168,13,579,1,2,Powell
-0.6,False,168,13,579,1,2,Powell
-0.8,False,168,13,579,1,2,Powell
-1.0,False,168,13,579,1,2,Powell
-1.2,False,168,13,579,1,2,Powell
-1.4,False,168,13,579,1,2,Powell
-1.6,False,168,13,579,1,2,Powell
-1.8,False,168,13,579,1,2,Powell
-2.0,False,168,13,579,1,2,Powell
-2.2,False,168,13,579,1,2,Powell
-2.4,False,168,13,579,1,2,Powell
-2.6,False,168,13,579,1,2,Powell
-2.8,False,168,13,579,1,2,Powell
-3.0,False,168,13,579,1,2,Powell
-3.2,False,168,13,579,1,2,Powell
-3.4,False,168,13,579,1,2,Powell
-3.6,False,168,13,579,1,2,Powell
-3.8,False,168,13,579,1,2,Powell
-4.0,False,168,13,579,1,2,Powell
-4.2,False,168,13,579,1,2,Powell
-4.4,False,168,13,579,1,2,Powell
-4.6,False,168,13,579,1,2,Powell
-4.8,False,168,13,579,1,2,Powell
-5.0,False,168,13,579,1,2,Powell
-5.2,False,168,13,579,1,2,Powell
-5.4,False,168,13,579,1,2,Powell
-5.6,False,168,13,579,1,2,Powell
-5.8,False,168,13,579,1,2,Powell
-6.0,False,168,13,579,1,2,Powell
-6.2,False,168,13,579,1,2,Powell
-6.4,False,168,13,579,1,2,Powell
-6.6,False,168,13,579,1,2,Powell
-6.8,False,168,13,579,1,2,Powell
-7.0,False,168,13,579,1,2,Powell
-7.2,False,168,13,579,1,2,Powell
-7.4,False,168,13,579,1,2,Powell
-7.6,False,168,13,579,1,2,Powell
-7.8,False,168,13,579,1,2,Powell
-8.0,False,168,13,579,1,2,Powell
2.0,True,12,13,580,1,2,Powell
1.8,False,109,13,580,1,2,Powell
1.6,False,109,13,580,1,2,Powell
1.4,False,109,13,580,1,2,Powell
1.2,False,109,13,580,1,2,Powell
1.0,False,109,13,580,1,2,Powell
0.8,False,109,13,580,1,2,Powell
0.6,False,109,13,580,1,2,Powell
0.4,False,109,13,580,1,2,Powell
0.2,False,109,13,580,1,2,Powell
0.0,False,109,13,580,1,2,Powell
-0.2,False,109,13,580,1,2,Powell
-0.4,False,109,13,580,1,2,Powell
-0.6,False,109,13,580,1,2,Powell
-0.8,False,109,13,580,1,2,Powell
-1.0,False,109,13,580,1,2,Powell
-1.2,False,109,13,580,1,2,Powell
-1.4,False,109,13,580,1,2,Powell
-1.6,False,109,13,580,1,2,Powell
-1.8,False,109,13,580,1,2,Powell
-2.0,False,109,13,580,1,2,Powell
-2.2,False,109,13,580,1,2,Powell
-2.4,False,109,13,580,1,2,Powell
-2.6,False,109,13,580,1,2,Powell
-2.8,False,109,13,580,1,2,Powell
-3.0,False,109,13,580,1,2,Powell
-3.2,False,109,13,580,1,2,Powell
-3.4,False,109,13,580,1,2,Powell
-3.6,False,109,13,580,1,2,Powell
-3.8,False,109,13,580,1,2,Powell
-4.0,False,109,13,580,1,2,Powell
-4.2,False,109,13,580,1,2,Powell
-4.4,False,109,13,580,1,2,Powell
-4.6,False,109,13,580,1,2,Powell
-4.8,False,109,13,580,1,2,Powell
-5.0,False,109,13,580,1,2,Powell
-5.2,False,109,13,580,1,2,Powell
-5.4,False,109,13,580,1,2,Powell
-5.6,False,109,13,580,1,2,Powell
-5.8,False,109,13,580,1,2,Powell
-6.0,False,109,13,580,1,2,Powell
-6.2,False,109,13,580,1,2,Powell
-6.4,False,109,13,580,1,2,Powell
-6.6,False,109,13,580,1,2,Powell
-6.8,False,109,13,580,1,2,Powell
-7.0,False,109,13,580,1,2,Powell
-7.2,False,109,13,580,1,2,Powell
-7.4,False,109,13,580,1,2,Powell
-7.6,False,109,13,580,1,2,Powell
-7.8,False,109,13,580,1,2,Powell
-8.0,False,109,13,580,1,2,Powell
2.0,True,9,13,581,1,2,Powell
1.8,True,9,13,581,1,2,Powell
1.6,True,9,13,581,1,2,Powell
1.4,True,9,13,581,1,2,Powell
1.2,True,9,13,581,1,2,Powell
1.0,True,9,13,581,1,2,Powell
0.8,True,11,13,581,1,2,Powell
0.6,True,11,13,581,1,2,Powell
0.4,True,21,13,581,1,2,Powell
0.2,True,21,13,581,1,2,Powell
0.0,True,21,13,581,1,2,Powell
-0.2,True,21,13,581,1,2,Powell
-0.4,False,81,13,581,1,2,Powell
-0.6,False,81,13,581,1,2,Powell
-0.8,False,81,13,581,1,2,Powell
-1.0,False,81,13,581,1,2,Powell
-1.2,False,81,13,581,1,2,Powell
-1.4,False,81,13,581,1,2,Powell
-1.6,False,81,13,581,1,2,Powell
-1.8,False,81,13,581,1,2,Powell
-2.0,False,81,13,581,1,2,Powell
-2.2,False,81,13,581,1,2,Powell
-2.4,False,81,13,581,1,2,Powell
-2.6,False,81,13,581,1,2,Powell
-2.8,False,81,13,581,1,2,Powell
-3.0,False,81,13,581,1,2,Powell
-3.2,False,81,13,581,1,2,Powell
-3.4,False,81,13,581,1,2,Powell
-3.6,False,81,13,581,1,2,Powell
-3.8,False,81,13,581,1,2,Powell
-4.0,False,81,13,581,1,2,Powell
-4.2,False,81,13,581,1,2,Powell
-4.4,False,81,13,581,1,2,Powell
-4.6,False,81,13,581,1,2,Powell
-4.8,False,81,13,581,1,2,Powell
-5.0,False,81,13,581,1,2,Powell
-5.2,False,81,13,581,1,2,Powell
-5.4,False,81,13,581,1,2,Powell
-5.6,False,81,13,581,1,2,Powell
-5.8,False,81,13,581,1,2,Powell
-6.0,False,81,13,581,1,2,Powell
-6.2,False,81,13,581,1,2,Powell
-6.4,False,81,13,581,1,2,Powell
-6.6,False,81,13,581,1,2,Powell
-6.8,False,81,13,581,1,2,Powell
-7.0,False,81,13,581,1,2,Powell
-7.2,False,81,13,581,1,2,Powell
-7.4,False,81,13,581,1,2,Powell
-7.6,False,81,13,581,1,2,Powell
-7.8,False,81,13,581,1,2,Powell
-8.0,False,81,13,581,1,2,Powell
2.0,True,9,13,582,1,2,Powell
1.8,True,9,13,582,1,2,Powell
1.6,True,9,13,582,1,2,Powell
1.4,True,9,13,582,1,2,Powell
1.2,True,9,13,582,1,2,Powell
1.0,True,11,13,582,1,2,Powell
0.8,True,13,13,582,1,2,Powell
0.6,True,13,13,582,1,2,Powell
0.4,True,13,13,582,1,2,Powell
0.2,True,21,13,582,1,2,Powell
0.0,True,27,13,582,1,2,Powell
-0.2,False,78,13,582,1,2,Powell
-0.4,False,78,13,582,1,2,Powell
-0.6,False,78,13,582,1,2,Powell
-0.8,False,78,13,582,1,2,Powell
-1.0,False,78,13,582,1,2,Powell
-1.2,False,78,13,582,1,2,Powell
-1.4,False,78,13,582,1,2,Powell
-1.6,False,78,13,582,1,2,Powell
-1.8,False,78,13,582,1,2,Powell
-2.0,False,78,13,582,1,2,Powell
-2.2,False,78,13,582,1,2,Powell
-2.4,False,78,13,582,1,2,Powell
-2.6,False,78,13,582,1,2,Powell
-2.8,False,78,13,582,1,2,Powell
-3.0,False,78,13,582,1,2,Powell
-3.2,False,78,13,582,1,2,Powell
-3.4,False,78,13,582,1,2,Powell
-3.6,False,78,13,582,1,2,Powell
-3.8,False,78,13,582,1,2,Powell
-4.0,False,78,13,582,1,2,Powell
-4.2,False,78,13,582,1,2,Powell
-4.4,False,78,13,582,1,2,Powell
-4.6,False,78,13,582,1,2,Powell
-4.8,False,78,13,582,1,2,Powell
-5.0,False,78,13,582,1,2,Powell
-5.2,False,78,13,582,1,2,Powell
-5.4,False,78,13,582,1,2,Powell
-5.6,False,78,13,582,1,2,Powell
-5.8,False,78,13,582,1,2,Powell
-6.0,False,78,13,582,1,2,Powell
-6.2,False,78,13,582,1,2,Powell
-6.4,False,78,13,582,1,2,Powell
-6.6,False,78,13,582,1,2,Powell
-6.8,False,78,13,582,1,2,Powell
-7.0,False,78,13,582,1,2,Powell
-7.2,False,78,13,582,1,2,Powell
-7.4,False,78,13,582,1,2,Powell
-7.6,False,78,13,582,1,2,Powell
-7.8,False,78,13,582,1,2,Powell
-8.0,False,78,13,582,1,2,Powell
2.0,True,15,13,583,1,2,Powell
1.8,True,52,13,583,1,2,Powell
1.6,True,53,13,583,1,2,Powell
1.4,True,53,13,583,1,2,Powell
1.2,True,57,13,583,1,2,Powell
1.0,True,61,13,583,1,2,Powell
0.8,True,65,13,583,1,2,Powell
0.6,True,68,13,583,1,2,Powell
0.4,True,88,13,583,1,2,Powell
0.2,True,88,13,583,1,2,Powell
0.0,False,166,13,583,1,2,Powell
-0.2,False,166,13,583,1,2,Powell
-0.4,False,166,13,583,1,2,Powell
-0.6,False,166,13,583,1,2,Powell
-0.8,False,166,13,583,1,2,Powell
-1.0,False,166,13,583,1,2,Powell
-1.2,False,166,13,583,1,2,Powell
-1.4,False,166,13,583,1,2,Powell
-1.6,False,166,13,583,1,2,Powell
-1.8,False,166,13,583,1,2,Powell
-2.0,False,166,13,583,1,2,Powell
-2.2,False,166,13,583,1,2,Powell
-2.4,False,166,13,583,1,2,Powell
-2.6,False,166,13,583,1,2,Powell
-2.8,False,166,13,583,1,2,Powell
-3.0,False,166,13,583,1,2,Powell
-3.2,False,166,13,583,1,2,Powell
-3.4,False,166,13,583,1,2,Powell
-3.6,False,166,13,583,1,2,Powell
-3.8,False,166,13,583,1,2,Powell
-4.0,False,166,13,583,1,2,Powell
-4.2,False,166,13,583,1,2,Powell
-4.4,False,166,13,583,1,2,Powell
-4.6,False,166,13,583,1,2,Powell
-4.8,False,166,13,583,1,2,Powell
-5.0,False,166,13,583,1,2,Powell
-5.2,False,166,13,583,1,2,Powell
-5.4,False,166,13,583,1,2,Powell
-5.6,False,166,13,583,1,2,Powell
-5.8,False,166,13,583,1,2,Powell
-6.0,False,166,13,583,1,2,Powell
-6.2,False,166,13,583,1,2,Powell
-6.4,False,166,13,583,1,2,Powell
-6.6,False,166,13,583,1,2,Powell
-6.8,False,166,13,583,1,2,Powell
-7.0,False,166,13,583,1,2,Powell
-7.2,False,166,13,583,1,2,Powell
-7.4,False,166,13,583,1,2,Powell
-7.6,False,166,13,583,1,2,Powell
-7.8,False,166,13,583,1,2,Powell
-8.0,False,166,13,583,1,2,Powell
2.0,False,92,13,584,1,2,Powell
1.8,False,92,13,584,1,2,Powell
1.6,False,92,13,584,1,2,Powell
1.4,False,92,13,584,1,2,Powell
1.2,False,92,13,584,1,2,Powell
1.0,False,92,13,584,1,2,Powell
0.8,False,92,13,584,1,2,Powell
0.6,False,92,13,584,1,2,Powell
0.4,False,92,13,584,1,2,Powell
0.2,False,92,13,584,1,2,Powell
0.0,False,92,13,584,1,2,Powell
-0.2,False,92,13,584,1,2,Powell
-0.4,False,92,13,584,1,2,Powell
-0.6,False,92,13,584,1,2,Powell
-0.8,False,92,13,584,1,2,Powell
-1.0,False,92,13,584,1,2,Powell
-1.2,False,92,13,584,1,2,Powell
-1.4,False,92,13,584,1,2,Powell
-1.6,False,92,13,584,1,2,Powell
-1.8,False,92,13,584,1,2,Powell
-2.0,False,92,13,584,1,2,Powell
-2.2,False,92,13,584,1,2,Powell
-2.4,False,92,13,584,1,2,Powell
-2.6,False,92,13,584,1,2,Powell
-2.8,False,92,13,584,1,2,Powell
-3.0,False,92,13,584,1,2,Powell
-3.2,False,92,13,584,1,2,Powell
-3.4,False,92,13,584,1,2,Powell
-3.6,False,92,13,584,1,2,Powell
-3.8,False,92,13,584,1,2,Powell
-4.0,False,92,13,584,1,2,Powell
-4.2,False,92,13,584,1,2,Powell
-4.4,False,92,13,584,1,2,Powell
-4.6,False,92,13,584,1,2,Powell
-4.8,False,92,13,584,1,2,Powell
-5.0,False,92,13,584,1,2,Powell
-5.2,False,92,13,584,1,2,Powell
-5.4,False,92,13,584,1,2,Powell
-5.6,False,92,13,584,1,2,Powell
-5.8,False,92,13,584,1,2,Powell
-6.0,False,92,13,584,1,2,Powell
-6.2,False,92,13,584,1,2,Powell
-6.4,False,92,13,584,1,2,Powell
-6.6,False,92,13,584,1,2,Powell
-6.8,False,92,13,584,1,2,Powell
-7.0,False,92,13,584,1,2,Powell
-7.2,False,92,13,584,1,2,Powell
-7.4,False,92,13,584,1,2,Powell
-7.6,False,92,13,584,1,2,Powell
-7.8,False,92,13,584,1,2,Powell
-8.0,False,92,13,584,1,2,Powell
2.0,True,3,13,585,1,2,Powell
1.8,True,3,13,585,1,2,Powell
1.6,False,120,13,585,1,2,Powell
1.4,False,120,13,585,1,2,Powell
1.2,False,120,13,585,1,2,Powell
1.0,False,120,13,585,1,2,Powell
0.8,False,120,13,585,1,2,Powell
0.6,False,120,13,585,1,2,Powell
0.4,False,120,13,585,1,2,Powell
0.2,False,120,13,585,1,2,Powell
0.0,False,120,13,585,1,2,Powell
-0.2,False,120,13,585,1,2,Powell
-0.4,False,120,13,585,1,2,Powell
-0.6,False,120,13,585,1,2,Powell
-0.8,False,120,13,585,1,2,Powell
-1.0,False,120,13,585,1,2,Powell
-1.2,False,120,13,585,1,2,Powell
-1.4,False,120,13,585,1,2,Powell
-1.6,False,120,13,585,1,2,Powell
-1.8,False,120,13,585,1,2,Powell
-2.0,False,120,13,585,1,2,Powell
-2.2,False,120,13,585,1,2,Powell
-2.4,False,120,13,585,1,2,Powell
-2.6,False,120,13,585,1,2,Powell
-2.8,False,120,13,585,1,2,Powell
-3.0,False,120,13,585,1,2,Powell
-3.2,False,120,13,585,1,2,Powell
-3.4,False,120,13,585,1,2,Powell
-3.6,False,120,13,585,1,2,Powell
-3.8,False,120,13,585,1,2,Powell
-4.0,False,120,13,585,1,2,Powell
-4.2,False,120,13,585,1,2,Powell
-4.4,False,120,13,585,1,2,Powell
-4.6,False,120,13,585,1,2,Powell
-4.8,False,120,13,585,1,2,Powell
-5.0,False,120,13,585,1,2,Powell
-5.2,False,120,13,585,1,2,Powell
-5.4,False,120,13,585,1,2,Powell
-5.6,False,120,13,585,1,2,Powell
-5.8,False,120,13,585,1,2,Powell
-6.0,False,120,13,585,1,2,Powell
-6.2,False,120,13,585,1,2,Powell
-6.4,False,120,13,585,1,2,Powell
-6.6,False,120,13,585,1,2,Powell
-6.8,False,120,13,585,1,2,Powell
-7.0,False,120,13,585,1,2,Powell
-7.2,False,120,13,585,1,2,Powell
-7.4,False,120,13,585,1,2,Powell
-7.6,False,120,13,585,1,2,Powell
-7.8,False,120,13,585,1,2,Powell
-8.0,False,120,13,585,1,2,Powell
2.0,True,5,13,586,1,2,Powell
1.8,True,5,13,586,1,2,Powell
1.6,True,5,13,586,1,2,Powell
1.4,True,7,13,586,1,2,Powell
1.2,True,8,13,586,1,2,Powell
1.0,True,8,13,586,1,2,Powell
0.8,True,9,13,586,1,2,Powell
0.6,True,10,13,586,1,2,Powell
0.4,True,19,13,586,1,2,Powell
0.2,True,19,13,586,1,2,Powell
0.0,False,76,13,586,1,2,Powell
-0.2,False,76,13,586,1,2,Powell
-0.4,False,76,13,586,1,2,Powell
-0.6,False,76,13,586,1,2,Powell
-0.8,False,76,13,586,1,2,Powell
-1.0,False,76,13,586,1,2,Powell
-1.2,False,76,13,586,1,2,Powell
-1.4,False,76,13,586,1,2,Powell
-1.6,False,76,13,586,1,2,Powell
-1.8,False,76,13,586,1,2,Powell
-2.0,False,76,13,586,1,2,Powell
-2.2,False,76,13,586,1,2,Powell
-2.4,False,76,13,586,1,2,Powell
-2.6,False,76,13,586,1,2,Powell
-2.8,False,76,13,586,1,2,Powell
-3.0,False,76,13,586,1,2,Powell
-3.2,False,76,13,586,1,2,Powell
-3.4,False,76,13,586,1,2,Powell
-3.6,False,76,13,586,1,2,Powell
-3.8,False,76,13,586,1,2,Powell
-4.0,False,76,13,586,1,2,Powell
-4.2,False,76,13,586,1,2,Powell
-4.4,False,76,13,586,1,2,Powell
-4.6,False,76,13,586,1,2,Powell
-4.8,False,76,13,586,1,2,Powell
-5.0,False,76,13,586,1,2,Powell
-5.2,False,76,13,586,1,2,Powell
-5.4,False,76,13,586,1,2,Powell
-5.6,False,76,13,586,1,2,Powell
-5.8,False,76,13,586,1,2,Powell
-6.0,False,76,13,586,1,2,Powell
-6.2,False,76,13,586,1,2,Powell
-6.4,False,76,13,586,1,2,Powell
-6.6,False,76,13,586,1,2,Powell
-6.8,False,76,13,586,1,2,Powell
-7.0,False,76,13,586,1,2,Powell
-7.2,False,76,13,586,1,2,Powell
-7.4,False,76,13,586,1,2,Powell
-7.6,False,76,13,586,1,2,Powell
-7.8,False,76,13,586,1,2,Powell
-8.0,False,76,13,586,1,2,Powell
2.0,True,15,13,587,1,2,Powell
1.8,True,27,13,587,1,2,Powell
1.6,True,27,13,587,1,2,Powell
1.4,True,27,13,587,1,2,Powell
1.2,True,29,13,587,1,2,Powell
1.0,False,144,13,587,1,2,Powell
0.8,False,144,13,587,1,2,Powell
0.6,False,144,13,587,1,2,Powell
0.4,False,144,13,587,1,2,Powell
0.2,False,144,13,587,1,2,Powell
0.0,False,144,13,587,1,2,Powell
-0.2,False,144,13,587,1,2,Powell
-0.4,False,144,13,587,1,2,Powell
-0.6,False,144,13,587,1,2,Powell
-0.8,False,144,13,587,1,2,Powell
-1.0,False,144,13,587,1,2,Powell
-1.2,False,144,13,587,1,2,Powell
-1.4,False,144,13,587,1,2,Powell
-1.6,False,144,13,587,1,2,Powell
-1.8,False,144,13,587,1,2,Powell
-2.0,False,144,13,587,1,2,Powell
-2.2,False,144,13,587,1,2,Powell
-2.4,False,144,13,587,1,2,Powell
-2.6,False,144,13,587,1,2,Powell
-2.8,False,144,13,587,1,2,Powell
-3.0,False,144,13,587,1,2,Powell
-3.2,False,144,13,587,1,2,Powell
-3.4,False,144,13,587,1,2,Powell
-3.6,False,144,13,587,1,2,Powell
-3.8,False,144,13,587,1,2,Powell
-4.0,False,144,13,587,1,2,Powell
-4.2,False,144,13,587,1,2,Powell
-4.4,False,144,13,587,1,2,Powell
-4.6,False,144,13,587,1,2,Powell
-4.8,False,144,13,587,1,2,Powell
-5.0,False,144,13,587,1,2,Powell
-5.2,False,144,13,587,1,2,Powell
-5.4,False,144,13,587,1,2,Powell
-5.6,False,144,13,587,1,2,Powell
-5.8,False,144,13,587,1,2,Powell
-6.0,False,144,13,587,1,2,Powell
-6.2,False,144,13,587,1,2,Powell
-6.4,False,144,13,587,1,2,Powell
-6.6,False,144,13,587,1,2,Powell
-6.8,False,144,13,587,1,2,Powell
-7.0,False,144,13,587,1,2,Powell
-7.2,False,144,13,587,1,2,Powell
-7.4,False,144,13,587,1,2,Powell
-7.6,False,144,13,587,1,2,Powell
-7.8,False,144,13,587,1,2,Powell
-8.0,False,144,13,587,1,2,Powell
2.0,True,5,13,588,1,2,Powell
1.8,True,5,13,588,1,2,Powell
1.6,True,5,13,588,1,2,Powell
1.4,True,8,13,588,1,2,Powell
1.2,True,8,13,588,1,2,Powell
1.0,True,8,13,588,1,2,Powell
0.8,True,8,13,588,1,2,Powell
0.6,True,21,13,588,1,2,Powell
0.4,False,80,13,588,1,2,Powell
0.2,False,80,13,588,1,2,Powell
0.0,False,80,13,588,1,2,Powell
-0.2,False,80,13,588,1,2,Powell
-0.4,False,80,13,588,1,2,Powell
-0.6,False,80,13,588,1,2,Powell
-0.8,False,80,13,588,1,2,Powell
-1.0,False,80,13,588,1,2,Powell
-1.2,False,80,13,588,1,2,Powell
-1.4,False,80,13,588,1,2,Powell
-1.6,False,80,13,588,1,2,Powell
-1.8,False,80,13,588,1,2,Powell
-2.0,False,80,13,588,1,2,Powell
-2.2,False,80,13,588,1,2,Powell
-2.4,False,80,13,588,1,2,Powell
-2.6,False,80,13,588,1,2,Powell
-2.8,False,80,13,588,1,2,Powell
-3.0,False,80,13,588,1,2,Powell
-3.2,False,80,13,588,1,2,Powell
-3.4,False,80,13,588,1,2,Powell
-3.6,False,80,13,588,1,2,Powell
-3.8,False,80,13,588,1,2,Powell
-4.0,False,80,13,588,1,2,Powell
-4.2,False,80,13,588,1,2,Powell
-4.4,False,80,13,588,1,2,Powell
-4.6,False,80,13,588,1,2,Powell
-4.8,False,80,13,588,1,2,Powell
-5.0,False,80,13,588,1,2,Powell
-5.2,False,80,13,588,1,2,Powell
-5.4,False,80,13,588,1,2,Powell
-5.6,False,80,13,588,1,2,Powell
-5.8,False,80,13,588,1,2,Powell
-6.0,False,80,13,588,1,2,Powell
-6.2,False,80,13,588,1,2,Powell
-6.4,False,80,13,588,1,2,Powell
-6.6,False,80,13,588,1,2,Powell
-6.8,False,80,13,588,1,2,Powell
-7.0,False,80,13,588,1,2,Powell
-7.2,False,80,13,588,1,2,Powell
-7.4,False,80,13,588,1,2,Powell
-7.6,False,80,13,588,1,2,Powell
-7.8,False,80,13,588,1,2,Powell
-8.0,False,80,13,588,1,2,Powell
2.0,True,4,13,589,1,2,Powell
1.8,True,4,13,589,1,2,Powell
1.6,True,4,13,589,1,2,Powell
1.4,True,12,13,589,1,2,Powell
1.2,True,25,13,589,1,2,Powell
1.0,False,104,13,589,1,2,Powell
0.8,False,104,13,589,1,2,Powell
0.6,False,104,13,589,1,2,Powell
0.4,False,104,13,589,1,2,Powell
0.2,False,104,13,589,1,2,Powell
0.0,False,104,13,589,1,2,Powell
-0.2,False,104,13,589,1,2,Powell
-0.4,False,104,13,589,1,2,Powell
-0.6,False,104,13,589,1,2,Powell
-0.8,False,104,13,589,1,2,Powell
-1.0,False,104,13,589,1,2,Powell
-1.2,False,104,13,589,1,2,Powell
-1.4,False,104,13,589,1,2,Powell
-1.6,False,104,13,589,1,2,Powell
-1.8,False,104,13,589,1,2,Powell
-2.0,False,104,13,589,1,2,Powell
-2.2,False,104,13,589,1,2,Powell
-2.4,False,104,13,589,1,2,Powell
-2.6,False,104,13,589,1,2,Powell
-2.8,False,104,13,589,1,2,Powell
-3.0,False,104,13,589,1,2,Powell
-3.2,False,104,13,589,1,2,Powell
-3.4,False,104,13,589,1,2,Powell
-3.6,False,104,13,589,1,2,Powell
-3.8,False,104,13,589,1,2,Powell
-4.0,False,104,13,589,1,2,Powell
-4.2,False,104,13,589,1,2,Powell
-4.4,False,104,13,589,1,2,Powell
-4.6,False,104,13,589,1,2,Powell
-4.8,False,104,13,589,1,2,Powell
-5.0,False,104,13,589,1,2,Powell
-5.2,False,104,13,589,1,2,Powell
-5.4,False,104,13,589,1,2,Powell
-5.6,False,104,13,589,1,2,Powell
-5.8,False,104,13,589,1,2,Powell
-6.0,False,104,13,589,1,2,Powell
-6.2,False,104,13,589,1,2,Powell
-6.4,False,104,13,589,1,2,Powell
-6.6,False,104,13,589,1,2,Powell
-6.8,False,104,13,589,1,2,Powell
-7.0,False,104,13,589,1,2,Powell
-7.2,False,104,13,589,1,2,Powell
-7.4,False,104,13,589,1,2,Powell
-7.6,False,104,13,589,1,2,Powell
-7.8,False,104,13,589,1,2,Powell
-8.0,False,104,13,589,1,2,Powell
2.0,True,6,13,590,1,2,Powell
1.8,True,6,13,590,1,2,Powell
1.6,True,8,13,590,1,2,Powell
1.4,True,10,13,590,1,2,Powell
1.2,False,86,13,590,1,2,Powell
1.0,False,86,13,590,1,2,Powell
0.8,False,86,13,590,1,2,Powell
0.6,False,86,13,590,1,2,Powell
0.4,False,86,13,590,1,2,Powell
0.2,False,86,13,590,1,2,Powell
0.0,False,86,13,590,1,2,Powell
-0.2,False,86,13,590,1,2,Powell
-0.4,False,86,13,590,1,2,Powell
-0.6,False,86,13,590,1,2,Powell
-0.8,False,86,13,590,1,2,Powell
-1.0,False,86,13,590,1,2,Powell
-1.2,False,86,13,590,1,2,Powell
-1.4,False,86,13,590,1,2,Powell
-1.6,False,86,13,590,1,2,Powell
-1.8,False,86,13,590,1,2,Powell
-2.0,False,86,13,590,1,2,Powell
-2.2,False,86,13,590,1,2,Powell
-2.4,False,86,13,590,1,2,Powell
-2.6,False,86,13,590,1,2,Powell
-2.8,False,86,13,590,1,2,Powell
-3.0,False,86,13,590,1,2,Powell
-3.2,False,86,13,590,1,2,Powell
-3.4,False,86,13,590,1,2,Powell
-3.6,False,86,13,590,1,2,Powell
-3.8,False,86,13,590,1,2,Powell
-4.0,False,86,13,590,1,2,Powell
-4.2,False,86,13,590,1,2,Powell
-4.4,False,86,13,590,1,2,Powell
-4.6,False,86,13,590,1,2,Powell
-4.8,False,86,13,590,1,2,Powell
-5.0,False,86,13,590,1,2,Powell
-5.2,False,86,13,590,1,2,Powell
-5.4,False,86,13,590,1,2,Powell
-5.6,False,86,13,590,1,2,Powell
-5.8,False,86,13,590,1,2,Powell
-6.0,False,86,13,590,1,2,Powell
-6.2,False,86,13,590,1,2,Powell
-6.4,False,86,13,590,1,2,Powell
-6.6,False,86,13,590,1,2,Powell
-6.8,False,86,13,590,1,2,Powell
-7.0,False,86,13,590,1,2,Powell
-7.2,False,86,13,590,1,2,Powell
-7.4,False,86,13,590,1,2,Powell
-7.6,False,86,13,590,1,2,Powell
-7.8,False,86,13,590,1,2,Powell
-8.0,False,86,13,590,1,2,Powell
2.0,True,8,13,591,1,2,Powell
1.8,True,10,13,591,1,2,Powell
1.6,True,10,13,591,1,2,Powell
1.4,False,86,13,591,1,2,Powell
1.2,False,86,13,591,1,2,Powell
1.0,False,86,13,591,1,2,Powell
0.8,False,86,13,591,1,2,Powell
0.6,False,86,13,591,1,2,Powell
0.4,False,86,13,591,1,2,Powell
0.2,False,86,13,591,1,2,Powell
0.0,False,86,13,591,1,2,Powell
-0.2,False,86,13,591,1,2,Powell
-0.4,False,86,13,591,1,2,Powell
-0.6,False,86,13,591,1,2,Powell
-0.8,False,86,13,591,1,2,Powell
-1.0,False,86,13,591,1,2,Powell
-1.2,False,86,13,591,1,2,Powell
-1.4,False,86,13,591,1,2,Powell
-1.6,False,86,13,591,1,2,Powell
-1.8,False,86,13,591,1,2,Powell
-2.0,False,86,13,591,1,2,Powell
-2.2,False,86,13,591,1,2,Powell
-2.4,False,86,13,591,1,2,Powell
-2.6,False,86,13,591,1,2,Powell
-2.8,False,86,13,591,1,2,Powell
-3.0,False,86,13,591,1,2,Powell
-3.2,False,86,13,591,1,2,Powell
-3.4,False,86,13,591,1,2,Powell
-3.6,False,86,13,591,1,2,Powell
-3.8,False,86,13,591,1,2,Powell
-4.0,False,86,13,591,1,2,Powell
-4.2,False,86,13,591,1,2,Powell
-4.4,False,86,13,591,1,2,Powell
-4.6,False,86,13,591,1,2,Powell
-4.8,False,86,13,591,1,2,Powell
-5.0,False,86,13,591,1,2,Powell
-5.2,False,86,13,591,1,2,Powell
-5.4,False,86,13,591,1,2,Powell
-5.6,False,86,13,591,1,2,Powell
-5.8,False,86,13,591,1,2,Powell
-6.0,False,86,13,591,1,2,Powell
-6.2,False,86,13,591,1,2,Powell
-6.4,False,86,13,591,1,2,Powell
-6.6,False,86,13,591,1,2,Powell
-6.8,False,86,13,591,1,2,Powell
-7.0,False,86,13,591,1,2,Powell
-7.2,False,86,13,591,1,2,Powell
-7.4,False,86,13,591,1,2,Powell
-7.6,False,86,13,591,1,2,Powell
-7.8,False,86,13,591,1,2,Powell
-8.0,False,86,13,591,1,2,Powell
2.0,False,209,13,592,1,2,Powell
1.8,False,209,13,592,1,2,Powell
1.6,False,209,13,592,1,2,Powell
1.4,False,209,13,592,1,2,Powell
1.2,False,209,13,592,1,2,Powell
1.0,False,209,13,592,1,2,Powell
0.8,False,209,13,592,1,2,Powell
0.6,False,209,13,592,1,2,Powell
0.4,False,209,13,592,1,2,Powell
0.2,False,209,13,592,1,2,Powell
0.0,False,209,13,592,1,2,Powell
-0.2,False,209,13,592,1,2,Powell
-0.4,False,209,13,592,1,2,Powell
-0.6,False,209,13,592,1,2,Powell
-0.8,False,209,13,592,1,2,Powell
-1.0,False,209,13,592,1,2,Powell
-1.2,False,209,13,592,1,2,Powell
-1.4,False,209,13,592,1,2,Powell
-1.6,False,209,13,592,1,2,Powell
-1.8,False,209,13,592,1,2,Powell
-2.0,False,209,13,592,1,2,Powell
-2.2,False,209,13,592,1,2,Powell
-2.4,False,209,13,592,1,2,Powell
-2.6,False,209,13,592,1,2,Powell
-2.8,False,209,13,592,1,2,Powell
-3.0,False,209,13,592,1,2,Powell
-3.2,False,209,13,592,1,2,Powell
-3.4,False,209,13,592,1,2,Powell
-3.6,False,209,13,592,1,2,Powell
-3.8,False,209,13,592,1,2,Powell
-4.0,False,209,13,592,1,2,Powell
-4.2,False,209,13,592,1,2,Powell
-4.4,False,209,13,592,1,2,Powell
-4.6,False,209,13,592,1,2,Powell
-4.8,False,209,13,592,1,2,Powell
-5.0,False,209,13,592,1,2,Powell
-5.2,False,209,13,592,1,2,Powell
-5.4,False,209,13,592,1,2,Powell
-5.6,False,209,13,592,1,2,Powell
-5.8,False,209,13,592,1,2,Powell
-6.0,False,209,13,592,1,2,Powell
-6.2,False,209,13,592,1,2,Powell
-6.4,False,209,13,592,1,2,Powell
-6.6,False,209,13,592,1,2,Powell
-6.8,False,209,13,592,1,2,Powell
-7.0,False,209,13,592,1,2,Powell
-7.2,False,209,13,592,1,2,Powell
-7.4,False,209,13,592,1,2,Powell
-7.6,False,209,13,592,1,2,Powell
-7.8,False,209,13,592,1,2,Powell
-8.0,False,209,13,592,1,2,Powell
2.0,False,101,13,593,1,2,Powell
1.8,False,101,13,593,1,2,Powell
1.6,False,101,13,593,1,2,Powell
1.4,False,101,13,593,1,2,Powell
1.2,False,101,13,593,1,2,Powell
1.0,False,101,13,593,1,2,Powell
0.8,False,101,13,593,1,2,Powell
0.6,False,101,13,593,1,2,Powell
0.4,False,101,13,593,1,2,Powell
0.2,False,101,13,593,1,2,Powell
0.0,False,101,13,593,1,2,Powell
-0.2,False,101,13,593,1,2,Powell
-0.4,False,101,13,593,1,2,Powell
-0.6,False,101,13,593,1,2,Powell
-0.8,False,101,13,593,1,2,Powell
-1.0,False,101,13,593,1,2,Powell
-1.2,False,101,13,593,1,2,Powell
-1.4,False,101,13,593,1,2,Powell
-1.6,False,101,13,593,1,2,Powell
-1.8,False,101,13,593,1,2,Powell
-2.0,False,101,13,593,1,2,Powell
-2.2,False,101,13,593,1,2,Powell
-2.4,False,101,13,593,1,2,Powell
-2.6,False,101,13,593,1,2,Powell
-2.8,False,101,13,593,1,2,Powell
-3.0,False,101,13,593,1,2,Powell
-3.2,False,101,13,593,1,2,Powell
-3.4,False,101,13,593,1,2,Powell
-3.6,False,101,13,593,1,2,Powell
-3.8,False,101,13,593,1,2,Powell
-4.0,False,101,13,593,1,2,Powell
-4.2,False,101,13,593,1,2,Powell
-4.4,False,101,13,593,1,2,Powell
-4.6,False,101,13,593,1,2,Powell
-4.8,False,101,13,593,1,2,Powell
-5.0,False,101,13,593,1,2,Powell
-5.2,False,101,13,593,1,2,Powell
-5.4,False,101,13,593,1,2,Powell
-5.6,False,101,13,593,1,2,Powell
-5.8,False,101,13,593,1,2,Powell
-6.0,False,101,13,593,1,2,Powell
-6.2,False,101,13,593,1,2,Powell
-6.4,False,101,13,593,1,2,Powell
-6.6,False,101,13,593,1,2,Powell
-6.8,False,101,13,593,1,2,Powell
-7.0,False,101,13,593,1,2,Powell
-7.2,False,101,13,593,1,2,Powell
-7.4,False,101,13,593,1,2,Powell
-7.6,False,101,13,593,1,2,Powell
-7.8,False,101,13,593,1,2,Powell
-8.0,False,101,13,593,1,2,Powell
2.0,True,12,13,594,1,2,Powell
1.8,False,175,13,594,1,2,Powell
1.6,False,175,13,594,1,2,Powell
1.4,False,175,13,594,1,2,Powell
1.2,False,175,13,594,1,2,Powell
1.0,False,175,13,594,1,2,Powell
0.8,False,175,13,594,1,2,Powell
0.6,False,175,13,594,1,2,Powell
0.4,False,175,13,594,1,2,Powell
0.2,False,175,13,594,1,2,Powell
0.0,False,175,13,594,1,2,Powell
-0.2,False,175,13,594,1,2,Powell
-0.4,False,175,13,594,1,2,Powell
-0.6,False,175,13,594,1,2,Powell
-0.8,False,175,13,594,1,2,Powell
-1.0,False,175,13,594,1,2,Powell
-1.2,False,175,13,594,1,2,Powell
-1.4,False,175,13,594,1,2,Powell
-1.6,False,175,13,594,1,2,Powell
-1.8,False,175,13,594,1,2,Powell
-2.0,False,175,13,594,1,2,Powell
-2.2,False,175,13,594,1,2,Powell
-2.4,False,175,13,594,1,2,Powell
-2.6,False,175,13,594,1,2,Powell
-2.8,False,175,13,594,1,2,Powell
-3.0,False,175,13,594,1,2,Powell
-3.2,False,175,13,594,1,2,Powell
-3.4,False,175,13,594,1,2,Powell
-3.6,False,175,13,594,1,2,Powell
-3.8,False,175,13,594,1,2,Powell
-4.0,False,175,13,594,1,2,Powell
-4.2,False,175,13,594,1,2,Powell
-4.4,False,175,13,594,1,2,Powell
-4.6,False,175,13,594,1,2,Powell
-4.8,False,175,13,594,1,2,Powell
-5.0,False,175,13,594,1,2,Powell
-5.2,False,175,13,594,1,2,Powell
-5.4,False,175,13,594,1,2,Powell
-5.6,False,175,13,594,1,2,Powell
-5.8,False,175,13,594,1,2,Powell
-6.0,False,175,13,594,1,2,Powell
-6.2,False,175,13,594,1,2,Powell
-6.4,False,175,13,594,1,2,Powell
-6.6,False,175,13,594,1,2,Powell
-6.8,False,175,13,594,1,2,Powell
-7.0,False,175,13,594,1,2,Powell
-7.2,False,175,13,594,1,2,Powell
-7.4,False,175,13,594,1,2,Powell
-7.6,False,175,13,594,1,2,Powell
-7.8,False,175,13,594,1,2,Powell
-8.0,False,175,13,594,1,2,Powell
2.0,True,4,13,595,1,2,Powell
1.8,True,8,13,595,1,2,Powell
1.6,False,87,13,595,1,2,Powell
1.4,False,87,13,595,1,2,Powell
1.2,False,87,13,595,1,2,Powell
1.0,False,87,13,595,1,2,Powell
0.8,False,87,13,595,1,2,Powell
0.6,False,87,13,595,1,2,Powell
0.4,False,87,13,595,1,2,Powell
0.2,False,87,13,595,1,2,Powell
0.0,False,87,13,595,1,2,Powell
-0.2,False,87,13,595,1,2,Powell
-0.4,False,87,13,595,1,2,Powell
-0.6,False,87,13,595,1,2,Powell
-0.8,False,87,13,595,1,2,Powell
-1.0,False,87,13,595,1,2,Powell
-1.2,False,87,13,595,1,2,Powell
-1.4,False,87,13,595,1,2,Powell
-1.6,False,87,13,595,1,2,Powell
-1.8,False,87,13,595,1,2,Powell
-2.0,False,87,13,595,1,2,Powell
-2.2,False,87,13,595,1,2,Powell
-2.4,False,87,13,595,1,2,Powell
-2.6,False,87,13,595,1,2,Powell
-2.8,False,87,13,595,1,2,Powell
-3.0,False,87,13,595,1,2,Powell
-3.2,False,87,13,595,1,2,Powell
-3.4,False,87,13,595,1,2,Powell
-3.6,False,87,13,595,1,2,Powell
-3.8,False,87,13,595,1,2,Powell
-4.0,False,87,13,595,1,2,Powell
-4.2,False,87,13,595,1,2,Powell
-4.4,False,87,13,595,1,2,Powell
-4.6,False,87,13,595,1,2,Powell
-4.8,False,87,13,595,1,2,Powell
-5.0,False,87,13,595,1,2,Powell
-5.2,False,87,13,595,1,2,Powell
-5.4,False,87,13,595,1,2,Powell
-5.6,False,87,13,595,1,2,Powell
-5.8,False,87,13,595,1,2,Powell
-6.0,False,87,13,595,1,2,Powell
-6.2,False,87,13,595,1,2,Powell
-6.4,False,87,13,595,1,2,Powell
-6.6,False,87,13,595,1,2,Powell
-6.8,False,87,13,595,1,2,Powell
-7.0,False,87,13,595,1,2,Powell
-7.2,False,87,13,595,1,2,Powell
-7.4,False,87,13,595,1,2,Powell
-7.6,False,87,13,595,1,2,Powell
-7.8,False,87,13,595,1,2,Powell
-8.0,False,87,13,595,1,2,Powell
2.0,True,13,13,596,1,2,Powell
1.8,True,19,13,596,1,2,Powell
1.6,True,19,13,596,1,2,Powell
1.4,True,21,13,596,1,2,Powell
1.2,False,165,13,596,1,2,Powell
1.0,False,165,13,596,1,2,Powell
0.8,False,165,13,596,1,2,Powell
0.6,False,165,13,596,1,2,Powell
0.4,False,165,13,596,1,2,Powell
0.2,False,165,13,596,1,2,Powell
0.0,False,165,13,596,1,2,Powell
-0.2,False,165,13,596,1,2,Powell
-0.4,False,165,13,596,1,2,Powell
-0.6,False,165,13,596,1,2,Powell
-0.8,False,165,13,596,1,2,Powell
-1.0,False,165,13,596,1,2,Powell
-1.2,False,165,13,596,1,2,Powell
-1.4,False,165,13,596,1,2,Powell
-1.6,False,165,13,596,1,2,Powell
-1.8,False,165,13,596,1,2,Powell
-2.0,False,165,13,596,1,2,Powell
-2.2,False,165,13,596,1,2,Powell
-2.4,False,165,13,596,1,2,Powell
-2.6,False,165,13,596,1,2,Powell
-2.8,False,165,13,596,1,2,Powell
-3.0,False,165,13,596,1,2,Powell
-3.2,False,165,13,596,1,2,Powell
-3.4,False,165,13,596,1,2,Powell
-3.6,False,165,13,596,1,2,Powell
-3.8,False,165,13,596,1,2,Powell
-4.0,False,165,13,596,1,2,Powell
-4.2,False,165,13,596,1,2,Powell
-4.4,False,165,13,596,1,2,Powell
-4.6,False,165,13,596,1,2,Powell
-4.8,False,165,13,596,1,2,Powell
-5.0,False,165,13,596,1,2,Powell
-5.2,False,165,13,596,1,2,Powell
-5.4,False,165,13,596,1,2,Powell
-5.6,False,165,13,596,1,2,Powell
-5.8,False,165,13,596,1,2,Powell
-6.0,False,165,13,596,1,2,Powell
-6.2,False,165,13,596,1,2,Powell
-6.4,False,165,13,596,1,2,Powell
-6.6,False,165,13,596,1,2,Powell
-6.8,False,165,13,596,1,2,Powell
-7.0,False,165,13,596,1,2,Powell
-7.2,False,165,13,596,1,2,Powell
-7.4,False,165,13,596,1,2,Powell
-7.6,False,165,13,596,1,2,Powell
-7.8,False,165,13,596,1,2,Powell
-8.0,False,165,13,596,1,2,Powell
2.0,True,4,13,597,1,2,Powell
1.8,True,4,13,597,1,2,Powell
1.6,True,4,13,597,1,2,Powell
1.4,False,94,13,597,1,2,Powell
1.2,False,94,13,597,1,2,Powell
1.0,False,94,13,597,1,2,Powell
0.8,False,94,13,597,1,2,Powell
0.6,False,94,13,597,1,2,Powell
0.4,False,94,13,597,1,2,Powell
0.2,False,94,13,597,1,2,Powell
0.0,False,94,13,597,1,2,Powell
-0.2,False,94,13,597,1,2,Powell
-0.4,False,94,13,597,1,2,Powell
-0.6,False,94,13,597,1,2,Powell
-0.8,False,94,13,597,1,2,Powell
-1.0,False,94,13,597,1,2,Powell
-1.2,False,94,13,597,1,2,Powell
-1.4,False,94,13,597,1,2,Powell
-1.6,False,94,13,597,1,2,Powell
-1.8,False,94,13,597,1,2,Powell
-2.0,False,94,13,597,1,2,Powell
-2.2,False,94,13,597,1,2,Powell
-2.4,False,94,13,597,1,2,Powell
-2.6,False,94,13,597,1,2,Powell
-2.8,False,94,13,597,1,2,Powell
-3.0,False,94,13,597,1,2,Powell
-3.2,False,94,13,597,1,2,Powell
-3.4,False,94,13,597,1,2,Powell
-3.6,False,94,13,597,1,2,Powell
-3.8,False,94,13,597,1,2,Powell
-4.0,False,94,13,597,1,2,Powell
-4.2,False,94,13,597,1,2,Powell
-4.4,False,94,13,597,1,2,Powell
-4.6,False,94,13,597,1,2,Powell
-4.8,False,94,13,597,1,2,Powell
-5.0,False,94,13,597,1,2,Powell
-5.2,False,94,13,597,1,2,Powell
-5.4,False,94,13,597,1,2,Powell
-5.6,False,94,13,597,1,2,Powell
-5.8,False,94,13,597,1,2,Powell
-6.0,False,94,13,597,1,2,Powell
-6.2,False,94,13,597,1,2,Powell
-6.4,False,94,13,597,1,2,Powell
-6.6,False,94,13,597,1,2,Powell
-6.8,False,94,13,597,1,2,Powell
-7.0,False,94,13,597,1,2,Powell
-7.2,False,94,13,597,1,2,Powell
-7.4,False,94,13,597,1,2,Powell
-7.6,False,94,13,597,1,2,Powell
-7.8,False,94,13,597,1,2,Powell
-8.0,False,94,13,597,1,2,Powell
2.0,True,10,13,598,1,2,Powell
1.8,True,10,13,598,1,2,Powell
1.6,True,10,13,598,1,2,Powell
1.4,True,32,13,598,1,2,Powell
1.2,True,32,13,598,1,2,Powell
1.0,False,160,13,598,1,2,Powell
0.8,False,160,13,598,1,2,Powell
0.6,False,160,13,598,1,2,Powell
0.4,False,160,13,598,1,2,Powell
0.2,False,160,13,598,1,2,Powell
0.0,False,160,13,598,1,2,Powell
-0.2,False,160,13,598,1,2,Powell
-0.4,False,160,13,598,1,2,Powell
-0.6,False,160,13,598,1,2,Powell
-0.8,False,160,13,598,1,2,Powell
-1.0,False,160,13,598,1,2,Powell
-1.2,False,160,13,598,1,2,Powell
-1.4,False,160,13,598,1,2,Powell
-1.6,False,160,13,598,1,2,Powell
-1.8,False,160,13,598,1,2,Powell
-2.0,False,160,13,598,1,2,Powell
-2.2,False,160,13,598,1,2,Powell
-2.4,False,160,13,598,1,2,Powell
-2.6,False,160,13,598,1,2,Powell
-2.8,False,160,13,598,1,2,Powell
-3.0,False,160,13,598,1,2,Powell
-3.2,False,160,13,598,1,2,Powell
-3.4,False,160,13,598,1,2,Powell
-3.6,False,160,13,598,1,2,Powell
-3.8,False,160,13,598,1,2,Powell
-4.0,False,160,13,598,1,2,Powell
-4.2,False,160,13,598,1,2,Powell
-4.4,False,160,13,598,1,2,Powell
-4.6,False,160,13,598,1,2,Powell
-4.8,False,160,13,598,1,2,Powell
-5.0,False,160,13,598,1,2,Powell
-5.2,False,160,13,598,1,2,Powell
-5.4,False,160,13,598,1,2,Powell
-5.6,False,160,13,598,1,2,Powell
-5.8,False,160,13,598,1,2,Powell
-6.0,False,160,13,598,1,2,Powell
-6.2,False,160,13,598,1,2,Powell
-6.4,False,160,13,598,1,2,Powell
-6.6,False,160,13,598,1,2,Powell
-6.8,False,160,13,598,1,2,Powell
-7.0,False,160,13,598,1,2,Powell
-7.2,False,160,13,598,1,2,Powell
-7.4,False,160,13,598,1,2,Powell
-7.6,False,160,13,598,1,2,Powell
-7.8,False,160,13,598,1,2,Powell
-8.0,False,160,13,598,1,2,Powell
2.0,True,8,13,599,1,2,Powell
1.8,False,91,13,599,1,2,Powell
1.6,False,91,13,599,1,2,Powell
1.4,False,91,13,599,1,2,Powell
1.2,False,91,13,599,1,2,Powell
1.0,False,91,13,599,1,2,Powell
0.8,False,91,13,599,1,2,Powell
0.6,False,91,13,599,1,2,Powell
0.4,False,91,13,599,1,2,Powell
0.2,False,91,13,599,1,2,Powell
0.0,False,91,13,599,1,2,Powell
-0.2,False,91,13,599,1,2,Powell
-0.4,False,91,13,599,1,2,Powell
-0.6,False,91,13,599,1,2,Powell
-0.8,False,91,13,599,1,2,Powell
-1.0,False,91,13,599,1,2,Powell
-1.2,False,91,13,599,1,2,Powell
-1.4,False,91,13,599,1,2,Powell
-1.6,False,91,13,599,1,2,Powell
-1.8,False,91,13,599,1,2,Powell
-2.0,False,91,13,599,1,2,Powell
-2.2,False,91,13,599,1,2,Powell
-2.4,False,91,13,599,1,2,Powell
-2.6,False,91,13,599,1,2,Powell
-2.8,False,91,13,599,1,2,Powell
-3.0,False,91,13,599,1,2,Powell
-3.2,False,91,13,599,1,2,Powell
-3.4,False,91,13,599,1,2,Powell
-3.6,False,91,13,599,1,2,Powell
-3.8,False,91,13,599,1,2,Powell
-4.0,False,91,13,599,1,2,Powell
-4.2,False,91,13,599,1,2,Powell
-4.4,False,91,13,599,1,2,Powell
-4.6,False,91,13,599,1,2,Powell
-4.8,False,91,13,599,1,2,Powell
-5.0,False,91,13,599,1,2,Powell
-5.2,False,91,13,599,1,2,Powell
-5.4,False,91,13,599,1,2,Powell
-5.6,False,91,13,599,1,2,Powell
-5.8,False,91,13,599,1,2,Powell
-6.0,False,91,13,599,1,2,Powell
-6.2,False,91,13,599,1,2,Powell
-6.4,False,91,13,599,1,2,Powell
-6.6,False,91,13,599,1,2,Powell
-6.8,False,91,13,599,1,2,Powell
-7.0,False,91,13,599,1,2,Powell
-7.2,False,91,13,599,1,2,Powell
-7.4,False,91,13,599,1,2,Powell
-7.6,False,91,13,599,1,2,Powell
-7.8,False,91,13,599,1,2,Powell
-8.0,False,91,13,599,1,2,Powell
2.0,True,10,13,600,1,2,Powell
1.8,True,10,13,600,1,2,Powell
1.6,True,10,13,600,1,2,Powell
1.4,True,11,13,600,1,2,Powell
1.2,True,11,13,600,1,2,Powell
1.0,False,108,13,600,1,2,Powell
0.8,False,108,13,600,1,2,Powell
0.6,False,108,13,600,1,2,Powell
0.4,False,108,13,600,1,2,Powell
0.2,False,108,13,600,1,2,Powell
0.0,False,108,13,600,1,2,Powell
-0.2,False,108,13,600,1,2,Powell
-0.4,False,108,13,600,1,2,Powell
-0.6,False,108,13,600,1,2,Powell
-0.8,False,108,13,600,1,2,Powell
-1.0,False,108,13,600,1,2,Powell
-1.2,False,108,13,600,1,2,Powell
-1.4,False,108,13,600,1,2,Powell
-1.6,False,108,13,600,1,2,Powell
-1.8,False,108,13,600,1,2,Powell
-2.0,False,108,13,600,1,2,Powell
-2.2,False,108,13,600,1,2,Powell
-2.4,False,108,13,600,1,2,Powell
-2.6,False,108,13,600,1,2,Powell
-2.8,False,108,13,600,1,2,Powell
-3.0,False,108,13,600,1,2,Powell
-3.2,False,108,13,600,1,2,Powell
-3.4,False,108,13,600,1,2,Powell
-3.6,False,108,13,600,1,2,Powell
-3.8,False,108,13,600,1,2,Powell
-4.0,False,108,13,600,1,2,Powell
-4.2,False,108,13,600,1,2,Powell
-4.4,False,108,13,600,1,2,Powell
-4.6,False,108,13,600,1,2,Powell
-4.8,False,108,13,600,1,2,Powell
-5.0,False,108,13,600,1,2,Powell
-5.2,False,108,13,600,1,2,Powell
-5.4,False,108,13,600,1,2,Powell
-5.6,False,108,13,600,1,2,Powell
-5.8,False,108,13,600,1,2,Powell
-6.0,False,108,13,600,1,2,Powell
-6.2,False,108,13,600,1,2,Powell
-6.4,False,108,13,600,1,2,Powell
-6.6,False,108,13,600,1,2,Powell
-6.8,False,108,13,600,1,2,Powell
-7.0,False,108,13,600,1,2,Powell
-7.2,False,108,13,600,1,2,Powell
-7.4,False,108,13,600,1,2,Powell
-7.6,False,108,13,600,1,2,Powell
-7.8,False,108,13,600,1,2,Powell
-8.0,False,108,13,600,1,2,Powell
